0.1,1.9
0.118995,1.89891
0.137978,1.89763
0.156947,1.89616
0.1759,1.8945
0.194836,1.89266
0.213753,1.89063
0.232648,1.88841
0.25152,1.88602
0.270368,1.88344
0.289188,1.88068
0.307981,1.87773
0.326742,1.87461
0.345472,1.87132
0.364168,1.86784
0.382829,1.86419
0.401452,1.86037
0.420035,1.85638
0.438579,1.85222
0.457079,1.84789
0.475536,1.84339
0.493946,1.83873
0.51231,1.83391
0.530624,1.82893
0.548888,1.82379
0.567099,1.81849
0.585257,1.81305
0.60336,1.80745
0.621406,1.8017
0.639393,1.7958
0.657321,1.78976
0.675188,1.78358
0.692992,1.77726
0.710733,1.77081
0.728408,1.76422
0.746017,1.7575
0.763558,1.75064
0.781029,1.74367
0.798431,1.73657
0.81576,1.72934
0.833017,1.722
0.8502,1.71454
0.867308,1.70697
0.884339,1.69929
0.901293,1.69151
0.918169,1.68361
0.934965,1.67562
0.951681,1.66752
0.968315,1.65933
0.984867,1.65104
1.00134,1.64267
1.01772,1.6342
1.03402,1.62565
1.05023,1.61701
1.06636,1.6083
1.0824,1.59951
1.09835,1.59064
1.11421,1.5817
1.12998,1.57269
1.14566,1.56361
1.16125,1.55447
1.17675,1.54527
1.19216,1.536
1.20747,1.52668
1.22269,1.51731
1.23782,1.50788
1.25285,1.49841
1.26779,1.48889
1.28263,1.47932
1.29737,1.46971
1.31202,1.46006
1.32658,1.45038
1.34103,1.44066
1.35539,1.43091
1.36965,1.42112
1.38381,1.41131
1.39787,1.40147
1.41184,1.39161
1.42571,1.38172
1.43947,1.37182
1.45314,1.3619
1.46671,1.35196
1.48018,1.34201
1.49355,1.33204
1.50682,1.32207
1.51999,1.31208
1.53306,1.30209
1.54604,1.2921
1.55891,1.2821
1.57168,1.2721
1.58435,1.2621
1.59692,1.2521
1.60939,1.24211
1.62176,1.23212
1.63403,1.22213
1.6462,1.21216
1.65828,1.20219
1.67025,1.19223
1.68212,1.18229
1.69389,1.17236
1.70557,1.16244
1.71714,1.15254
1.72862,1.14266
1.74,1.13279
1.75127,1.12294
1.76245,1.11311
1.77354,1.10331
1.78452,1.09352
1.79541,1.08376
1.8062,1.07403
1.81689,1.06432
1.82748,1.05463
1.83798,1.04497
1.84838,1.03534
1.85869,1.02574
1.8689,1.01616
1.87901,1.00662
1.88903,0.997106
1.89895,0.987624
1.90878,0.978173
1.91852,0.968756
1.92816,0.959371
1.9377,0.950019
1.94716,0.940702
1.95652,0.931419
1.96579,0.922171
1.97496,0.912959
1.98405,0.903783
1.99304,0.894643
2.00194,0.88554
2.01075,0.876473
2.01947,0.867444
2.0281,0.858453
2.03664,0.849499
2.04509,0.840584
2.05345,0.831707
2.06172,0.822868
2.06991,0.814069
2.078,0.805308
2.08601,0.796587
2.09394,0.787905
2.10177,0.779262
2.10952,0.770658
2.11718,0.762094
2.12476,0.75357
2.13226,0.745085
2.13966,0.73664
2.14699,0.728235
2.15423,0.719869
2.16139,0.711543
2.16846,0.703257
2.17545,0.69501
2.18236,0.686803
2.18919,0.678635
2.19593,0.670507
2.2026,0.662417
2.20918,0.654367
2.21569,0.646356
2.22211,0.638384
2.22845,0.63045
2.23472,0.622555
2.24091,0.614699
2.24701,0.60688
2.25304,0.599099
2.259,0.591357
2.26487,0.583651
2.27067,0.575984
2.27639,0.568353
2.28204,0.560759
2.28761,0.553202
2.2931,0.545681
2.29852,0.538196
2.30386,0.530747
2.30913,0.523333
2.31433,0.515955
2.31945,0.508611
2.3245,0.501302
2.32948,0.494028
2.33438,0.486787
2.33922,0.47958
2.34398,0.472407
2.34866,0.465266
2.35328,0.458158
2.35783,0.451083
2.3623,0.444039
2.36671,0.437027
2.37104,0.430046
2.37531,0.423096
2.3795,0.416177
2.38363,0.409288
2.38769,0.402428
2.39168,0.395598
2.3956,0.388796
2.39946,0.382023
2.40324,0.375279
2.40696,0.368562
2.41061,0.361872
2.4142,0.35521
2.41772,0.348573
2.42117,0.341964
2.42456,0.335379
2.42788,0.32882
2.43113,0.322286
2.43433,0.315776
2.43745,0.309291
2.44051,0.302829
2.44351,0.29639
2.44644,0.289973
2.44931,0.283579
2.45211,0.277207
2.45485,0.270856
2.45753,0.264526
2.46014,0.258217
2.46269,0.251928
2.46518,0.245658
2.46761,0.239408
2.46997,0.233176
2.47227,0.226962
2.47451,0.220766
2.47668,0.214588
2.4788,0.208426
2.48085,0.202281
2.48285,0.196152
2.48478,0.190039
2.48665,0.18394
2.48845,0.177856
2.4902,0.171786
2.49189,0.16573
2.49352,0.159687
2.49508,0.153657
2.49659,0.147639
2.49804,0.141632
2.49942,0.135637
2.50075,0.129653
2.50202,0.12368
2.50322,0.117716
2.50437,0.111762
2.50546,0.105817
2.50649,0.0998798
2.50746,0.0939511
2.50837,0.08803
2.50922,0.0821159
2.51001,0.0762085
2.51074,0.0703072
2.51141,0.0644116
2.51203,0.0585212
2.51259,0.0526355
2.51308,0.0467541
2.51352,0.0408765
2.5139,0.0350022
2.51422,0.0291307
2.51448,0.0232615
2.51469,0.0173943
2.51483,0.0115284
2.51492,0.00566353
2.51494,-0.000200915
2.51491,-0.00606538
2.51482,-0.0119303
2.51467,-0.0177963
2.51447,-0.0236636
2.5142,-0.0295329
2.51388,-0.0354046
2.51349,-0.0412791
2.51305,-0.047157
2.51255,-0.0530387
2.51199,-0.0589246
2.51137,-0.0648154
2.51069,-0.0707114
2.50996,-0.0766131
2.50916,-0.0825209
2.50831,-0.0884355
2.50739,-0.0943571
2.50642,-0.100286
2.50539,-0.106224
2.50429,-0.11217
2.50314,-0.118124
2.50193,-0.124089
2.50066,-0.130063
2.49933,-0.136048
2.49794,-0.142044
2.49649,-0.148051
2.49498,-0.154069
2.49341,-0.160101
2.49178,-0.166144
2.49009,-0.172202
2.48833,-0.178272
2.48652,-0.184357
2.48465,-0.190457
2.48271,-0.196572
2.48071,-0.202702
2.47866,-0.208848
2.47654,-0.215011
2.47436,-0.22119
2.47211,-0.227387
2.46981,-0.233602
2.46744,-0.239835
2.46501,-0.246087
2.46252,-0.252358
2.45996,-0.258649
2.45735,-0.26496
2.45467,-0.271291
2.45192,-0.277643
2.44911,-0.284017
2.44624,-0.290412
2.4433,-0.29683
2.4403,-0.303271
2.43724,-0.309734
2.43411,-0.316222
2.43091,-0.322733
2.42765,-0.329269
2.42433,-0.33583
2.42094,-0.342416
2.41748,-0.349027
2.41396,-0.355665
2.41037,-0.36233
2.40671,-0.369021
2.40299,-0.37574
2.3992,-0.382487
2.39534,-0.389261
2.39141,-0.396065
2.38741,-0.402897
2.38335,-0.409759
2.37922,-0.41665
2.37502,-0.423572
2.37075,-0.430524
2.36641,-0.437507
2.362,-0.444521
2.35752,-0.451567
2.35297,-0.458644
2.34834,-0.465755
2.34365,-0.472897
2.33889,-0.480073
2.33405,-0.487282
2.32914,-0.494525
2.32416,-0.501802
2.3191,-0.509113
2.31398,-0.516459
2.30878,-0.52384
2.3035,-0.531256
2.29815,-0.538707
2.29273,-0.546195
2.28723,-0.553718
2.28165,-0.561278
2.276,-0.568874
2.27027,-0.576508
2.26447,-0.584178
2.25859,-0.591886
2.25263,-0.599631
2.2466,-0.607414
2.24048,-0.615236
2.23429,-0.623095
2.22802,-0.630993
2.22167,-0.638929
2.21524,-0.646904
2.20873,-0.654918
2.20214,-0.66297
2.19547,-0.671062
2.18872,-0.679194
2.18189,-0.687364
2.17498,-0.695574
2.16798,-0.703824
2.1609,-0.712113
2.15374,-0.720441
2.14649,-0.72881
2.13916,-0.737218
2.13175,-0.745665
2.12425,-0.754153
2.11666,-0.76268
2.10899,-0.771246
2.10124,-0.779853
2.0934,-0.788498
2.08547,-0.797183
2.07745,-0.805907
2.06935,-0.814671
2.06116,-0.823473
2.05288,-0.832314
2.04451,-0.841193
2.03606,-0.850111
2.02751,-0.859068
2.01887,-0.868062
2.01015,-0.877093
2.00133,-0.886162
1.99242,-0.895268
1.98343,-0.90441
1.97434,-0.913589
1.96515,-0.922804
1.95588,-0.932054
1.94651,-0.941339
1.93705,-0.950659
1.9275,-0.960013
1.91785,-0.9694
1.90811,-0.97882
1.89828,-0.988273
1.88835,-0.997757
1.87832,-1.00727
1.8682,-1.01682
1.85798,-1.02639
1.84767,-1.036
1.83726,-1.04563
1.82676,-1.05529
1.81616,-1.06498
1.80546,-1.07469
1.79466,-1.08443
1.78377,-1.09419
1.77278,-1.10398
1.76169,-1.11379
1.75051,-1.12362
1.73922,-1.13347
1.72784,-1.14333
1.71635,-1.15322
1.70477,-1.16312
1.69309,-1.17304
1.68131,-1.18297
1.66943,-1.19292
1.65745,-1.20287
1.64537,-1.21284
1.6332,-1.22282
1.62092,-1.2328
1.60854,-1.24279
1.59606,-1.25279
1.58348,-1.26279
1.57081,-1.27278
1.55803,-1.28278
1.54515,-1.29278
1.53217,-1.30278
1.51909,-1.31277
1.50592,-1.32275
1.49264,-1.33272
1.47926,-1.34269
1.46579,-1.35264
1.45221,-1.36258
1.43853,-1.3725
1.42476,-1.3824
1.41089,-1.39229
1.39691,-1.40215
1.38284,-1.41198
1.36867,-1.42179
1.35441,-1.43158
1.34004,-1.44133
1.32558,-1.45104
1.31102,-1.46073
1.29637,-1.47037
1.28161,-1.47998
1.26677,-1.48954
1.25182,-1.49906
1.23679,-1.50853
1.22165,-1.51795
1.20643,-1.52732
1.19111,-1.53664
1.17569,-1.5459
1.16019,-1.5551
1.14459,-1.56424
1.12891,-1.57331
1.11313,-1.58231
1.09726,-1.59125
1.0813,-1.60011
1.06526,-1.6089
1.04912,-1.61761
1.03291,-1.62624
1.0166,-1.63478
1.00021,-1.64324
0.983736,-1.65161
0.967178,-1.65989
0.950538,-1.66808
0.933817,-1.67617
0.917015,-1.68416
0.900134,-1.69204
0.883175,-1.69982
0.866138,-1.7075
0.849025,-1.71506
0.831837,-1.72251
0.814575,-1.72984
0.797241,-1.73706
0.779834,-1.74415
0.762358,-1.75112
0.744813,-1.75796
0.727199,-1.76467
0.709519,-1.77126
0.691775,-1.7777
0.673966,-1.78401
0.656095,-1.79018
0.638163,-1.79621
0.620171,-1.8021
0.602121,-1.80783
0.584015,-1.81342
0.565853,-1.81886
0.547638,-1.82415
0.529371,-1.82927
0.511053,-1.83424
0.492687,-1.83906
0.474273,-1.8437
0.455813,-1.84819
0.437309,-1.85251
0.418763,-1.85666
0.400177,-1.86064
0.381551,-1.86445
0.362888,-1.86809
0.34419,-1.87155
0.325458,-1.87483
0.306694,-1.87794
0.2879,-1.88087
0.269077,-1.88362
0.250228,-1.88619
0.231354,-1.88857
0.212457,-1.89077
0.193539,-1.89279
0.174602,-1.89462
0.155647,-1.89626
0.136677,-1.89772
0.117694,-1.89899
0.0986982,-1.90007
0.0796929,-1.90096
0.0606797,-1.90166
0.0416604,-1.90217
0.0226369,-1.90249
0.00361113,-1.90262
-0.015415,-1.90257
-0.0344395,-1.90232
-0.0534607,-1.90188
-0.0724764,-1.90125
-0.091485,-1.90043
-0.110484,-1.89942
-0.129473,-1.89822
-0.148448,-1.89684
-0.167409,-1.89527
-0.186353,-1.89351
-0.205278,-1.89156
-0.224183,-1.88943
-0.243066,-1.88711
-0.261925,-1.88462
-0.280758,-1.88194
-0.299563,-1.87908
-0.318339,-1.87603
-0.337083,-1.87282
-0.355795,-1.86942
-0.374471,-1.86585
-0.393111,-1.86211
-0.411713,-1.85819
-0.430274,-1.8541
-0.448794,-1.84985
-0.467271,-1.84543
-0.485702,-1.84084
-0.504087,-1.83609
-0.522423,-1.83118
-0.54071,-1.82611
-0.558945,-1.82089
-0.577127,-1.81551
-0.595255,-1.80997
-0.613326,-1.80429
-0.63134,-1.79846
-0.649295,-1.79249
-0.667189,-1.78637
-0.685022,-1.78011
-0.702791,-1.77372
-0.720496,-1.76719
-0.738135,-1.76052
-0.755706,-1.75373
-0.773209,-1.74681
-0.790642,-1.73976
-0.808004,-1.73259
-0.825293,-1.72531
-0.842509,-1.7179
-0.859651,-1.71038
-0.876717,-1.70275
-0.893705,-1.69501
-0.910616,-1.68716
-0.927448,-1.67921
-0.9442,-1.67116
-0.960871,-1.66301
-0.97746,-1.65477
-0.993966,-1.64643
-1.01039,-1.63801
-1.02673,-1.62949
-1.04298,-1.62089
-1.05914,-1.61221
-1.07522,-1.60346
-1.09121,-1.59462
-1.10711,-1.58571
-1.12293,-1.57673
-1.13865,-1.56769
-1.15428,-1.55857
-1.16982,-1.5494
-1.18527,-1.54016
-1.20062,-1.53087
-1.21588,-1.52152
-1.23105,-1.51211
-1.24613,-1.50266
-1.26111,-1.49316
-1.27599,-1.48361
-1.29078,-1.47402
-1.30547,-1.46439
-1.32007,-1.45472
-1.33456,-1.44502
-1.34897,-1.43528
-1.36327,-1.42551
-1.37748,-1.41571
-1.39158,-1.40588
-1.40559,-1.39603
-1.4195,-1.38616
-1.43332,-1.37626
-1.44703,-1.36635
-1.46064,-1.35641
-1.47416,-1.34647
-1.48757,-1.33651
-1.50089,-1.32654
-1.5141,-1.31656
-1.52722,-1.30657
-1.54024,-1.29658
-1.55315,-1.28658
-1.56597,-1.27658
-1.57868,-1.26658
-1.5913,-1.25658
-1.60381,-1.24659
-1.61623,-1.23659
-1.62855,-1.22661
-1.64076,-1.21663
-1.65288,-1.20666
-1.6649,-1.19669
-1.67681,-1.18675
-1.68863,-1.17681
-1.70035,-1.16688
-1.71197,-1.15698
-1.72349,-1.14708
-1.73491,-1.13721
-1.74623,-1.12735
-1.75746,-1.11752
-1.76858,-1.1077
-1.77961,-1.09791
-1.79054,-1.08814
-1.80137,-1.07839
-1.81211,-1.06866
-1.82275,-1.05897
-1.83329,-1.0493
-1.84373,-1.03965
-1.85408,-1.03004
-1.86433,-1.02045
-1.87449,-1.01089
-1.88455,-1.00137
-1.89452,-0.991869
-1.90439,-0.982404
-1.91417,-0.972972
-1.92385,-0.963572
-1.93344,-0.954205
-1.94293,-0.944873
-1.95234,-0.935575
-1.96165,-0.926311
-1.97086,-0.917083
-1.97999,-0.90789
-1.98902,-0.898734
-1.99796,-0.889614
-2.00681,-0.880531
-2.01557,-0.871485
-2.02424,-0.862477
-2.03282,-0.853507
-2.04131,-0.844574
-2.04971,-0.83568
-2.05803,-0.826824
-2.06625,-0.818007
-2.07439,-0.809229
-2.08243,-0.80049
-2.0904,-0.79179
-2.09827,-0.78313
-2.10606,-0.774509
-2.11376,-0.765927
-2.12138,-0.757385
-2.12891,-0.748883
-2.13636,-0.74042
-2.14372,-0.731997
-2.151,-0.723613
-2.15819,-0.71527
-2.1653,-0.706965
-2.17233,-0.698701
-2.17928,-0.690476
-2.18614,-0.68229
-2.19292,-0.674144
-2.19962,-0.666037
-2.20624,-0.65797
-2.21278,-0.649941
-2.21924,-0.641952
-2.22562,-0.634001
-2.23192,-0.626088
-2.23814,-0.618214
-2.24429,-0.610379
-2.25035,-0.602581
-2.25634,-0.594822
-2.26225,-0.5871
-2.26808,-0.579415
-2.27384,-0.571768
-2.27951,-0.564157
-2.28512,-0.556584
-2.29065,-0.549046
-2.2961,-0.541545
-2.30148,-0.53408
-2.30678,-0.526651
-2.31201,-0.519257
-2.31717,-0.511898
-2.32225,-0.504573
-2.32726,-0.497283
-2.33219,-0.490028
-2.33706,-0.482806
-2.34185,-0.475617
-2.34657,-0.468462
-2.35122,-0.46134
-2.3558,-0.45425
-2.36031,-0.447192
-2.36474,-0.440165
-2.36911,-0.433171
-2.37341,-0.426207
-2.37763,-0.419274
-2.38179,-0.412371
-2.38588,-0.405498
-2.3899,-0.398655
-2.39385,-0.39184
-2.39774,-0.385055
-2.40155,-0.378298
-2.4053,-0.371568
-2.40899,-0.364866
-2.4126,-0.358192
-2.41615,-0.351544
-2.41963,-0.344922
-2.42305,-0.338327
-2.4264,-0.331756
-2.42968,-0.325211
-2.4329,-0.31869
-2.43606,-0.312194
-2.43915,-0.305721
-2.44217,-0.299272
-2.44513,-0.292846
-2.44803,-0.286442
-2.45086,-0.28006
-2.45363,-0.2737
-2.45634,-0.26736
-2.45898,-0.261042
-2.46156,-0.254744
-2.46407,-0.248465
-2.46653,-0.242206
-2.46892,-0.235966
-2.47125,-0.229744
-2.47351,-0.223541
-2.47572,-0.217354
-2.47786,-0.211185
-2.47994,-0.205033
-2.48196,-0.198897
-2.48392,-0.192776
-2.48582,-0.186671
-2.48765,-0.18058
-2.48943,-0.174504
-2.49114,-0.168442
-2.4928,-0.162393
-2.49439,-0.156357
-2.49592,-0.150334
-2.4974,-0.144322
-2.49881,-0.138322
-2.50016,-0.132334
-2.50146,-0.126355
-2.50269,-0.120387
-2.50386,-0.114429
-2.50498,-0.10848
-2.50603,-0.102539
-2.50703,-0.0966069
-2.50797,-0.0906824
-2.50884,-0.0847652
-2.50966,-0.0788549
-2.51042,-0.0729509
-2.51112,-0.0670528
-2.51176,-0.0611601
-2.51234,-0.0552724
-2.51287,-0.0493891
-2.51333,-0.0435099
-2.51374,-0.0376341
-2.51408,-0.0317614
-2.51437,-0.0258913
-2.5146,-0.0200232
-2.51477,-0.0141568
-2.51489,-0.00829156
-2.51494,-0.00242697
-2.51493,0.00343743
-2.51487,0.00930211
-2.51475,0.0151675
-2.51457,0.0210342
-2.51433,0.0269026
-2.51403,0.0327731
-2.51367,0.0386463
-2.51326,0.0445226
-2.51278,0.0504025
-2.51225,0.0562865
-2.51166,0.0621751
-2.511,0.0680687
-2.51029,0.0739677
-2.50952,0.0798728
-2.5087,0.0857843
-2.50781,0.0917027
-2.50686,0.0976284
-2.50586,0.103562
-2.50479,0.109504
-2.50367,0.115455
-2.50248,0.121415
-2.50124,0.127385
-2.49993,0.133365
-2.49857,0.139355
-2.49715,0.145357
-2.49566,0.151371
-2.49412,0.157396
-2.49252,0.163435
-2.49085,0.169486
-2.48913,0.17555
-2.48734,0.181629
-2.48549,0.187722
-2.48359,0.19383
-2.48162,0.199953
-2.47959,0.206092
-2.47749,0.212247
-2.47534,0.218419
-2.47313,0.224608
-2.47085,0.230815
-2.46851,0.23704
-2.46611,0.243283
-2.46364,0.249546
-2.46112,0.255827
-2.45853,0.262129
-2.45587,0.268451
-2.45316,0.274794
-2.45038,0.281158
-2.44754,0.287544
-2.44463,0.293951
-2.44166,0.300382
-2.43862,0.306835
-2.43552,0.313312
-2.43235,0.319812
-2.42912,0.326337
-2.42583,0.332887
-2.42246,0.339461
-2.41904,0.346061
-2.41554,0.352687
-2.41198,0.35934
-2.40836,0.366019
-2.40466,0.372726
-2.4009,0.37946
-2.39707,0.386222
-2.39318,0.393012
-2.38921,0.399832
-2.38518,0.40668
-2.38108,0.413558
-2.37691,0.420466
-2.37267,0.427405
-2.36836,0.434374
-2.36398,0.441374
-2.35953,0.448405
-2.35501,0.455469
-2.35042,0.462564
-2.34576,0.469693
-2.34103,0.476854
-2.33623,0.484048
-2.33135,0.491275
-2.3264,0.498537
-2.32138,0.505833
-2.31628,0.513163
-2.31112,0.520528
-2.30587,0.527928
-2.30056,0.535364
-2.29517,0.542835
-2.2897,0.550342
-2.28416,0.557886
-2.27854,0.565466
-2.27285,0.573083
-2.26708,0.580736
-2.26123,0.588427
-2.25531,0.596156
-2.24931,0.603922
-2.24323,0.611726
-2.23708,0.619568
-2.23084,0.627449
-2.22453,0.635368
-2.21813,0.643325
-2.21166,0.651322
-2.20511,0.659357
-2.19847,0.667432
-2.19176,0.675545
-2.18496,0.683698
-2.17808,0.69189
-2.17112,0.700122
-2.16408,0.708393
-2.15696,0.716704
-2.14975,0.725055
-2.14246,0.733445
-2.13508,0.741875
-2.12762,0.750345
-2.12007,0.758854
-2.11244,0.767403
-2.10472,0.775991
-2.09692,0.784619
-2.08903,0.793286
-2.08105,0.801993
-2.07299,0.810739
-2.06484,0.819524
-2.0566,0.828347
-2.04827,0.83721
-2.03986,0.84611
-2.03135,0.85505
-2.02275,0.864027
-2.01407,0.873041
-2.00529,0.882094
-1.99643,0.891183
-1.98747,0.900309
-1.97842,0.909472
-1.96928,0.91867
-1.96005,0.927905
-1.95072,0.937174
-1.9413,0.946478
-1.93179,0.955817
-1.92219,0.965189
-1.91249,0.974595
-1.9027,0.984033
-1.89281,0.993503
-1.88283,1.003
-1.87275,1.01254
-1.86257,1.0221
-1.85231,1.03169
-1.84194,1.04131
-1.83148,1.05096
-1.82092,1.06064
-1.81027,1.07034
-1.79951,1.08007
-1.78867,1.08982
-1.77772,1.09959
-1.76667,1.10939
-1.75553,1.11921
-1.74429,1.12905
-1.73295,1.13891
-1.72151,1.14879
-1.70997,1.15868
-1.69834,1.16859
-1.6866,1.17852
-1.67477,1.18846
-1.66283,1.19841
-1.6508,1.20837
-1.63866,1.21835
-1.62643,1.22833
-1.6141,1.23831
-1.60167,1.24831
-1.58913,1.2583
-1.5765,1.2683
-1.56377,1.2783
-1.55093,1.2883
-1.538,1.2983
-1.52497,1.30829
-1.51183,1.31828
-1.4986,1.32826
-1.48527,1.33822
-1.47184,1.34818
-1.45831,1.35813
-1.44467,1.36806
-1.43094,1.37797
-1.41712,1.38786
-1.40319,1.39773
-1.38916,1.40758
-1.37504,1.4174
-1.36081,1.4272
-1.34649,1.43696
-1.33207,1.44669
-1.31756,1.45639
-1.30295,1.46606
-1.28824,1.47568
-1.27343,1.48526
-1.25853,1.4948
-1.24354,1.50429
-1.22845,1.51374
-1.21326,1.52313
-1.19798,1.53247
-1.18261,1.54176
-1.16715,1.55098
-1.15159,1.56015
-1.13595,1.56925
-1.12021,1.57829
-1.10438,1.58725
-1.08846,1.59615
-1.07246,1.60497
-1.05636,1.61372
-1.04018,1.62238
-1.02392,1.63096
-1.00756,1.63946
-0.991128,1.64787
-0.974608,1.6562
-0.958005,1.66442
-0.94132,1.67256
-0.924554,1.68059
-0.907708,1.68852
-0.890784,1.69635
-0.873782,1.70407
-0.856703,1.71168
-0.839548,1.71918
-0.822319,1.72657
-0.805017,1.73384
-0.787643,1.74099
-0.770198,1.74801
-0.752683,1.75491
-0.7351,1.76168
-0.71745,1.76832
-0.699734,1.77483
-0.681954,1.7812
-0.664111,1.78744
-0.646206,1.79353
-0.628241,1.79948
-0.610217,1.80528
-0.592135,1.81094
-0.573998,1.81644
-0.555807,1.8218
-0.537563,1.827
-0.519268,1.83204
-0.500923,1.83692
-0.48253,1.84164
-0.46409,1.8462
-0.445606,1.85059
-0.427079,1.85482
-0.408511,1.85888
-0.389902,1.86276
-0.371256,1.86648
-0.352573,1.87002
-0.333856,1.87338
-0.315106,1.87657
-0.296325,1.87958
-0.277515,1.88241
-0.258678,1.88506
-0.239815,1.88753
-0.220928,1.88981
-0.202019,1.89191
-0.18309,1.89382
-0.164143,1.89555
-0.14518,1.89709
-0.126202,1.89844
-0.107212,1.89961
-0.0882105,1.90058
-0.0692005,1.90137
-0.0501837,1.90197
-0.0311619,1.90237
-0.0121369,1.90259
0.00688929,1.90262
0.0259148,1.90245
0.0449377,1.9021
0.0639561,1.90155
0.0829681,1.90082
0.101972,1.8999
0.120965,1.89878
0.139947,1.89748
0.158914,1.89599
0.177866,1.89432
0.1968,1.89246
0.215715,1.89041
0.234608,1.88817
0.253477,1.88576
0.272322,1.88316
0.29114,1.88038
0.309929,1.87742
0.328688,1.87428
0.347414,1.87096
0.366107,1.86747
0.384763,1.8638
0.403382,1.85997
0.421962,1.85595
0.440501,1.85177
0.458997,1.84743
0.477449,1.84291
0.495854,1.83824
0.514213,1.8334
0.532522,1.8284
0.55078,1.82325
0.568986,1.81794
0.587138,1.81247
0.605235,1.80686
0.623275,1.80109
0.641257,1.79518
0.659178,1.78913
0.677039,1.78294
0.694837,1.7766
0.71257,1.77013
0.730239,1.76353
0.74784,1.75679
0.765374,1.74993
0.782839,1.74294
0.800232,1.73582
0.817555,1.72859
0.834804,1.72123
0.851979,1.71376
0.869079,1.70618
0.886102,1.69849
0.903048,1.69069
0.919916,1.68279
0.936703,1.67478
0.953411,1.66668
0.970037,1.65847
0.98658,1.65018
1.00304,1.64179
1.01942,1.63332
1.03571,1.62476
1.05191,1.61611
1.06803,1.60739
1.08406,1.59859
1.1,1.58971
1.11585,1.58077
1.13161,1.57175
1.14729,1.56267
1.16287,1.55352
1.17836,1.54431
1.19375,1.53504
1.20906,1.52571
1.22427,1.51633
1.23938,1.5069
1.25441,1.49742
1.26933,1.4879
1.28416,1.47833
1.2989,1.46871
1.31354,1.45906
1.32808,1.44937
1.34252,1.43965
1.35687,1.42989
1.37112,1.42011
1.38527,1.41029
1.39933,1.40045
1.41328,1.39058
1.42714,1.3807
1.4409,1.37079
1.45456,1.36087
1.46811,1.35093
1.48157,1.34097
1.49493,1.33101
1.50819,1.32103
1.52135,1.31105
1.53442,1.30106
1.54738,1.29106
1.56024,1.28106
1.573,1.27106
1.58566,1.26106
1.59822,1.25106
1.61068,1.24107
1.62304,1.23108
1.6353,1.2211
1.64746,1.21112
1.65952,1.20116
1.67148,1.1912
1.68335,1.18126
1.69511,1.17133
1.70677,1.16141
1.71834,1.15151
1.7298,1.14163
1.74117,1.13177
1.75244,1.12192
1.76361,1.1121
1.77468,1.10229
1.78566,1.09251
1.79653,1.08275
1.80731,1.07302
1.81799,1.06331
1.82858,1.05363
1.83906,1.04397
1.84946,1.03434
1.85975,1.02474
1.86995,1.01517
1.88006,1.00563
1.89006,0.996121
1.89998,0.986642
1.9098,0.977195
1.91952,0.96778
1.92915,0.958399
1.93869,0.949051
1.94813,0.939737
1.95748,0.930458
1.96674,0.921214
1.97591,0.912005
1.98498,0.902833
1.99397,0.893696
2.00286,0.884597
2.01166,0.875534
2.02037,0.866509
2.02899,0.857522
2.03752,0.848572
2.04596,0.839661
2.05431,0.830788
2.06258,0.821953
2.07075,0.813158
2.07884,0.804401
2.08684,0.795684
2.09475,0.787006
2.10258,0.778367
2.11032,0.769768
2.11798,0.761208
2.12554,0.752688
2.13303,0.744207
2.14043,0.735766
2.14774,0.727365
2.15498,0.719004
2.16212,0.710682
2.16919,0.702399
2.17617,0.694157
2.18307,0.685954
2.18989,0.67779
2.19663,0.669665
2.20329,0.66158
2.20986,0.653534
2.21636,0.645527
2.22277,0.637559
2.22911,0.629629
2.23536,0.621738
2.24154,0.613885
2.24764,0.606071
2.25366,0.598294
2.25961,0.590555
2.26548,0.582854
2.27127,0.57519
2.27698,0.567563
2.28262,0.559973
2.28818,0.552419
2.29367,0.544902
2.29908,0.537421
2.30441,0.529976
2.30968,0.522566
2.31487,0.515191
2.31998,0.507851
2.32502,0.500546
2.32999,0.493275
2.33489,0.486038
2.33971,0.478834
2.34446,0.471664
2.34915,0.464527
2.35376,0.457423
2.35829,0.45035
2.36276,0.44331
2.36716,0.436301
2.37149,0.429324
2.37575,0.422377
2.37994,0.415461
2.38406,0.408574
2.38811,0.401718
2.39209,0.39489
2.39601,0.388092
2.39985,0.381322
2.40363,0.37458
2.40734,0.367866
2.41099,0.361179
2.41457,0.35452
2.41808,0.347886
2.42153,0.341279
2.42491,0.334697
2.42822,0.328141
2.43147,0.321609
2.43465,0.315102
2.43777,0.308619
2.44082,0.302159
2.44381,0.295723
2.44674,0.289309
2.4496,0.282917
2.4524,0.276547
2.45513,0.270198
2.4578,0.263871
2.46041,0.257563
2.46295,0.251276
2.46543,0.245009
2.46785,0.23876
2.47021,0.23253
2.4725,0.226318
2.47474,0.220124
2.47691,0.213948
2.47902,0.207788
2.48106,0.201644
2.48305,0.195517
2.48497,0.189405
2.48684,0.183308
2.48864,0.177225
2.49038,0.171157
2.49206,0.165102
2.49368,0.15906
2.49524,0.153031
2.49674,0.147015
2.49818,0.14101
2.49956,0.135016
2.50088,0.129033
2.50214,0.12306
2.50335,0.117098
2.50449,0.111144
2.50557,0.1052
2.50659,0.0992642
2.50755,0.0933363
2.50846,0.0874159
2.5093,0.0815025
2.51009,0.0755957
2.51081,0.0696951
2.51148,0.0638
2.51209,0.0579101
2.51264,0.0520249
2.51313,0.0461439
2.51356,0.0402667
2.51394,0.0343927
2.51425,0.0285214
2.51451,0.0226525
2.5147,0.0167854
2.51484,0.0109197
2.51492,0.00505489
2.51494,-0.000809539
2.51491,-0.00667403
2.51481,-0.0125391
2.51465,-0.0184051
2.51444,-0.0242727
2.51417,-0.0301422
2.51384,-0.0360141
2.51345,-0.041889
2.513,-0.0477672
2.51249,-0.0536493
2.51193,-0.0595358
2.5113,-0.065427
2.51062,-0.0713236
2.50988,-0.0772259
2.50907,-0.0831344
2.50821,-0.0890497
2.50729,-0.0949721
2.50631,-0.100902
2.50528,-0.10684
2.50418,-0.112787
2.50302,-0.118743
2.5018,-0.124708
2.50053,-0.130684
2.49919,-0.13667
2.49779,-0.142666
2.49634,-0.148675
2.49482,-0.154695
2.49324,-0.160727
2.4916,-0.166772
2.48991,-0.172831
2.48815,-0.178903
2.48633,-0.18499
2.48445,-0.191091
2.48251,-0.197207
2.4805,-0.203339
2.47844,-0.209487
2.47631,-0.215651
2.47413,-0.221833
2.47188,-0.228032
2.46957,-0.234248
2.46719,-0.240483
2.46476,-0.246737
2.46226,-0.25301
2.4597,-0.259303
2.45707,-0.265616
2.45438,-0.271949
2.45163,-0.278304
2.44882,-0.284679
2.44594,-0.291077
2.443,-0.297497
2.43999,-0.30394
2.43692,-0.310407
2.43378,-0.316896
2.43058,-0.32341
2.42731,-0.329949
2.42398,-0.336512
2.42058,-0.343101
2.41712,-0.349715
2.41359,-0.356356
2.40999,-0.363023
2.40633,-0.369717
2.4026,-0.376439
2.3988,-0.383188
2.39493,-0.389966
2.391,-0.396772
2.387,-0.403608
2.38293,-0.410472
2.37879,-0.417367
2.37458,-0.424292
2.3703,-0.431247
2.36595,-0.438233
2.36154,-0.445251
2.35705,-0.4523
2.35249,-0.459381
2.34786,-0.466494
2.34316,-0.473641
2.33839,-0.48082
2.33354,-0.488032
2.32863,-0.495279
2.32364,-0.502559
2.31858,-0.509874
2.31344,-0.517223
2.30823,-0.524608
2.30295,-0.532028
2.29759,-0.539483
2.29216,-0.546974
2.28665,-0.554501
2.28107,-0.562065
2.27541,-0.569665
2.26967,-0.577302
2.26386,-0.584976
2.25797,-0.592688
2.25201,-0.600437
2.24597,-0.608224
2.23984,-0.61605
2.23365,-0.623913
2.22737,-0.631814
2.22101,-0.639755
2.21457,-0.647734
2.20805,-0.655752
2.20146,-0.663808
2.19478,-0.671904
2.18802,-0.68004
2.18118,-0.688214
2.17425,-0.696428
2.16725,-0.704682
2.16016,-0.712975
2.15299,-0.721308
2.14573,-0.729681
2.13839,-0.738093
2.13097,-0.746544
2.12346,-0.755036
2.11587,-0.763567
2.10819,-0.772138
2.10043,-0.780748
2.09258,-0.789398
2.08464,-0.798087
2.07662,-0.806815
2.0685,-0.815582
2.0603,-0.824389
2.05202,-0.833234
2.04364,-0.842117
2.03517,-0.851039
2.02662,-0.859999
2.01797,-0.868997
2.00924,-0.878033
2.00041,-0.887105
1.9915,-0.896215
1.98249,-0.905361
1.97339,-0.914544
1.9642,-0.923762
1.95491,-0.933016
1.94554,-0.942305
1.93607,-0.951628
1.9265,-0.960985
1.91685,-0.970376
1.9071,-0.979799
1.89725,-0.989255
1.88731,-0.998743
1.87728,-1.00826
1.86715,-1.01781
1.85692,-1.02739
1.8466,-1.037
1.83618,-1.04663
1.82566,-1.0563
1.81505,-1.06599
1.80434,-1.0757
1.79354,-1.08544
1.78264,-1.09521
1.77163,-1.105
1.76054,-1.11481
1.74934,-1.12464
1.73804,-1.13449
1.72665,-1.14436
1.71516,-1.15425
1.70356,-1.16415
1.69187,-1.17407
1.68008,-1.184
1.66819,-1.19395
1.6562,-1.20391
1.64411,-1.21388
1.63193,-1.22385
1.61964,-1.23384
1.60725,-1.24383
1.59476,-1.25382
1.58217,-1.26382
1.56948,-1.27382
1.5567,-1.28382
1.54381,-1.29382
1.53082,-1.30381
1.51773,-1.3138
1.50454,-1.32379
1.49126,-1.33376
1.47787,-1.34372
1.46438,-1.35367
1.45079,-1.36361
1.43711,-1.37353
1.42332,-1.38343
1.40944,-1.39331
1.39546,-1.40317
1.38138,-1.413
1.3672,-1.42281
1.35292,-1.43259
1.33855,-1.44234
1.32407,-1.45205
1.30951,-1.46173
1.29484,-1.47137
1.28008,-1.48097
1.26522,-1.49053
1.25027,-1.50005
1.23522,-1.50951
1.22008,-1.51893
1.20484,-1.52829
1.18951,-1.5376
1.17409,-1.54686
1.15858,-1.55605
1.14297,-1.56518
1.12727,-1.57425
1.11148,-1.58324
1.09561,-1.59217
1.07964,-1.60103
1.06359,-1.60981
1.04745,-1.61851
1.03122,-1.62713
1.0149,-1.63567
0.998504,-1.64412
0.982021,-1.65248
0.965455,-1.66075
0.948806,-1.66892
0.932077,-1.677
0.915267,-1.68498
0.898377,-1.69285
0.88141,-1.70062
0.864365,-1.70829
0.847245,-1.71584
0.830049,-1.72327
0.812779,-1.7306
0.795437,-1.7378
0.778024,-1.74488
0.76054,-1.75183
0.742988,-1.75866
0.725367,-1.76536
0.707681,-1.77193
0.689929,-1.77836
0.672114,-1.78466
0.654237,-1.79082
0.636298,-1.79683
0.6183,-1.8027
0.600245,-1.80842
0.582133,-1.814
0.563965,-1.81942
0.545745,-1.82469
0.527472,-1.8298
0.509149,-1.83475
0.490778,-1.83955
0.472359,-1.84418
0.453895,-1.84864
0.435387,-1.85295
0.416836,-1.85708
0.398246,-1.86104
0.379616,-1.86483
0.360949,-1.86845
0.342248,-1.8719
0.323512,-1.87516
0.304745,-1.87825
0.285948,-1.88117
0.267122,-1.8839
0.24827,-1.88644
0.229394,-1.88881
0.210495,-1.89099
0.191575,-1.89299
0.172636,-1.8948
0.153679,-1.89642
0.134708,-1.89786
0.115723,-1.89911
0.0967262,-1.90017
0.07772,-1.90104
0.058706,-1.90172
0.0396862,-1.90221
0.0206624,-1.90252
0.00163653,-1.90263
-0.0173895,-1.90255
-0.0364138,-1.90228
-0.0554345,-1.90182
-0.0744496,-1.90117
-0.0934572,-1.90033
-0.112456,-1.8993
-0.131443,-1.89809
-0.150417,-1.89668
-0.169376,-1.89509
-0.188318,-1.89331
-0.207241,-1.89135
-0.226144,-1.8892
-0.245025,-1.88686
-0.263881,-1.88435
-0.282711,-1.88165
-0.301513,-1.87877
-0.320286,-1.87571
-0.339027,-1.87247
-0.357735,-1.86906
-0.376407,-1.86547
-0.395043,-1.86171
-0.413641,-1.85777
-0.432198,-1.85367
-0.450714,-1.8494
-0.469186,-1.84496
-0.487612,-1.84035
-0.505992,-1.83559
-0.524324,-1.83066
-0.542605,-1.82558
-0.560835,-1.82033
-0.579011,-1.81494
-0.597133,-1.80939
-0.615198,-1.80369
-0.633206,-1.79785
-0.651155,-1.79186
-0.669043,-1.78573
-0.686869,-1.77946
-0.704632,-1.77305
-0.72233,-1.7665
-0.739961,-1.75983
-0.757526,-1.75302
-0.775021,-1.74608
-0.792447,-1.73902
-0.809801,-1.73184
-0.827083,-1.72454
-0.844292,-1.71712
-0.861425,-1.70959
-0.878483,-1.70195
-0.895464,-1.6942
-0.912367,-1.68634
-0.929191,-1.67838
-0.945934,-1.67032
-0.962597,-1.66216
-0.979177,-1.65391
-0.995674,-1.64556
-1.01209,-1.63713
-1.02842,-1.6286
-1.04466,-1.62
-1.06082,-1.61131
-1.07689,-1.60254
-1.09287,-1.5937
-1.10876,-1.58478
-1.12456,-1.5758
-1.14028,-1.56674
-1.1559,-1.55762
-1.17143,-1.54844
-1.18687,-1.5392
-1.20221,-1.5299
-1.21746,-1.52054
-1.23262,-1.51114
-1.24769,-1.50168
-1.26266,-1.49217
-1.27753,-1.48262
-1.29231,-1.47303
-1.30699,-1.46339
-1.32158,-1.45372
-1.33606,-1.44401
-1.35046,-1.43427
-1.36475,-1.42449
-1.37895,-1.41469
-1.39304,-1.40486
-1.40704,-1.39501
-1.42094,-1.38513
-1.43474,-1.37523
-1.44845,-1.36532
-1.46205,-1.35538
-1.47556,-1.34543
-1.48896,-1.33547
-1.50226,-1.3255
-1.51547,-1.31552
-1.52858,-1.30553
-1.54158,-1.29554
-1.55449,-1.28554
-1.56729,-1.27554
-1.58,-1.26554
-1.5926,-1.25554
-1.60511,-1.24555
-1.61751,-1.23556
-1.62982,-1.22557
-1.64202,-1.21559
-1.65413,-1.20562
-1.66614,-1.19566
-1.67804,-1.18571
-1.68985,-1.17578
-1.70156,-1.16586
-1.71317,-1.15595
-1.72468,-1.14606
-1.73609,-1.13618
-1.7474,-1.12633
-1.75862,-1.1165
-1.76973,-1.10668
-1.78075,-1.09689
-1.79167,-1.08712
-1.80249,-1.07738
-1.81322,-1.06766
-1.82385,-1.05796
-1.83438,-1.04829
-1.84481,-1.03865
-1.85515,-1.02904
-1.86539,-1.01946
-1.87554,-1.0099
-1.88559,-1.00038
-1.89555,-0.990885
-1.90541,-0.981424
-1.91518,-0.971995
-1.92485,-0.962598
-1.93443,-0.953235
-1.94391,-0.943906
-1.95331,-0.934611
-1.96261,-0.925352
-1.97181,-0.916127
-1.98093,-0.906938
-1.98995,-0.897786
-1.99888,-0.88867
-2.00773,-0.879591
-2.01648,-0.870549
-2.02514,-0.861544
-2.03371,-0.852578
-2.04219,-0.843649
-2.05058,-0.834759
-2.05888,-0.825907
-2.0671,-0.817094
-2.07523,-0.80832
-2.08327,-0.799585
-2.09122,-0.79089
-2.09908,-0.782233
-2.10686,-0.773616
-2.11456,-0.765039
-2.12216,-0.756501
-2.12969,-0.748002
-2.13712,-0.739544
-2.14448,-0.731125
-2.15175,-0.722745
-2.15893,-0.714406
-2.16603,-0.706106
-2.17305,-0.697845
-2.17999,-0.689625
-2.18685,-0.681443
-2.19362,-0.673301
-2.20031,-0.665198
-2.20692,-0.657135
-2.21346,-0.64911
-2.21991,-0.641125
-2.22628,-0.633178
-2.23257,-0.625269
-2.23878,-0.617399
-2.24492,-0.609568
-2.25098,-0.601774
-2.25695,-0.594018
-2.26286,-0.5863
-2.26868,-0.57862
-2.27443,-0.570976
-2.2801,-0.56337
-2.2857,-0.5558
-2.29122,-0.548266
-2.29666,-0.540769
-2.30203,-0.533307
-2.30733,-0.525882
-2.31255,-0.518491
-2.3177,-0.511136
-2.32277,-0.503815
-2.32777,-0.496529
-2.3327,-0.489277
-2.33756,-0.482058
-2.34234,-0.474873
-2.34706,-0.467721
-2.3517,-0.460602
-2.35627,-0.453516
-2.36077,-0.446461
-2.3652,-0.439438
-2.36956,-0.432447
-2.37385,-0.425486
-2.37807,-0.418556
-2.38222,-0.411656
-2.3863,-0.404786
-2.39031,-0.397946
-2.39426,-0.391135
-2.39814,-0.384352
-2.40195,-0.377598
-2.40569,-0.370871
-2.40936,-0.364173
-2.41297,-0.357501
-2.41651,-0.350855
-2.41999,-0.344237
-2.4234,-0.337644
-2.42674,-0.331076
-2.43002,-0.324533
-2.43323,-0.318015
-2.43638,-0.311521
-2.43946,-0.305051
-2.44248,-0.298604
-2.44544,-0.29218
-2.44833,-0.285778
-2.45115,-0.279399
-2.45391,-0.273041
-2.45661,-0.266704
-2.45925,-0.260387
-2.46182,-0.254091
-2.46433,-0.247815
-2.46678,-0.241558
-2.46916,-0.235319
-2.47148,-0.2291
-2.47374,-0.222898
-2.47594,-0.216713
-2.47808,-0.210546
-2.48015,-0.204395
-2.48217,-0.198261
-2.48412,-0.192142
-2.48601,-0.186038
-2.48784,-0.179949
-2.48961,-0.173875
-2.49132,-0.167814
-2.49296,-0.161766
-2.49455,-0.155732
-2.49608,-0.149709
-2.49755,-0.143699
-2.49895,-0.1377
-2.5003,-0.131713
-2.50159,-0.125736
-2.50281,-0.119768
-2.50398,-0.113811
-2.50509,-0.107863
-2.50614,-0.101923
-2.50713,-0.0959916
-2.50806,-0.0900679
-2.50893,-0.0841515
-2.50974,-0.0782418
-2.5105,-0.0723385
-2.51119,-0.066441
-2.51182,-0.0605488
-2.5124,-0.0546616
-2.51292,-0.0487788
-2.51338,-0.0428999
-2.51378,-0.0370245
-2.51412,-0.0311521
-2.5144,-0.0252822
-2.51462,-0.0194143
-2.51479,-0.0135481
-2.51489,-0.00768289
-2.51494,-0.00181834
-2.51493,0.00404606
-2.51486,0.0099108
-2.51473,0.0157763
-2.51454,0.0216431
-2.5143,0.0275117
-2.51399,0.0333825
-2.51363,0.039256
-2.51321,0.0451327
-2.51273,0.051013
-2.51219,0.0568974
-2.51159,0.0627865
-2.51093,0.0686806
-2.51022,0.0745803
-2.50944,0.080486
-2.50861,0.0863982
-2.50771,0.0923173
-2.50676,0.0982439
-2.50575,0.104178
-2.50468,0.110121
-2.50355,0.116073
-2.50236,0.122034
-2.50111,0.128005
-2.4998,0.133986
-2.49843,0.139978
-2.497,0.145981
-2.49551,0.151996
-2.49396,0.158022
-2.49235,0.164062
-2.49067,0.170114
-2.48894,0.17618
-2.48715,0.182261
-2.4853,0.188355
-2.48338,0.194464
-2.48141,0.200589
-2.47937,0.20673
-2.47727,0.212887
-2.47511,0.219061
-2.47289,0.225252
-2.47061,0.23146
-2.46826,0.237687
-2.46586,0.243932
-2.46338,0.250197
-2.46085,0.256481
-2.45825,0.262784
-2.4556,0.269108
-2.45287,0.275453
-2.45009,0.28182
-2.44724,0.288208
-2.44432,0.294618
-2.44134,0.30105
-2.4383,0.307506
-2.43519,0.313985
-2.43202,0.320488
-2.42878,0.327016
-2.42548,0.333568
-2.42211,0.340145
-2.41868,0.346748
-2.41518,0.353377
-2.41161,0.360032
-2.40798,0.366714
-2.40428,0.373423
-2.40051,0.38016
-2.39667,0.386925
-2.39277,0.393719
-2.3888,0.400541
-2.38476,0.407393
-2.38065,0.414274
-2.37647,0.421185
-2.37223,0.428126
-2.36791,0.435099
-2.36352,0.442102
-2.35907,0.449137
-2.35454,0.456204
-2.34994,0.463303
-2.34528,0.470434
-2.34054,0.477599
-2.33572,0.484796
-2.33084,0.492027
-2.32588,0.499293
-2.32085,0.506592
-2.31575,0.513926
-2.31057,0.521294
-2.30532,0.528698
-2.3,0.536138
-2.2946,0.543613
-2.28913,0.551124
-2.28358,0.558671
-2.27795,0.566255
-2.27225,0.573875
-2.26648,0.581533
-2.26062,0.589228
-2.25469,0.59696
-2.24868,0.60473
-2.2426,0.612538
-2.23643,0.620384
-2.23019,0.628269
-2.22387,0.636192
-2.21747,0.644153
-2.21098,0.652154
-2.20442,0.660193
-2.19778,0.668272
-2.19106,0.676389
-2.18425,0.684546
-2.17737,0.692743
-2.1704,0.700979
-2.16335,0.709254
-2.15621,0.717569
-2.14899,0.725924
-2.14169,0.734318
-2.13431,0.742752
-2.12684,0.751226
-2.11928,0.759739
-2.11164,0.768292
-2.10392,0.776885
-2.09611,0.785517
-2.08821,0.794188
-2.08022,0.802899
-2.07215,0.811649
-2.06399,0.820438
-2.05574,0.829265
-2.0474,0.838132
-2.03898,0.847036
-2.03046,0.855979
-2.02186,0.86496
-2.01316,0.873979
-2.00438,0.883035
-1.9955,0.892128
-1.98654,0.901258
-1.97748,0.910425
-1.96833,0.919627
-1.95908,0.928865
-1.94975,0.938138
-1.94032,0.947446
-1.9308,0.956788
-1.92119,0.966164
-1.91148,0.975573
-1.90167,0.985014
-1.89178,0.994488
-1.88178,1.00399
-1.8717,1.01353
-1.86151,1.02309
-1.85123,1.03269
-1.84086,1.04231
-1.83039,1.05196
-1.81982,1.06164
-1.80916,1.07135
-1.79839,1.08108
-1.78753,1.09083
-1.77658,1.10061
-1.76552,1.11041
-1.75437,1.12023
-1.74312,1.13007
-1.73177,1.13993
-1.72032,1.14981
-1.70877,1.15971
-1.69712,1.16962
-1.68538,1.17955
-1.67353,1.18949
-1.66159,1.19944
-1.64954,1.20941
-1.6374,1.21938
-1.62516,1.22936
-1.61281,1.23935
-1.60037,1.24935
-1.58783,1.25934
-1.57518,1.26934
-1.56244,1.27934
-1.5496,1.28934
-1.53665,1.29934
-1.52361,1.30933
-1.51047,1.31931
-1.49722,1.32929
-1.48388,1.33926
-1.47044,1.34922
-1.4569,1.35916
-1.44325,1.36908
-1.42951,1.37899
-1.41567,1.38888
-1.40174,1.39875
-1.3877,1.4086
-1.37356,1.41842
-1.35933,1.42821
-1.345,1.43797
-1.33057,1.4477
-1.31605,1.4574
-1.30142,1.46706
-1.28671,1.47668
-1.27189,1.48625
-1.25698,1.49579
-1.24197,1.50528
-1.22687,1.51472
-1.21168,1.5241
-1.19639,1.53344
-1.18101,1.54272
-1.16554,1.55194
-1.14997,1.5611
-1.13432,1.57019
-1.11857,1.57922
-1.10273,1.58818
-1.08681,1.59707
-1.07079,1.60588
-1.05469,1.61462
-1.0385,1.62328
-1.02222,1.63185
-1.00586,1.64034
-0.989418,1.64874
-0.972889,1.65705
-0.956277,1.66527
-0.939583,1.67339
-0.922809,1.68142
-0.905955,1.68934
-0.889023,1.69716
-0.872013,1.70487
-0.854926,1.71247
-0.837764,1.71996
-0.820527,1.72733
-0.803217,1.73459
-0.785836,1.74172
-0.768383,1.74873
-0.750862,1.75562
-0.733272,1.76238
-0.715614,1.769
-0.697892,1.7755
-0.680105,1.78186
-0.662255,1.78807
-0.644344,1.79415
-0.626373,1.80009
-0.608343,1.80588
-0.590256,1.81152
-0.572113,1.81701
-0.553916,1.82234
-0.535667,1.82753
-0.517366,1.83255
-0.499016,1.83742
-0.480618,1.84212
-0.462174,1.84666
-0.443686,1.85104
-0.425154,1.85525
-0.406581,1.85929
-0.387969,1.86316
-0.369319,1.86685
-0.350632,1.87038
-0.331912,1.87372
-0.313158,1.87689
-0.294374,1.87988
-0.275561,1.88269
-0.256721,1.88532
-0.237855,1.88777
-0.218966,1.89004
-0.200055,1.89212
-0.181125,1.89401
-0.162176,1.89572
-0.143211,1.89724
-0.124232,1.89857
-0.10524,1.89972
-0.0862379,1.90067
-0.0672272,1.90144
-0.0482098,1.90202
-0.0291875,1.9024
-0.0101623,1.9026
0.00886388,1.90261
0.0278892,1.90242
0.0469117,1.90205
0.0659295,1.90149
0.0849408,1.90073
0.103944,1.89979
0.122936,1.89866
0.141916,1.89734
0.160882,1.89583
0.179832,1.89413
0.198764,1.89225
0.217676,1.89018
0.236567,1.88793
0.255434,1.8855
0.274276,1.88288
0.293091,1.88008
0.311877,1.8771
0.330633,1.87394
0.349356,1.87061
0.368044,1.8671
0.386697,1.86341
0.405312,1.85956
0.423888,1.85553
0.442422,1.85133
0.460914,1.84697
0.479361,1.84244
0.497762,1.83774
0.516115,1.83289
0.534419,1.82787
0.552672,1.8227
0.570873,1.81738
0.589019,1.8119
0.60711,1.80627
0.625144,1.80049
0.643119,1.79456
0.661035,1.78849
0.678889,1.78228
0.69668,1.77594
0.714407,1.76945
0.732069,1.76283
0.749663,1.75608
0.76719,1.74921
0.784647,1.7422
0.802034,1.73508
0.819348,1.72783
0.83659,1.72046
0.853757,1.71298
0.870849,1.70539
0.887864,1.69769
0.904802,1.68988
0.921662,1.68196
0.938441,1.67394
0.95514,1.66583
0.971757,1.65762
0.988292,1.64931
1.00474,1.64092
1.02111,1.63243
1.03739,1.62386
1.05359,1.61521
1.0697,1.60648
1.08572,1.59767
1.10165,1.58879
1.11749,1.57983
1.13325,1.57081
1.14891,1.56172
1.16448,1.55256
1.17996,1.54335
1.19535,1.53407
1.21064,1.52474
1.22584,1.51536
1.24095,1.50592
1.25596,1.49644
1.27088,1.48691
1.2857,1.47733
1.30042,1.46771
1.31505,1.45806
1.32958,1.44836
1.34402,1.43864
1.35836,1.42888
1.3726,1.41909
1.38674,1.40927
1.40078,1.39943
1.41473,1.38956
1.42857,1.37967
1.44232,1.36976
1.45597,1.35984
1.46952,1.34989
1.48297,1.33994
1.49631,1.32997
1.50956,1.31999
1.52271,1.31001
1.53576,1.30002
1.54872,1.29002
1.56157,1.28002
1.57432,1.27002
1.58697,1.26002
1.59952,1.25003
1.61197,1.24003
1.62432,1.23004
1.63657,1.22006
1.64872,1.21009
1.66077,1.20012
1.67272,1.19017
1.68457,1.18023
1.69633,1.1703
1.70798,1.16039
1.71953,1.15049
1.73099,1.14061
1.74235,1.13074
1.7536,1.1209
1.76476,1.11108
1.77583,1.10128
1.78679,1.0915
1.79766,1.08174
1.80842,1.07201
1.8191,1.0623
1.82967,1.05262
1.84015,1.04297
1.85053,1.03334
1.86081,1.02375
1.871,1.01418
1.8811,1.00464
1.8911,0.995135
1.901,0.98566
1.91081,0.976216
1.92053,0.966805
1.93015,0.957427
1.93967,0.948082
1.94911,0.938772
1.95845,0.929497
1.9677,0.920256
1.97686,0.911052
1.98592,0.901883
1.99489,0.89275
2.00378,0.883655
2.01257,0.874596
2.02127,0.865575
2.02988,0.856591
2.0384,0.847646
2.04683,0.838738
2.05517,0.829869
2.06343,0.821039
2.07159,0.812247
2.07967,0.803495
2.08766,0.794781
2.09557,0.786107
2.10339,0.777473
2.11112,0.768877
2.11876,0.760322
2.12633,0.751806
2.1338,0.743329
2.14119,0.734892
2.1485,0.726495
2.15572,0.718138
2.16286,0.70982
2.16992,0.701542
2.17689,0.693304
2.18378,0.685104
2.1906,0.676945
2.19732,0.668824
2.20397,0.660743
2.21054,0.652701
2.21703,0.644698
2.22343,0.636734
2.22976,0.628808
2.23601,0.620921
2.24218,0.613073
2.24827,0.605262
2.25428,0.597489
2.26022,0.589754
2.26608,0.582057
2.27186,0.574397
2.27757,0.566774
2.2832,0.559187
2.28875,0.551637
2.29423,0.544124
2.29963,0.536647
2.30496,0.529205
2.31022,0.521799
2.3154,0.514428
2.32051,0.507091
2.32554,0.49979
2.3305,0.492522
2.33539,0.485289
2.34021,0.478089
2.34495,0.470922
2.34963,0.463788
2.35423,0.456687
2.35876,0.449618
2.36322,0.442581
2.36761,0.435576
2.37193,0.428601
2.37619,0.421658
2.38037,0.414744
2.38448,0.407861
2.38852,0.401008
2.3925,0.394183
2.39641,0.387388
2.40025,0.380621
2.40402,0.373882
2.40773,0.367171
2.41136,0.360487
2.41494,0.35383
2.41844,0.347199
2.42188,0.340595
2.42525,0.334016
2.42856,0.327462
2.4318,0.320933
2.43498,0.314428
2.43809,0.307947
2.44114,0.30149
2.44412,0.295056
2.44704,0.288644
2.44989,0.282255
2.45268,0.275887
2.45541,0.269541
2.45808,0.263215
2.46068,0.25691
2.46321,0.250625
2.46569,0.244359
2.4681,0.238113
2.47045,0.231885
2.47274,0.225675
2.47496,0.219483
2.47713,0.213308
2.47923,0.20715
2.48127,0.201008
2.48325,0.194882
2.48517,0.188771
2.48703,0.182676
2.48882,0.176595
2.49056,0.170528
2.49223,0.164475
2.49385,0.158434
2.4954,0.152406
2.4969,0.146391
2.49833,0.140387
2.4997,0.134395
2.50102,0.128413
2.50227,0.122441
2.50347,0.116479
2.5046,0.110527
2.50568,0.104584
2.50669,0.0986486
2.50765,0.0927215
2.50855,0.0868018
2.50939,0.0808892
2.51017,0.0749831
2.51089,0.069083
2.51155,0.0631885
2.51215,0.0572992
2.51269,0.0514144
2.51318,0.0455338
2.5136,0.0396569
2.51397,0.0337832
2.51428,0.0279122
2.51453,0.0220435
2.51472,0.0161766
2.51485,0.010311
2.51493,0.00444625
2.51494,-0.00141816
2.5149,-0.00728269
2.5148,-0.0131478
2.51464,-0.019014
2.51442,-0.0248817
2.51414,-0.0307514
2.5138,-0.0366237
2.51341,-0.0424989
2.51295,-0.0483775
2.51244,-0.05426
2.51187,-0.060147
2.51123,-0.0660388
2.51055,-0.0719359
2.5098,-0.0778388
2.50899,-0.083748
2.50812,-0.089664
2.50719,-0.0955872
2.50621,-0.101518
2.50516,-0.107457
2.50406,-0.113405
2.5029,-0.119362
2.50167,-0.125328
2.50039,-0.131305
2.49905,-0.137291
2.49764,-0.143289
2.49618,-0.149299
2.49466,-0.15532
2.49307,-0.161354
2.49143,-0.167401
2.48973,-0.173461
2.48796,-0.179534
2.48614,-0.185622
2.48425,-0.191725
2.4823,-0.197843
2.48029,-0.203976
2.47822,-0.210126
2.47609,-0.216292
2.4739,-0.222475
2.47164,-0.228676
2.46932,-0.234894
2.46694,-0.241131
2.4645,-0.247387
2.46199,-0.253662
2.45943,-0.259957
2.4568,-0.266272
2.4541,-0.272608
2.45134,-0.278964
2.44852,-0.285342
2.44564,-0.291743
2.44269,-0.298165
2.43967,-0.30461
2.43659,-0.311079
2.43345,-0.317571
2.43024,-0.324088
2.42697,-0.330629
2.42363,-0.337195
2.42023,-0.343786
2.41675,-0.350403
2.41322,-0.357046
2.40961,-0.363716
2.40594,-0.370413
2.4022,-0.377138
2.3984,-0.38389
2.39453,-0.390671
2.39059,-0.39748
2.38658,-0.404319
2.3825,-0.411187
2.37835,-0.418084
2.37414,-0.425012
2.36985,-0.431971
2.3655,-0.43896
2.36107,-0.445981
2.35658,-0.453033
2.35201,-0.460118
2.34738,-0.467235
2.34267,-0.474384
2.33789,-0.481567
2.33304,-0.488783
2.32811,-0.496033
2.32312,-0.503317
2.31805,-0.510635
2.3129,-0.517988
2.30769,-0.525376
2.3024,-0.5328
2.29703,-0.540259
2.29159,-0.547753
2.28607,-0.555284
2.28048,-0.562852
2.27482,-0.570456
2.26908,-0.578097
2.26326,-0.585775
2.25736,-0.593491
2.25139,-0.601244
2.24533,-0.609035
2.23921,-0.616864
2.233,-0.624731
2.22671,-0.632637
2.22034,-0.640581
2.2139,-0.648564
2.20737,-0.656586
2.20077,-0.664647
2.19408,-0.672747
2.18731,-0.680886
2.18046,-0.689065
2.17353,-0.697283
2.16652,-0.705541
2.15942,-0.713838
2.15224,-0.722175
2.14498,-0.730552
2.13763,-0.738968
2.1302,-0.747424
2.12268,-0.75592
2.11508,-0.764455
2.10739,-0.77303
2.09962,-0.781644
2.09176,-0.790298
2.08381,-0.798991
2.07578,-0.807723
2.06766,-0.816494
2.05945,-0.825305
2.05115,-0.834154
2.04276,-0.843041
2.03429,-0.851967
2.02572,-0.860931
2.01707,-0.869933
2.00833,-0.878973
1.99949,-0.888049
1.99056,-0.897163
1.98155,-0.906313
1.97244,-0.915499
1.96324,-0.924721
1.95394,-0.933978
1.94456,-0.943271
1.93508,-0.952598
1.92551,-0.961958
1.91584,-0.971352
1.90608,-0.980779
1.89622,-0.990239
1.88627,-0.999729
1.87623,-1.00925
1.86609,-1.0188
1.85585,-1.02839
1.84552,-1.038
1.83509,-1.04764
1.82457,-1.0573
1.81395,-1.06699
1.80323,-1.07671
1.79241,-1.08646
1.7815,-1.09622
1.77049,-1.10601
1.75938,-1.11583
1.74817,-1.12566
1.73686,-1.13551
1.72546,-1.14538
1.71396,-1.15527
1.70235,-1.16518
1.69065,-1.1751
1.67885,-1.18503
1.66695,-1.19498
1.65495,-1.20494
1.64285,-1.21491
1.63065,-1.22489
1.61836,-1.23487
1.60596,-1.24487
1.59346,-1.25486
1.58086,-1.26486
1.56816,-1.27486
1.55536,-1.28486
1.54246,-1.29486
1.52947,-1.30485
1.51637,-1.31484
1.50317,-1.32482
1.48987,-1.33479
1.47647,-1.34476
1.46298,-1.3547
1.44938,-1.36464
1.43568,-1.37456
1.42189,-1.38446
1.40799,-1.39433
1.394,-1.40419
1.37991,-1.41402
1.36572,-1.42383
1.35143,-1.4336
1.33705,-1.44335
1.32257,-1.45306
1.30799,-1.46273
1.29331,-1.47237
1.27854,-1.48197
1.26367,-1.49152
1.24871,-1.50103
1.23365,-1.51049
1.2185,-1.5199
1.20326,-1.52926
1.18792,-1.53857
1.17248,-1.54781
1.15696,-1.557
1.14134,-1.56612
1.12564,-1.57518
1.10984,-1.58417
1.09395,-1.59309
1.07798,-1.60194
1.06192,-1.61071
1.04577,-1.61941
1.02953,-1.62802
1.01321,-1.63655
0.996797,-1.64499
0.980306,-1.65334
0.963731,-1.6616
0.947074,-1.66977
0.930336,-1.67783
0.913518,-1.6858
0.89662,-1.69367
0.879645,-1.70142
0.862592,-1.70908
0.845463,-1.71661
0.82826,-1.72404
0.810983,-1.73135
0.793633,-1.73854
0.776213,-1.74561
0.758722,-1.75255
0.741162,-1.75936
0.723535,-1.76605
0.705842,-1.7726
0.688083,-1.77902
0.670262,-1.7853
0.652378,-1.79145
0.634433,-1.79745
0.616429,-1.8033
0.598368,-1.80901
0.58025,-1.81456
0.562077,-1.81997
0.543851,-1.82522
0.525573,-1.83032
0.507245,-1.83526
0.488868,-1.84003
0.470445,-1.84465
0.451976,-1.8491
0.433463,-1.85338
0.414909,-1.8575
0.396314,-1.86144
0.37768,-1.86522
0.35901,-1.86882
0.340305,-1.87224
0.321566,-1.87549
0.302795,-1.87856
0.283995,-1.88146
0.265167,-1.88417
0.246312,-1.8867
0.227434,-1.88904
0.208532,-1.89121
0.18961,-1.89318
0.170669,-1.89498
0.151711,-1.89658
0.132738,-1.898
0.113752,-1.89923
0.0947541,-1.90027
0.075747,-1.90112
0.0567323,-1.90178
0.037712,-1.90225
0.0186879,-1.90254
-0.000338079,-1.90263
-0.019364,-1.90253
-0.038388,-1.90224
-0.0574082,-1.90176
-0.0764226,-1.90109
-0.0954294,-1.90023
-0.114427,-1.89919
-0.133413,-1.89795
-0.152385,-1.89653
-0.171342,-1.89492
-0.190283,-1.89312
-0.209204,-1.89113
-0.228105,-1.88896
-0.246983,-1.88661
-0.265836,-1.88407
-0.284664,-1.88136
-0.303463,-1.87846
-0.322232,-1.87538
-0.34097,-1.87213
-0.359674,-1.86869
-0.378343,-1.86509
-0.396975,-1.86131
-0.415569,-1.85735
-0.434122,-1.85323
-0.452633,-1.84894
-0.4711,-1.84449
-0.489522,-1.83987
-0.507897,-1.83508
-0.526223,-1.83014
-0.544499,-1.82504
-0.562724,-1.81978
-0.580894,-1.81437
-0.59901,-1.80881
-0.61707,-1.80309
-0.635072,-1.79723
-0.653014,-1.79123
-0.670896,-1.78508
-0.688715,-1.7788
-0.706471,-1.77237
-0.724163,-1.76582
-0.741787,-1.75912
-0.759345,-1.7523
-0.776833,-1.74536
-0.794251,-1.73828
-0.811598,-1.73109
-0.828873,-1.72378
-0.846073,-1.71635
-0.863199,-1.70881
-0.880249,-1.70115
-0.897222,-1.69339
-0.914117,-1.68552
-0.930932,-1.67755
-0.947667,-1.66948
-0.964321,-1.66131
-0.980893,-1.65305
-0.997382,-1.64469
-1.01379,-1.63625
-1.03011,-1.62771
-1.04634,-1.6191
-1.06249,-1.6104
-1.07855,-1.60163
-1.09452,-1.59278
-1.1104,-1.58386
-1.1262,-1.57486
-1.1419,-1.5658
-1.15751,-1.55667
-1.17303,-1.54749
-1.18846,-1.53824
-1.2038,-1.52893
-1.21904,-1.51957
-1.23419,-1.51016
-1.24924,-1.50069
-1.2642,-1.49118
-1.27907,-1.48163
-1.29384,-1.47203
-1.30851,-1.46239
-1.32308,-1.45271
-1.33756,-1.443
-1.35194,-1.43325
-1.36623,-1.42348
-1.38041,-1.41367
-1.3945,-1.40384
-1.40849,-1.39398
-1.42238,-1.3841
-1.43617,-1.3742
-1.44986,-1.36429
-1.46346,-1.35435
-1.47695,-1.3444
-1.49035,-1.33444
-1.50364,-1.32447
-1.51683,-1.31449
-1.52993,-1.3045
-1.54292,-1.2945
-1.55582,-1.2845
-1.56861,-1.27451
-1.58131,-1.26451
-1.5939,-1.25451
-1.6064,-1.24451
-1.61879,-1.23452
-1.63109,-1.22453
-1.64329,-1.21456
-1.65538,-1.20459
-1.66738,-1.19463
-1.67927,-1.18468
-1.69107,-1.17475
-1.70277,-1.16483
-1.71437,-1.15492
-1.72587,-1.14503
-1.73727,-1.13516
-1.74857,-1.12531
-1.75977,-1.11548
-1.77088,-1.10567
-1.78189,-1.09588
-1.7928,-1.08611
-1.80361,-1.07637
-1.81433,-1.06665
-1.82494,-1.05696
-1.83546,-1.04729
-1.84589,-1.03765
-1.85622,-1.02804
-1.86645,-1.01846
-1.87659,-1.00891
-1.88663,-0.999392
-1.89658,-0.989902
-1.90643,-0.980444
-1.91618,-0.971018
-1.92585,-0.961625
-1.93542,-0.952266
-1.94489,-0.94294
-1.95428,-0.933649
-1.96357,-0.924393
-1.97276,-0.915172
-1.98187,-0.905987
-1.99088,-0.896838
-1.99981,-0.887726
-2.00864,-0.878651
-2.01738,-0.869613
-2.02603,-0.860612
-2.03459,-0.851649
-2.04306,-0.842725
-2.05145,-0.833839
-2.05974,-0.824991
-2.06795,-0.816182
-2.07606,-0.807412
-2.08409,-0.798681
-2.09204,-0.789989
-2.09989,-0.781337
-2.10766,-0.772724
-2.11535,-0.764151
-2.12295,-0.755617
-2.13046,-0.747123
-2.13789,-0.738668
-2.14524,-0.730253
-2.1525,-0.721878
-2.15967,-0.713543
-2.16677,-0.705247
-2.17378,-0.69699
-2.18071,-0.688774
-2.18755,-0.680596
-2.19432,-0.672458
-2.201,-0.66436
-2.20761,-0.6563
-2.21413,-0.64828
-2.22057,-0.640298
-2.22694,-0.632355
-2.23322,-0.624451
-2.23942,-0.616585
-2.24555,-0.608757
-2.2516,-0.600968
-2.25757,-0.593216
-2.26346,-0.585501
-2.26928,-0.577825
-2.27502,-0.570185
-2.28068,-0.562582
-2.28627,-0.555016
-2.29178,-0.547486
-2.29722,-0.539993
-2.30258,-0.532535
-2.30787,-0.525113
-2.31309,-0.517726
-2.31823,-0.510374
-2.32329,-0.503057
-2.32829,-0.495775
-2.33321,-0.488526
-2.33806,-0.481311
-2.34284,-0.474129
-2.34754,-0.466981
-2.35218,-0.459865
-2.35674,-0.452782
-2.36123,-0.445731
-2.36565,-0.438711
-2.37001,-0.431723
-2.37429,-0.424765
-2.3785,-0.417839
-2.38265,-0.410942
-2.38672,-0.404075
-2.39073,-0.397238
-2.39467,-0.39043
-2.39854,-0.38365
-2.40234,-0.376898
-2.40607,-0.370175
-2.40974,-0.363479
-2.41334,-0.35681
-2.41688,-0.350167
-2.42035,-0.343551
-2.42375,-0.336961
-2.42709,-0.330396
-2.43036,-0.323856
-2.43356,-0.31734
-2.4367,-0.310849
-2.43978,-0.304381
-2.44279,-0.297936
-2.44574,-0.291515
-2.44862,-0.285115
-2.45144,-0.278738
-2.4542,-0.272382
-2.45689,-0.266047
-2.45952,-0.259733
-2.46208,-0.253439
-2.46459,-0.247164
-2.46703,-0.240909
-2.46941,-0.234673
-2.47172,-0.228455
-2.47397,-0.222255
-2.47617,-0.216073
-2.4783,-0.209907
-2.48036,-0.203758
-2.48237,-0.197625
-2.48432,-0.191508
-2.4862,-0.185406
-2.48803,-0.179318
-2.48979,-0.173245
-2.49149,-0.167185
-2.49313,-0.161139
-2.49471,-0.155106
-2.49623,-0.149085
-2.49769,-0.143076
-2.4991,-0.137079
-2.50044,-0.131092
-2.50172,-0.125116
-2.50294,-0.11915
-2.5041,-0.113193
-2.5052,-0.107246
-2.50625,-0.101307
-2.50723,-0.0953765
-2.50815,-0.0894536
-2.50902,-0.0835379
-2.50982,-0.0776289
-2.51057,-0.0717262
-2.51126,-0.0658292
-2.51189,-0.0599376
-2.51246,-0.0540509
-2.51297,-0.0481685
-2.51342,-0.04229
-2.51381,-0.0364149
-2.51415,-0.0305428
-2.51442,-0.0246731
-2.51464,-0.0188055
-2.5148,-0.0129393
-2.5149,-0.00707423
-2.51494,-0.00120971
-2.51493,0.0046547
-2.51485,0.0105195
-2.51471,0.0163851
-2.51452,0.0222521
-2.51427,0.0281209
-2.51396,0.0339919
-2.51359,0.0398657
-2.51316,0.0457428
-2.51268,0.0516235
-2.51213,0.0575084
-2.51152,0.063398
-2.51086,0.0692926
-2.51014,0.0751929
-2.50936,0.0810992
-2.50852,0.0870121
-2.50762,0.092932
-2.50666,0.0988594
-2.50564,0.104795
-2.50456,0.110739
-2.50343,0.116691
-2.50223,0.122653
-2.50097,0.128625
-2.49966,0.134607
-2.49828,0.1406
-2.49684,0.146605
-2.49535,0.152621
-2.49379,0.158649
-2.49217,0.164689
-2.4905,0.170743
-2.48876,0.176811
-2.48696,0.182892
-2.4851,0.188988
-2.48318,0.195099
-2.4812,0.201226
-2.47916,0.207368
-2.47705,0.213527
-2.47489,0.219702
-2.47266,0.225895
-2.47037,0.232106
-2.46802,0.238334
-2.4656,0.244582
-2.46312,0.250848
-2.46058,0.257134
-2.45798,0.26344
-2.45532,0.269766
-2.45259,0.276113
-2.44979,0.282482
-2.44694,0.288872
-2.44402,0.295284
-2.44103,0.301719
-2.43798,0.308177
-2.43487,0.314659
-2.43169,0.321165
-2.42844,0.327694
-2.42513,0.334249
-2.42176,0.340829
-2.41832,0.347435
-2.41481,0.354066
-2.41124,0.360724
-2.4076,0.367409
-2.40389,0.374121
-2.40011,0.380861
-2.39627,0.387629
-2.39236,0.394425
-2.38838,0.401251
-2.38434,0.408105
-2.38022,0.41499
-2.37604,0.421904
-2.37178,0.428849
-2.36746,0.435824
-2.36307,0.442831
-2.3586,0.449869
-2.35407,0.456939
-2.34946,0.464041
-2.34479,0.471176
-2.34004,0.478344
-2.33522,0.485545
-2.33033,0.49278
-2.32536,0.500049
-2.32033,0.507351
-2.31522,0.514689
-2.31003,0.522061
-2.30478,0.529469
-2.29944,0.536912
-2.29404,0.54439
-2.28856,0.551905
-2.283,0.559456
-2.27737,0.567044
-2.27166,0.574668
-2.26587,0.58233
-2.26001,0.590029
-2.25407,0.597765
-2.24806,0.605539
-2.24196,0.613351
-2.23579,0.621201
-2.22954,0.629089
-2.22321,0.637016
-2.2168,0.644982
-2.21031,0.652986
-2.20374,0.66103
-2.19709,0.669112
-2.19035,0.677234
-2.18354,0.685395
-2.17665,0.693596
-2.16967,0.701836
-2.16261,0.710115
-2.15547,0.718434
-2.14824,0.726793
-2.14093,0.735192
-2.13354,0.74363
-2.12606,0.752108
-2.11849,0.760625
-2.11085,0.769182
-2.10311,0.777779
-2.09529,0.786415
-2.08738,0.79509
-2.07939,0.803805
-2.07131,0.812559
-2.06314,0.821352
-2.05488,0.830184
-2.04653,0.839054
-2.0381,0.847963
-2.02957,0.85691
-2.02096,0.865895
-2.01226,0.874917
-2.00346,0.883977
-1.99458,0.893074
-1.9856,0.902208
-1.97653,0.911378
-1.96737,0.920584
-1.95812,0.929826
-1.94878,0.939103
-1.93934,0.948414
-1.92981,0.95776
-1.92018,0.967139
-1.91046,0.976551
-1.90065,0.985996
-1.89074,0.995473
-1.88074,1.00498
-1.87064,1.01452
-1.86045,1.02409
-1.85016,1.03369
-1.83978,1.04331
-1.8293,1.05297
-1.81872,1.06265
-1.80804,1.07236
-1.79727,1.08209
-1.7864,1.09184
-1.77543,1.10162
-1.76437,1.11143
-1.75321,1.12125
-1.74194,1.13109
-1.73058,1.14096
-1.71912,1.15084
-1.70757,1.16074
-1.69591,1.17065
-1.68415,1.18058
-1.6723,1.19052
-1.66034,1.20048
-1.64829,1.21044
-1.63613,1.22042
-1.62388,1.2304
-1.61153,1.24039
-1.59907,1.25038
-1.58652,1.26038
-1.57386,1.27038
-1.56111,1.28038
-1.54826,1.29038
-1.5353,1.30037
-1.52225,1.31036
-1.5091,1.32035
-1.49584,1.33033
-1.48249,1.34029
-1.46904,1.35025
-1.45548,1.36019
-1.44183,1.37011
-1.42808,1.38002
-1.41423,1.38991
-1.40028,1.39978
-1.38624,1.40962
-1.37209,1.41944
-1.35785,1.42922
-1.34351,1.43898
-1.32907,1.44871
-1.31453,1.4584
-1.2999,1.46806
-1.28517,1.47767
-1.27035,1.48724
-1.25543,1.49677
-1.24041,1.50626
-1.2253,1.51569
-1.2101,1.52507
-1.1948,1.5344
-1.17941,1.54368
-1.16393,1.55289
-1.14835,1.56204
-1.13269,1.57113
-1.11693,1.58015
-1.10108,1.58911
-1.08515,1.59799
-1.06912,1.60679
-1.05301,1.61552
-1.03681,1.62417
-1.02053,1.63274
-1.00416,1.64122
-0.987706,1.64961
-0.971168,1.65791
-0.954548,1.66612
-0.937846,1.67423
-0.921064,1.68224
-0.904202,1.69015
-0.887261,1.69796
-0.870243,1.70566
-0.853148,1.71325
-0.835978,1.72073
-0.818734,1.72809
-0.801417,1.73533
-0.784028,1.74245
-0.766568,1.74945
-0.749039,1.75633
-0.731442,1.76307
-0.713778,1.76968
-0.696049,1.77616
-0.678255,1.78251
-0.660399,1.78871
-0.642482,1.79477
-0.624504,1.80069
-0.606468,1.80647
-0.588375,1.81209
-0.570227,1.81757
-0.552024,1.82289
-0.53377,1.82805
-0.515464,1.83306
-0.497109,1.83791
-0.478706,1.8426
-0.460257,1.84712
-0.441764,1.85148
-0.423228,1.85567
-0.404651,1.8597
-0.386035,1.86355
-0.367381,1.86723
-0.348691,1.87073
-0.329967,1.87406
-0.31121,1.87721
-0.292423,1.88018
-0.273607,1.88298
-0.254764,1.88559
-0.235896,1.88802
-0.217005,1.89026
-0.198092,1.89232
-0.179159,1.8942
-0.160208,1.89588
-0.141242,1.89739
-0.122261,1.8987
-0.103268,1.89983
-0.0842653,1.90076
-0.0652538,1.90151
-0.0462358,1.90207
-0.0272131,1.90243
-0.00818773,1.90261
0.0108385,1.9026
0.0298636,1.90239
0.0488857,1.902
0.0679029,1.90142
0.0869134,1.90064
0.105915,1.89968
0.124906,1.89853
0.143885,1.89719
0.162849,1.89566
0.181798,1.89395
0.200728,1.89205
0.219638,1.88996
0.238526,1.88769
0.257391,1.88523
0.27623,1.8826
0.295042,1.87978
0.313825,1.87678
0.332578,1.87361
0.351297,1.87025
0.369982,1.86672
0.388631,1.86302
0.407242,1.85915
0.425813,1.8551
0.444343,1.85089
0.46283,1.8465
0.481273,1.84196
0.499669,1.83725
0.518017,1.83238
0.536316,1.82734
0.554564,1.82216
0.572759,1.81681
0.590899,1.81132
0.608984,1.80567
0.627012,1.79988
0.644982,1.79394
0.662891,1.78786
0.680738,1.78163
0.698523,1.77527
0.716243,1.76877
0.733898,1.76214
0.751485,1.75538
0.769005,1.74849
0.786455,1.74147
0.803834,1.73433
0.821141,1.72707
0.838375,1.71969
0.855534,1.7122
0.872618,1.70459
0.889626,1.69688
0.906556,1.68906
0.923407,1.68113
0.940178,1.67311
0.956869,1.66498
0.973477,1.65676
0.990003,1.64845
1.00645,1.64004
1.0228,1.63155
1.03908,1.62297
1.05526,1.61431
1.07136,1.60557
1.08737,1.59675
1.1033,1.58786
1.11913,1.5789
1.13488,1.56987
1.15053,1.56077
1.16609,1.55161
1.18156,1.54239
1.19694,1.53311
1.21222,1.52377
1.22741,1.51438
1.24251,1.50494
1.25751,1.49545
1.27242,1.48591
1.28723,1.47633
1.30195,1.46671
1.31656,1.45705
1.33109,1.44736
1.34551,1.43763
1.35984,1.42786
1.37407,1.41807
1.3882,1.40825
1.40223,1.3984
1.41617,1.38853
1.43,1.37864
1.44374,1.36873
1.45738,1.3588
1.47092,1.34886
1.48436,1.3389
1.49769,1.32894
1.51093,1.31896
1.52407,1.30897
1.53711,1.29898
1.55005,1.28899
1.56289,1.27899
1.57563,1.26899
1.58827,1.25899
1.60081,1.24899
1.61325,1.239
1.62559,1.22901
1.63783,1.21903
1.64997,1.20905
1.66201,1.19909
1.67396,1.18914
1.6858,1.1792
1.69754,1.16927
1.70918,1.15936
1.72073,1.14946
1.73217,1.13958
1.74352,1.12972
1.75477,1.11988
1.76592,1.11006
1.77697,1.10026
1.78792,1.09048
1.79878,1.08073
1.80954,1.071
1.8202,1.0613
1.83076,1.05162
1.84123,1.04197
1.8516,1.03235
1.86188,1.02275
1.87206,1.01319
1.88214,1.00365
1.89213,0.99415
1.90202,0.984678
1.91182,0.975238
1.92153,0.96583
1.93114,0.956455
1.94066,0.947115
1.95008,0.937808
1.95941,0.928536
1.96865,0.919299
1.9778,0.910098
1.98686,0.900933
1.99582,0.891805
2.00469,0.882713
2.01347,0.873658
2.02216,0.864641
2.03077,0.855661
2.03928,0.846719
2.0477,0.837816
2.05603,0.828951
2.06428,0.820125
2.07244,0.811337
2.08051,0.802589
2.08849,0.793879
2.09638,0.785209
2.10419,0.776579
2.11192,0.767988
2.11955,0.759436
2.12711,0.750924
2.13457,0.742452
2.14195,0.734019
2.14925,0.725626
2.15647,0.717273
2.1636,0.708959
2.17065,0.700685
2.17761,0.692451
2.1845,0.684256
2.1913,0.6761
2.19802,0.667984
2.20466,0.659907
2.21122,0.651869
2.21769,0.64387
2.22409,0.63591
2.23041,0.627988
2.23665,0.620105
2.24282,0.61226
2.2489,0.604453
2.2549,0.596685
2.26083,0.588954
2.26668,0.58126
2.27246,0.573604
2.27816,0.565984
2.28378,0.558402
2.28932,0.550856
2.29479,0.543346
2.30019,0.535873
2.30551,0.528435
2.31076,0.521032
2.31593,0.513665
2.32103,0.506332
2.32606,0.499034
2.33101,0.49177
2.3359,0.48454
2.3407,0.477343
2.34544,0.47018
2.35011,0.46305
2.3547,0.455952
2.35923,0.448886
2.36368,0.441853
2.36806,0.43485
2.37238,0.427879
2.37662,0.420939
2.3808,0.414029
2.3849,0.407149
2.38894,0.400298
2.39291,0.393477
2.39681,0.386684
2.40064,0.37992
2.40441,0.373184
2.40811,0.366476
2.41174,0.359795
2.4153,0.353141
2.4188,0.346513
2.42223,0.339911
2.4256,0.333334
2.4289,0.326783
2.43214,0.320257
2.43531,0.313755
2.43841,0.307276
2.44145,0.300821
2.44443,0.294389
2.44734,0.28798
2.45019,0.281593
2.45297,0.275228
2.45569,0.268883
2.45835,0.26256
2.46094,0.256257
2.46347,0.249974
2.46594,0.24371
2.46835,0.237465
2.47069,0.231239
2.47297,0.225031
2.47519,0.218841
2.47735,0.212668
2.47945,0.206511
2.48148,0.200371
2.48345,0.194247
2.48536,0.188138
2.48722,0.182044
2.48901,0.175965
2.49073,0.169899
2.4924,0.163847
2.49401,0.157808
2.49556,0.151782
2.49705,0.145767
2.49848,0.139765
2.49984,0.133773
2.50115,0.127792
2.5024,0.121822
2.50359,0.115861
2.50472,0.10991
2.50579,0.103967
2.5068,0.0980331
2.50775,0.0921068
2.50864,0.0861879
2.50947,0.0802759
2.51024,0.0743705
2.51096,0.068471
2.51161,0.0625771
2.51221,0.0566882
2.51275,0.0508039
2.51323,0.0449237
2.51364,0.0390472
2.51401,0.0331738
2.51431,0.0273031
2.51455,0.0214346
2.51474,0.0155678
2.51486,0.00970233
2.51493,0.00383761
2.51494,-0.00202679
2.51489,-0.00789136
2.51478,-0.0137566
2.51462,-0.0196229
2.51439,-0.0254908
2.51411,-0.0313608
2.51376,-0.0372333
2.51336,-0.0431088
2.5129,-0.0489878
2.51238,-0.0548708
2.5118,-0.0607582
2.51117,-0.0666505
2.51047,-0.0725482
2.50972,-0.0784518
2.5089,-0.0843617
2.50803,-0.0902784
2.5071,-0.0962023
2.5061,-0.102134
2.50505,-0.108074
2.50394,-0.114023
2.50277,-0.11998
2.50154,-0.125948
2.50025,-0.131925
2.4989,-0.137913
2.49749,-0.143913
2.49603,-0.149923
2.4945,-0.155946
2.49291,-0.161981
2.49126,-0.168029
2.48955,-0.17409
2.48777,-0.180165
2.48594,-0.186255
2.48405,-0.192359
2.4821,-0.198479
2.48008,-0.204614
2.478,-0.210765
2.47586,-0.216933
2.47366,-0.223118
2.4714,-0.22932
2.46908,-0.235541
2.46669,-0.24178
2.46424,-0.248038
2.46173,-0.254315
2.45916,-0.260611
2.45652,-0.266929
2.45382,-0.273266
2.45105,-0.279625
2.44822,-0.286006
2.44533,-0.292408
2.44238,-0.298833
2.43936,-0.305281
2.43627,-0.311752
2.43312,-0.318246
2.42991,-0.324765
2.42663,-0.331309
2.42328,-0.337877
2.41987,-0.344471
2.41639,-0.351091
2.41285,-0.357737
2.40924,-0.36441
2.40556,-0.37111
2.40181,-0.377837
2.398,-0.384593
2.39412,-0.391376
2.39017,-0.398189
2.38616,-0.40503
2.38207,-0.411901
2.37792,-0.418802
2.3737,-0.425733
2.3694,-0.432695
2.36504,-0.439687
2.36061,-0.446711
2.35611,-0.453767
2.35153,-0.460855
2.34689,-0.467975
2.34218,-0.475128
2.33739,-0.482314
2.33253,-0.489534
2.3276,-0.496787
2.32259,-0.504075
2.31752,-0.511397
2.31237,-0.518753
2.30714,-0.526145
2.30184,-0.533572
2.29647,-0.541035
2.29102,-0.548533
2.2855,-0.556068
2.2799,-0.563639
2.27423,-0.571247
2.26847,-0.578892
2.26265,-0.586574
2.25674,-0.594293
2.25076,-0.602051
2.2447,-0.609846
2.23856,-0.617679
2.23235,-0.62555
2.22605,-0.633459
2.21968,-0.641408
2.21322,-0.649395
2.20669,-0.657421
2.20008,-0.665486
2.19338,-0.67359
2.1866,-0.681733
2.17975,-0.689916
2.17281,-0.698138
2.16578,-0.7064
2.15868,-0.714702
2.15149,-0.723043
2.14422,-0.731423
2.13686,-0.739844
2.12942,-0.748304
2.12189,-0.756803
2.11428,-0.765343
2.10659,-0.773922
2.09881,-0.78254
2.09094,-0.791198
2.08298,-0.799895
2.07494,-0.808632
2.06681,-0.817407
2.05859,-0.826221
2.05028,-0.835074
2.04189,-0.843966
2.0334,-0.852896
2.02483,-0.861864
2.01617,-0.87087
2.00741,-0.879913
1.99857,-0.888993
1.98963,-0.898111
1.98061,-0.907264
1.97149,-0.916454
1.96228,-0.92568
1.95297,-0.934941
1.94358,-0.944237
1.93409,-0.953567
1.92451,-0.962932
1.91483,-0.972329
1.90506,-0.98176
1.89519,-0.991222
1.88524,-1.00072
1.87518,-1.01024
1.86503,-1.0198
1.85478,-1.02938
1.84444,-1.039
1.834,-1.04864
1.82347,-1.05831
1.81284,-1.068
1.80211,-1.07772
1.79128,-1.08747
1.78036,-1.09724
1.76934,-1.10703
1.75822,-1.11685
1.747,-1.12668
1.73569,-1.13654
1.72427,-1.14641
1.71276,-1.1563
1.70115,-1.16621
1.68943,-1.17613
1.67762,-1.18607
1.66571,-1.19602
1.6537,-1.20598
1.64159,-1.21595
1.62938,-1.22593
1.61707,-1.23591
1.60466,-1.2459
1.59216,-1.2559
1.57955,-1.2659
1.56684,-1.2759
1.55403,-1.2859
1.54112,-1.2959
1.52811,-1.30589
1.515,-1.31588
1.50179,-1.32586
1.48849,-1.33583
1.47508,-1.34579
1.46157,-1.35574
1.44796,-1.36567
1.43426,-1.37558
1.42045,-1.38548
1.40655,-1.39536
1.39254,-1.40521
1.37844,-1.41504
1.36424,-1.42484
1.34995,-1.43461
1.33555,-1.44436
1.32106,-1.45406
1.30647,-1.46373
1.29178,-1.47337
1.277,-1.48296
1.26213,-1.49251
1.24715,-1.50201
1.23208,-1.51147
1.21692,-1.52088
1.20167,-1.53023
1.18632,-1.53953
1.17088,-1.54877
1.15534,-1.55795
1.13972,-1.56707
1.124,-1.57612
1.1082,-1.5851
1.0923,-1.59402
1.07632,-1.60286
1.06024,-1.61162
1.04408,-1.6203
1.02784,-1.62891
1.01151,-1.63743
0.99509,-1.64586
0.978589,-1.6542
0.962006,-1.66245
0.945341,-1.67061
0.928594,-1.67867
0.911768,-1.68662
0.894862,-1.69448
0.877878,-1.70222
0.860818,-1.70986
0.843681,-1.71739
0.82647,-1.7248
0.809186,-1.7321
0.791829,-1.73928
0.774401,-1.74633
0.756903,-1.75326
0.739336,-1.76006
0.721702,-1.76674
0.704002,-1.77328
0.686237,-1.77968
0.668408,-1.78595
0.650518,-1.79208
0.632567,-1.79806
0.614557,-1.8039
0.59649,-1.80959
0.578366,-1.81513
0.560188,-1.82052
0.541956,-1.82576
0.523673,-1.83084
0.50534,-1.83576
0.486958,-1.84052
0.46853,-1.84512
0.450057,-1.84955
0.43154,-1.85382
0.412981,-1.85792
0.394382,-1.86184
0.375744,-1.8656
0.35707,-1.86918
0.338361,-1.87259
0.319619,-1.87582
0.300846,-1.87887
0.282042,-1.88175
0.263211,-1.88444
0.244354,-1.88695
0.225473,-1.88928
0.206569,-1.89142
0.187645,-1.89338
0.168702,-1.89515
0.149743,-1.89674
0.130768,-1.89813
0.111781,-1.89934
0.0927819,-1.90037
0.0737739,-1.9012
0.0547586,-1.90184
0.0357378,-1.90229
0.0167134,-1.90255
-0.00231269,-1.90263
-0.0213385,-1.90251
-0.0403622,-1.9022
-0.0593819,-1.9017
-0.0783956,-1.90101
-0.0974015,-1.90013
-0.116398,-1.89907
-0.135382,-1.89781
-0.154353,-1.89637
-0.173309,-1.89474
-0.192247,-1.89292
-0.211167,-1.89092
-0.230065,-1.88873
-0.248941,-1.88636
-0.267792,-1.8838
-0.286616,-1.88106
-0.305412,-1.87815
-0.324178,-1.87505
-0.342913,-1.87178
-0.361613,-1.86833
-0.380279,-1.8647
-0.398907,-1.8609
-0.417496,-1.85693
-0.436045,-1.8528
-0.454552,-1.84849
-0.473014,-1.84402
-0.491431,-1.83938
-0.509801,-1.83458
-0.528122,-1.82962
-0.546393,-1.8245
-0.564612,-1.81923
-0.582777,-1.8138
-0.600887,-1.80822
-0.618941,-1.80249
-0.636937,-1.79662
-0.654873,-1.7906
-0.672748,-1.78444
-0.690561,-1.77814
-0.708311,-1.7717
-0.725995,-1.76513
-0.743613,-1.75842
-0.761163,-1.75159
-0.778644,-1.74463
-0.796055,-1.73754
-0.813394,-1.73034
-0.830661,-1.72301
-0.847854,-1.71557
-0.864972,-1.70802
-0.882014,-1.70035
-0.898979,-1.69258
-0.915865,-1.6847
-0.932673,-1.67672
-0.949399,-1.66863
-0.966045,-1.66046
-0.982608,-1.65218
-0.999088,-1.64382
-1.01548,-1.63536
-1.0318,-1.62682
-1.04802,-1.6182
-1.06416,-1.6095
-1.08021,-1.60071
-1.09617,-1.59186
-1.11205,-1.58293
-1.12783,-1.57392
-1.14353,-1.56486
-1.15913,-1.55572
-1.17464,-1.54653
-1.19006,-1.53727
-1.20538,-1.52796
-1.22062,-1.51859
-1.23576,-1.50918
-1.2508,-1.49971
-1.26575,-1.49019
-1.2806,-1.48063
-1.29536,-1.47103
-1.31003,-1.46139
-1.32459,-1.45171
-1.33906,-1.44199
-1.35343,-1.43224
-1.3677,-1.42246
-1.38188,-1.41265
-1.39596,-1.40282
-1.40994,-1.39296
-1.42382,-1.38308
-1.4376,-1.37318
-1.45128,-1.36326
-1.46486,-1.35332
-1.47835,-1.34337
-1.49173,-1.3334
-1.50501,-1.32343
-1.5182,-1.31345
-1.53128,-1.30346
-1.54427,-1.29346
-1.55715,-1.28347
-1.56994,-1.27347
-1.58262,-1.26347
-1.59521,-1.25347
-1.60769,-1.24347
-1.62008,-1.23348
-1.63236,-1.2235
-1.64455,-1.21352
-1.65663,-1.20355
-1.66862,-1.1936
-1.6805,-1.18365
-1.69229,-1.17372
-1.70398,-1.1638
-1.71557,-1.15389
-1.72706,-1.14401
-1.73845,-1.13414
-1.74974,-1.12429
-1.76093,-1.11446
-1.77203,-1.10465
-1.78302,-1.09486
-1.79392,-1.0851
-1.80473,-1.07536
-1.81543,-1.06564
-1.82604,-1.05595
-1.83655,-1.04629
-1.84697,-1.03666
-1.85728,-1.02705
-1.86751,-1.01747
-1.87763,-1.00792
-1.88767,-0.998405
-1.8976,-0.988919
-1.90744,-0.979464
-1.91719,-0.970042
-1.92684,-0.960652
-1.9364,-0.951296
-1.94587,-0.941974
-1.95524,-0.932687
-1.96452,-0.923434
-1.97371,-0.914217
-1.98281,-0.905036
-1.99181,-0.895891
-2.00073,-0.886782
-2.00955,-0.877711
-2.01828,-0.868677
-2.02692,-0.85968
-2.03548,-0.850721
-2.04394,-0.841801
-2.05231,-0.832919
-2.0606,-0.824075
-2.06879,-0.81527
-2.0769,-0.806504
-2.08492,-0.797777
-2.09286,-0.78909
-2.1007,-0.780441
-2.10847,-0.771833
-2.11614,-0.763263
-2.12373,-0.754733
-2.13124,-0.746243
-2.13866,-0.737793
-2.14599,-0.729382
-2.15324,-0.721011
-2.16041,-0.71268
-2.1675,-0.704388
-2.1745,-0.696136
-2.18142,-0.687923
-2.18826,-0.67975
-2.19502,-0.671616
-2.20169,-0.663521
-2.20829,-0.655466
-2.2148,-0.647449
-2.22124,-0.639472
-2.22759,-0.631533
-2.23387,-0.623633
-2.24006,-0.615771
-2.24618,-0.607947
-2.25222,-0.600161
-2.25819,-0.592413
-2.26407,-0.584703
-2.26988,-0.57703
-2.27561,-0.569394
-2.28127,-0.561795
-2.28685,-0.554233
-2.29235,-0.546707
-2.29778,-0.539217
-2.30314,-0.531763
-2.30842,-0.524345
-2.31362,-0.516962
-2.31876,-0.509613
-2.32382,-0.5023
-2.3288,-0.495021
-2.33372,-0.487776
-2.33856,-0.480564
-2.34333,-0.473386
-2.34803,-0.466241
-2.35265,-0.459129
-2.35721,-0.452049
-2.36169,-0.445001
-2.36611,-0.437984
-2.37045,-0.430999
-2.37473,-0.424045
-2.37894,-0.417121
-2.38307,-0.410228
-2.38714,-0.403364
-2.39114,-0.39653
-2.39507,-0.389725
-2.39893,-0.382948
-2.40273,-0.376199
-2.40646,-0.369479
-2.41012,-0.362785
-2.41371,-0.356119
-2.41724,-0.349479
-2.4207,-0.342866
-2.4241,-0.336278
-2.42743,-0.329716
-2.43069,-0.323178
-2.43389,-0.316665
-2.43703,-0.310176
-2.4401,-0.303711
-2.4431,-0.297269
-2.44604,-0.290849
-2.44892,-0.284452
-2.45173,-0.278077
-2.45448,-0.271724
-2.45717,-0.265391
-2.45979,-0.259079
-2.46235,-0.252787
-2.46484,-0.246514
-2.46728,-0.240261
-2.46965,-0.234027
-2.47196,-0.227811
-2.47421,-0.221613
-2.47639,-0.215432
-2.47851,-0.209268
-2.48058,-0.203121
-2.48258,-0.196989
-2.48452,-0.190874
-2.48639,-0.184773
-2.48821,-0.178687
-2.48997,-0.172615
-2.49166,-0.166557
-2.4933,-0.160513
-2.49487,-0.154481
-2.49639,-0.148461
-2.49784,-0.142453
-2.49924,-0.136457
-2.50057,-0.130471
-2.50185,-0.124496
-2.50306,-0.118531
-2.50422,-0.112576
-2.50531,-0.106629
-2.50635,-0.100691
-2.50733,-0.0947615
-2.50825,-0.0888393
-2.5091,-0.0829243
-2.5099,-0.077016
-2.51064,-0.0711139
-2.51133,-0.0652176
-2.51195,-0.0593265
-2.51251,-0.0534402
-2.51302,-0.0475582
-2.51346,-0.0416801
-2.51385,-0.0358053
-2.51418,-0.0299335
-2.51445,-0.0240641
-2.51466,-0.0181966
-2.51481,-0.0123306
-2.51491,-0.00646557
-2.51494,-0.00060109
-2.51492,0.00526334
-2.51484,0.0111282
-2.5147,0.016994
-2.5145,0.0228611
-2.51424,0.0287301
-2.51392,0.0346014
-2.51355,0.0404755
-2.51311,0.0463529
-2.51262,0.0522341
-2.51207,0.0581194
-2.51146,0.0640095
-2.51079,0.0699047
-2.51006,0.0758056
-2.50927,0.0817126
-2.50843,0.0876262
-2.50752,0.0935468
-2.50656,0.099475
-2.50553,0.105411
-2.50445,0.111356
-2.5033,0.11731
-2.5021,0.123273
-2.50084,0.129246
-2.49952,0.135229
-2.49813,0.141223
-2.49669,0.147228
-2.49519,0.153246
-2.49363,0.159275
-2.492,0.165317
-2.49032,0.171372
-2.48858,0.177441
-2.48677,0.183524
-2.48491,0.189622
-2.48298,0.195735
-2.48099,0.201863
-2.47894,0.208007
-2.47683,0.214167
-2.47466,0.220344
-2.47242,0.226539
-2.47013,0.232751
-2.46777,0.238982
-2.46535,0.245231
-2.46286,0.251499
-2.46032,0.257787
-2.45771,0.264095
-2.45504,0.270424
-2.4523,0.276773
-2.4495,0.283144
-2.44664,0.289536
-2.44371,0.295951
-2.44072,0.302388
-2.43766,0.308849
-2.43454,0.315333
-2.43135,0.321841
-2.4281,0.328374
-2.42479,0.334931
-2.4214,0.341513
-2.41796,0.348122
-2.41444,0.354756
-2.41086,0.361417
-2.40721,0.368104
-2.4035,0.374819
-2.39972,0.381562
-2.39587,0.388333
-2.39195,0.395132
-2.38797,0.401961
-2.38391,0.408818
-2.37979,0.415706
-2.3756,0.422623
-2.37134,0.429571
-2.36701,0.43655
-2.36261,0.44356
-2.35813,0.450601
-2.35359,0.457675
-2.34898,0.46478
-2.3443,0.471919
-2.33954,0.47909
-2.33472,0.486294
-2.32982,0.493533
-2.32484,0.500805
-2.3198,0.508111
-2.31468,0.515452
-2.30949,0.522828
-2.30423,0.53024
-2.29889,0.537686
-2.29347,0.545169
-2.28798,0.552687
-2.28242,0.560242
-2.27678,0.567833
-2.27106,0.575462
-2.26527,0.583127
-2.2594,0.59083
-2.25345,0.59857
-2.24743,0.606348
-2.24132,0.614164
-2.23514,0.622018
-2.22888,0.62991
-2.22255,0.637841
-2.21613,0.645811
-2.20963,0.653819
-2.20305,0.661867
-2.19639,0.669953
-2.18965,0.678079
-2.18283,0.686244
-2.17593,0.694449
-2.16894,0.702693
-2.16187,0.710977
-2.15472,0.7193
-2.14749,0.727663
-2.14017,0.736066
-2.13276,0.744508
-2.12528,0.75299
-2.1177,0.761511
-2.11005,0.770073
-2.1023,0.778673
-2.09447,0.787314
-2.08656,0.795993
-2.07855,0.804712
-2.07046,0.81347
-2.06228,0.822267
-2.05402,0.831102
-2.04566,0.839977
-2.03722,0.84889
-2.02868,0.85784
-2.02006,0.866829
-2.01135,0.875856
-2.00254,0.88492
-1.99365,0.89402
-1.98466,0.903158
-1.97559,0.912332
-1.96642,0.921542
-1.95715,0.930787
-1.9478,0.940067
-1.93835,0.949382
-1.92881,0.958731
-1.91918,0.968114
-1.90945,0.97753
-1.89963,0.986978
-1.88971,0.996458
-1.8797,1.00597
-1.86959,1.01551
-1.85939,1.02508
-1.84909,1.03468
-1.83869,1.04431
-1.8282,1.05397
-1.81761,1.06365
-1.80693,1.07336
-1.79615,1.0831
-1.78527,1.09286
-1.77429,1.10264
-1.76321,1.11244
-1.75204,1.12227
-1.74077,1.13212
-1.7294,1.14198
-1.71793,1.15187
-1.70636,1.16177
-1.69469,1.17168
-1.68293,1.18161
-1.67106,1.19156
-1.6591,1.20151
-1.64703,1.21148
-1.63487,1.22145
-1.6226,1.23144
-1.61024,1.24143
-1.59777,1.25142
-1.58521,1.26142
-1.57255,1.27142
-1.55978,1.28142
-1.54692,1.29142
-1.53395,1.30141
-1.52089,1.3114
-1.50772,1.32139
-1.49446,1.33136
-1.4811,1.34133
-1.46763,1.35128
-1.45407,1.36122
-1.44041,1.37114
-1.42665,1.38105
-1.41279,1.39094
-1.39883,1.4008
-1.38477,1.41064
-1.37062,1.42045
-1.35636,1.43024
-1.34201,1.43999
-1.32756,1.44972
-1.31302,1.45941
-1.29838,1.46906
-1.28364,1.47867
-1.2688,1.48824
-1.25387,1.49776
-1.23885,1.50724
-1.22373,1.51667
-1.20852,1.52605
-1.19321,1.53537
-1.17781,1.54464
-1.16232,1.55384
-1.14673,1.56299
-1.13106,1.57207
-1.11529,1.58109
-1.09943,1.59003
-1.08349,1.5989
-1.06746,1.6077
-1.05134,1.61642
-1.03513,1.62506
-1.01884,1.63362
-1.00246,1.64209
-0.985994,1.65047
-0.969447,1.65877
-0.952818,1.66697
-0.936108,1.67507
-0.919317,1.68307
-0.902447,1.69097
-0.885498,1.69877
-0.868472,1.70645
-0.85137,1.71403
-0.834192,1.7215
-0.81694,1.72885
-0.799615,1.73608
-0.782219,1.74319
-0.764752,1.75017
-0.747216,1.75703
-0.729612,1.76376
-0.711941,1.77036
-0.694205,1.77683
-0.676405,1.78316
-0.658542,1.78935
-0.640619,1.7954
-0.622635,1.8013
-0.604593,1.80706
-0.586494,1.81267
-0.56834,1.81813
-0.550132,1.82343
-0.531872,1.82858
-0.513561,1.83357
-0.495201,1.83841
-0.476794,1.84308
-0.45834,1.84758
-0.439842,1.85193
-0.421302,1.8561
-0.402721,1.8601
-0.384101,1.86394
-0.365443,1.8676
-0.346749,1.87108
-0.328022,1.87439
-0.309262,1.87753
-0.290472,1.88048
-0.271653,1.88326
-0.252807,1.88585
-0.233937,1.88826
-0.215043,1.89048
-0.196128,1.89252
-0.177193,1.89438
-0.158241,1.89605
-0.139273,1.89753
-0.120291,1.89883
-0.101297,1.89993
-0.0822926,1.90085
-0.0632803,1.90158
-0.0442617,1.90211
-0.0252387,1.90246
-0.00621314,1.90262
0.012813,1.90258
0.0318379,1.90236
0.0508596,1.90195
0.0698762,1.90134
0.0888859,1.90055
0.107887,1.89957
0.126877,1.8984
0.145854,1.89704
0.164817,1.89549
0.183763,1.89376
0.202691,1.89184
0.221599,1.88973
0.240485,1.88744
0.259348,1.88497
0.278184,1.88231
0.296993,1.87948
0.315773,1.87646
0.334522,1.87327
0.353238,1.8699
0.371919,1.86635
0.390564,1.86263
0.409171,1.85873
0.427738,1.85467
0.446264,1.85044
0.464747,1.84604
0.483184,1.84148
0.501575,1.83675
0.519919,1.83186
0.538212,1.82681
0.556454,1.82161
0.574644,1.81625
0.592779,1.81074
0.610858,1.80508
0.62888,1.79927
0.646843,1.79331
0.664746,1.78722
0.682587,1.78098
0.700365,1.7746
0.718078,1.76809
0.735726,1.76144
0.753307,1.75467
0.770819,1.74776
0.788262,1.74073
0.805633,1.73358
0.822933,1.72631
0.840159,1.71892
0.857311,1.71142
0.874387,1.7038
0.891387,1.69607
0.908308,1.68824
0.925151,1.6803
0.941914,1.67227
0.958596,1.66413
0.975196,1.6559
0.991714,1.64758
1.00815,1.63916
1.0245,1.63066
1.04076,1.62207
1.05694,1.61341
1.07303,1.60466
1.08903,1.59583
1.10494,1.58694
1.12077,1.57797
1.1365,1.56893
1.15215,1.55982
1.1677,1.55066
1.18316,1.54143
1.19853,1.53214
1.2138,1.5228
1.22898,1.5134
1.24407,1.50396
1.25906,1.49446
1.27396,1.48492
1.28876,1.47534
1.30347,1.46571
1.31808,1.45605
1.33259,1.44635
1.347,1.43661
1.36132,1.42685
1.37554,1.41705
1.38966,1.40723
1.40368,1.39738
1.41761,1.38751
1.43143,1.37761
1.44516,1.3677
1.45879,1.35777
1.47232,1.34783
1.48574,1.33787
1.49907,1.3279
1.5123,1.31792
1.52543,1.30794
1.53846,1.29794
1.55139,1.28795
1.56422,1.27795
1.57695,1.26795
1.58958,1.25795
1.60211,1.24795
1.61454,1.23796
1.62687,1.22797
1.6391,1.21799
1.65123,1.20802
1.66326,1.19806
1.67519,1.18811
1.68702,1.17817
1.69875,1.16824
1.71039,1.15833
1.72192,1.14844
1.73335,1.13856
1.74469,1.1287
1.75593,1.11886
1.76707,1.10904
1.77811,1.09924
1.78905,1.08947
1.7999,1.07972
1.81065,1.06999
1.8213,1.06029
1.83185,1.05062
1.84231,1.04097
1.85267,1.03135
1.86294,1.02176
1.87311,1.0122
1.88318,1.00267
1.89316,0.993166
1.90305,0.983697
1.91284,0.97426
1.92253,0.964856
1.93213,0.955484
1.94164,0.946147
1.95106,0.936844
1.96038,0.927576
1.96961,0.918343
1.97874,0.909145
1.98779,0.899984
1.99674,0.890859
2.00561,0.881771
2.01438,0.87272
2.02306,0.863707
2.03165,0.854731
2.04016,0.845793
2.04857,0.836894
2.05689,0.828033
2.06513,0.819211
2.07328,0.810427
2.08134,0.801683
2.08931,0.792978
2.0972,0.784312
2.105,0.775685
2.11271,0.767098
2.12034,0.758551
2.12788,0.750043
2.13534,0.741575
2.14272,0.733146
2.15001,0.724757
2.15721,0.716408
2.16433,0.708099
2.17137,0.699829
2.17833,0.691598
2.18521,0.683408
2.192,0.675256
2.19871,0.667144
2.20534,0.659071
2.21189,0.651037
2.21836,0.643042
2.22475,0.635086
2.23106,0.627168
2.2373,0.619289
2.24345,0.611448
2.24953,0.603645
2.25552,0.595881
2.26144,0.588153
2.26729,0.580464
2.27305,0.572811
2.27874,0.565196
2.28436,0.557617
2.2899,0.550075
2.29536,0.542569
2.30075,0.535099
2.30606,0.527665
2.3113,0.520266
2.31647,0.512902
2.32156,0.505573
2.32658,0.498278
2.33152,0.491018
2.3364,0.483791
2.3412,0.476598
2.34593,0.469439
2.35059,0.462312
2.35518,0.455217
2.35969,0.448155
2.36414,0.441124
2.36852,0.434125
2.37282,0.427157
2.37706,0.42022
2.38123,0.413313
2.38533,0.406436
2.38936,0.399589
2.39332,0.392771
2.39721,0.385981
2.40104,0.37922
2.4048,0.372487
2.40849,0.365781
2.41211,0.359103
2.41567,0.352452
2.41916,0.345826
2.42259,0.339227
2.42594,0.332653
2.42924,0.326105
2.43247,0.319581
2.43563,0.313081
2.43873,0.306605
2.44176,0.300153
2.44473,0.293723
2.44764,0.287316
2.45048,0.280931
2.45326,0.274568
2.45597,0.268226
2.45862,0.261905
2.46121,0.255604
2.46373,0.249323
2.46619,0.243061
2.46859,0.236818
2.47093,0.230594
2.47321,0.224388
2.47542,0.218199
2.47757,0.212028
2.47966,0.205873
2.48169,0.199735
2.48365,0.193612
2.48556,0.187505
2.4874,0.181413
2.48919,0.175334
2.49091,0.16927
2.49257,0.16322
2.49418,0.157182
2.49572,0.151157
2.4972,0.145144
2.49862,0.139142
2.49998,0.133152
2.50128,0.127172
2.50252,0.121203
2.50371,0.115243
2.50483,0.109293
2.50589,0.103351
2.5069,0.0974177
2.50784,0.0914922
2.50873,0.085574
2.50955,0.0796628
2.51032,0.0737579
2.51103,0.0678591
2.51168,0.0619657
2.51227,0.0560773
2.5128,0.0501935
2.51327,0.0443137
2.51369,0.0384375
2.51404,0.0325644
2.51434,0.0266939
2.51457,0.0208256
2.51475,0.014959
2.51487,0.00909364
2.51493,0.00322898
2.51494,-0.00263542
2.51488,-0.00850003
2.51477,-0.0143653
2.51459,-0.0202318
2.51436,-0.0260999
2.51407,-0.0319701
2.51372,-0.0378429
2.51332,-0.0437188
2.51285,-0.0495982
2.51232,-0.0554816
2.51174,-0.0613695
2.5111,-0.0672623
2.51039,-0.0731606
2.50963,-0.0790648
2.50881,-0.0849754
2.50793,-0.0908928
2.507,-0.0968176
2.506,-0.10275
2.50494,-0.108691
2.50382,-0.114641
2.50265,-0.120599
2.50141,-0.126568
2.50012,-0.132546
2.49876,-0.138536
2.49735,-0.144536
2.49587,-0.150548
2.49433,-0.156572
2.49274,-0.162608
2.49108,-0.168657
2.48937,-0.17472
2.48759,-0.180797
2.48575,-0.186888
2.48385,-0.192994
2.48189,-0.199115
2.47987,-0.205251
2.47778,-0.211404
2.47564,-0.217574
2.47343,-0.223761
2.47116,-0.229965
2.46883,-0.236187
2.46644,-0.242428
2.46398,-0.248688
2.46147,-0.254967
2.45889,-0.261266
2.45624,-0.267585
2.45353,-0.273925
2.45076,-0.280286
2.44793,-0.286669
2.44503,-0.293074
2.44207,-0.299501
2.43904,-0.305951
2.43595,-0.312425
2.43279,-0.318922
2.42957,-0.325443
2.42628,-0.331989
2.42293,-0.338561
2.41951,-0.345157
2.41603,-0.35178
2.41247,-0.358429
2.40886,-0.365104
2.40517,-0.371807
2.40142,-0.378537
2.3976,-0.385295
2.39371,-0.392082
2.38976,-0.398897
2.38574,-0.405742
2.38164,-0.412616
2.37748,-0.41952
2.37325,-0.426454
2.36895,-0.433419
2.36459,-0.440415
2.36015,-0.447442
2.35564,-0.454501
2.35106,-0.461592
2.3464,-0.468716
2.34168,-0.475872
2.33689,-0.483062
2.33202,-0.490285
2.32708,-0.497542
2.32207,-0.504833
2.31698,-0.512159
2.31183,-0.519519
2.30659,-0.526914
2.30129,-0.534345
2.29591,-0.541811
2.29045,-0.549314
2.28492,-0.556852
2.27931,-0.564427
2.27363,-0.572039
2.26787,-0.579688
2.26204,-0.587373
2.25613,-0.595097
2.25014,-0.602858
2.24407,-0.610657
2.23792,-0.618494
2.2317,-0.626369
2.2254,-0.634283
2.21901,-0.642235
2.21255,-0.650226
2.20601,-0.658256
2.19939,-0.666325
2.19268,-0.674433
2.1859,-0.682581
2.17903,-0.690768
2.17208,-0.698994
2.16505,-0.70726
2.15794,-0.715565
2.15074,-0.723911
2.14346,-0.732295
2.13609,-0.74072
2.12864,-0.749184
2.12111,-0.757688
2.11349,-0.766231
2.10578,-0.774814
2.09799,-0.783437
2.09011,-0.792099
2.08215,-0.8008
2.0741,-0.809541
2.06596,-0.81832
2.05773,-0.827138
2.04942,-0.835995
2.04101,-0.844891
2.03252,-0.853825
2.02394,-0.862797
2.01526,-0.871806
2.0065,-0.880853
1.99765,-0.889938
1.9887,-0.899059
1.97966,-0.908217
1.97054,-0.91741
1.96132,-0.92664
1.952,-0.935904
1.9426,-0.945204
1.9331,-0.954538
1.92351,-0.963905
1.91382,-0.973306
1.90404,-0.98274
1.89417,-0.992206
1.8842,-1.0017
1.87413,-1.01123
1.86397,-1.02079
1.85372,-1.03038
1.84336,-1.03999
1.83292,-1.04964
1.82237,-1.05931
1.81173,-1.06901
1.80099,-1.07873
1.79015,-1.08848
1.77922,-1.09825
1.76819,-1.10805
1.75706,-1.11787
1.74583,-1.1277
1.73451,-1.13756
1.72308,-1.14743
1.71156,-1.15733
1.69993,-1.16724
1.68821,-1.17716
1.67639,-1.1871
1.66447,-1.19705
1.65245,-1.20701
1.64033,-1.21698
1.62811,-1.22696
1.61579,-1.23695
1.60337,-1.24694
1.59085,-1.25694
1.57823,-1.26694
1.56551,-1.27694
1.55269,-1.28694
1.53977,-1.29693
1.52676,-1.30693
1.51364,-1.31691
1.50042,-1.32689
1.4871,-1.33686
1.47368,-1.34682
1.46016,-1.35677
1.44654,-1.3667
1.43283,-1.37661
1.41901,-1.38651
1.4051,-1.39638
1.39108,-1.40623
1.37697,-1.41606
1.36276,-1.42586
1.34846,-1.43563
1.33405,-1.44536
1.31955,-1.45507
1.30495,-1.46474
1.29025,-1.47436
1.27546,-1.48395
1.26058,-1.4935
1.24559,-1.503
1.23052,-1.51245
1.21534,-1.52185
1.20008,-1.5312
1.18472,-1.54049
1.16927,-1.54972
1.15373,-1.5589
1.13809,-1.56801
1.12237,-1.57705
1.10655,-1.58603
1.09065,-1.59494
1.07465,-1.60377
1.05857,-1.61252
1.0424,-1.6212
1.02615,-1.6298
1.00981,-1.63831
0.993381,-1.64673
0.976872,-1.65506
0.96028,-1.6633
0.943606,-1.67145
0.926851,-1.6795
0.910017,-1.68744
0.893103,-1.69529
0.876111,-1.70302
0.859043,-1.71065
0.841899,-1.71817
0.82468,-1.72557
0.807388,-1.73285
0.790023,-1.74002
0.772588,-1.74706
0.755083,-1.75397
0.737509,-1.76076
0.719868,-1.76742
0.702161,-1.77395
0.684389,-1.78034
0.666555,-1.78659
0.648658,-1.7927
0.630701,-1.79867
0.612685,-1.8045
0.594611,-1.81017
0.576482,-1.8157
0.558298,-1.82107
0.540061,-1.82629
0.521773,-1.83136
0.503434,-1.83626
0.485048,-1.841
0.466615,-1.84559
0.448137,-1.85
0.429615,-1.85425
0.411052,-1.85833
0.392449,-1.86224
0.373808,-1.86598
0.35513,-1.86954
0.336418,-1.87293
0.317672,-1.87615
0.298895,-1.87918
0.280089,-1.88203
0.261255,-1.88471
0.242396,-1.8872
0.223512,-1.88951
0.204606,-1.89163
0.18568,-1.89357
0.166735,-1.89532
0.147774,-1.89689
0.128798,-1.89827
0.109809,-1.89946
0.0908096,-1.90046
0.0718008,-1.90127
0.0527848,-1.9019
0.0337635,-1.90233
0.0147388,-1.90257
-0.00428729,-1.90262
-0.023313,-1.90248
-0.0423364,-1.90216
-0.0613555,-1.90164
-0.0803685,-1.90093
-0.0993735,-1.90003
-0.118369,-1.89895
-0.137352,-1.89767
-0.156321,-1.89621
-0.175275,-1.89456
-0.194212,-1.89272
-0.213129,-1.8907
-0.232025,-1.88849
-0.250898,-1.8861
-0.269747,-1.88353
-0.288568,-1.88077
-0.307361,-1.87783
-0.326124,-1.87472
-0.344855,-1.87143
-0.363552,-1.86796
-0.382214,-1.86432
-0.400838,-1.8605
-0.419423,-1.85651
-0.437968,-1.85236
-0.45647,-1.84803
-0.474928,-1.84354
-0.49334,-1.83889
-0.511705,-1.83407
-0.530021,-1.82909
-0.548286,-1.82396
-0.5665,-1.81867
-0.584659,-1.81323
-0.602764,-1.80763
-0.620811,-1.80189
-0.638801,-1.796
-0.656731,-1.78997
-0.6746,-1.78379
-0.692406,-1.77748
-0.710149,-1.77102
-0.727826,-1.76444
-0.745437,-1.75772
-0.76298,-1.75087
-0.780454,-1.7439
-0.797858,-1.7368
-0.81519,-1.72958
-0.832449,-1.72225
-0.849634,-1.71479
-0.866745,-1.70723
-0.883779,-1.69955
-0.900735,-1.69176
-0.917613,-1.68387
-0.934412,-1.67588
-0.951131,-1.66779
-0.967768,-1.6596
-0.984322,-1.65132
-1.00079,-1.64294
-1.01718,-1.63448
-1.03348,-1.62593
-1.0497,-1.6173
-1.06583,-1.60859
-1.08187,-1.5998
-1.09782,-1.59093
-1.11369,-1.58199
-1.12946,-1.57299
-1.14515,-1.56391
-1.16074,-1.55477
-1.17624,-1.54557
-1.19165,-1.53631
-1.20697,-1.52699
-1.22219,-1.51762
-1.23732,-1.5082
-1.25236,-1.49872
-1.2673,-1.4892
-1.28214,-1.47964
-1.29689,-1.47003
-1.31154,-1.46038
-1.3261,-1.4507
-1.34056,-1.44098
-1.35492,-1.43123
-1.36918,-1.42145
-1.38335,-1.41163
-1.39741,-1.4018
-1.41138,-1.39193
-1.42525,-1.38205
-1.43902,-1.37215
-1.45269,-1.36222
-1.46627,-1.35229
-1.47974,-1.34233
-1.49311,-1.33237
-1.50639,-1.3224
-1.51956,-1.31241
-1.53264,-1.30242
-1.54561,-1.29243
-1.55848,-1.28243
-1.57126,-1.27243
-1.58393,-1.26243
-1.59651,-1.25243
-1.60898,-1.24244
-1.62136,-1.23245
-1.63363,-1.22246
-1.6458,-1.21249
-1.65788,-1.20252
-1.66985,-1.19256
-1.68173,-1.18262
-1.69351,-1.17269
-1.70518,-1.16277
-1.71676,-1.15287
-1.72824,-1.14298
-1.73962,-1.13311
-1.7509,-1.12327
-1.76209,-1.11344
-1.77317,-1.10363
-1.78416,-1.09385
-1.79505,-1.08409
-1.80584,-1.07435
-1.81654,-1.06464
-1.82714,-1.05495
-1.83764,-1.04529
-1.84804,-1.03566
-1.85835,-1.02605
-1.86856,-1.01648
-1.87868,-1.00693
-1.8887,-0.997419
-1.89863,-0.987936
-1.90846,-0.978485
-1.9182,-0.969066
-1.92784,-0.95968
-1.93739,-0.950327
-1.94685,-0.941009
-1.95621,-0.931725
-1.96548,-0.922476
-1.97466,-0.913262
-1.98375,-0.904085
-1.99274,-0.894944
-2.00165,-0.885839
-2.01046,-0.876772
-2.01918,-0.867741
-2.02781,-0.858749
-2.03636,-0.849794
-2.04481,-0.840877
-2.05318,-0.831999
-2.06145,-0.823159
-2.06964,-0.814358
-2.07774,-0.805597
-2.08575,-0.796874
-2.09368,-0.78819
-2.10151,-0.779546
-2.10927,-0.770941
-2.11693,-0.762376
-2.12451,-0.753851
-2.13201,-0.745365
-2.13942,-0.736918
-2.14675,-0.728512
-2.15399,-0.720145
-2.16115,-0.711817
-2.16823,-0.70353
-2.17522,-0.695282
-2.18213,-0.687073
-2.18896,-0.678904
-2.19571,-0.670774
-2.20238,-0.662684
-2.20897,-0.654632
-2.21547,-0.64662
-2.2219,-0.638646
-2.22825,-0.630711
-2.23451,-0.622815
-2.2407,-0.614957
-2.24681,-0.607137
-2.25285,-0.599355
-2.2588,-0.591611
-2.26468,-0.583905
-2.27048,-0.576236
-2.2762,-0.568604
-2.28185,-0.561009
-2.28742,-0.55345
-2.29292,-0.545928
-2.29834,-0.538442
-2.30369,-0.530992
-2.30896,-0.523577
-2.31416,-0.516197
-2.31929,-0.508853
-2.32434,-0.501543
-2.32932,-0.494267
-2.33422,-0.487026
-2.33906,-0.479818
-2.34382,-0.472643
-2.34851,-0.465501
-2.35313,-0.458392
-2.35768,-0.451316
-2.36216,-0.444271
-2.36656,-0.437258
-2.3709,-0.430276
-2.37517,-0.423325
-2.37937,-0.416405
-2.3835,-0.409514
-2.38756,-0.402654
-2.39155,-0.395822
-2.39547,-0.38902
-2.39933,-0.382246
-2.40312,-0.375501
-2.40684,-0.368783
-2.4105,-0.362092
-2.41408,-0.355429
-2.4176,-0.348792
-2.42106,-0.342181
-2.42445,-0.335596
-2.42777,-0.329036
-2.43103,-0.322501
-2.43422,-0.315991
-2.43735,-0.309504
-2.44041,-0.303041
-2.44341,-0.296602
-2.44634,-0.290185
-2.44921,-0.28379
-2.45202,-0.277417
-2.45476,-0.271065
-2.45744,-0.264735
-2.46006,-0.258425
-2.46261,-0.252135
-2.4651,-0.245865
-2.46753,-0.239613
-2.46989,-0.233381
-2.47219,-0.227167
-2.47443,-0.22097
-2.47661,-0.214791
-2.47873,-0.208629
-2.48079,-0.202484
-2.48278,-0.196354
-2.48471,-0.19024
-2.48659,-0.184141
-2.4884,-0.178056
-2.49015,-0.171986
-2.49184,-0.165929
-2.49347,-0.159886
-2.49503,-0.153855
-2.49654,-0.147837
-2.49799,-0.14183
-2.49938,-0.135835
-2.50071,-0.129851
-2.50198,-0.123877
-2.50318,-0.117913
-2.50433,-0.111958
-2.50542,-0.106013
-2.50645,-0.100075
-2.50743,-0.0941465
-2.50834,-0.0882251
-2.50919,-0.0823108
-2.50998,-0.0764032
-2.51072,-0.0705017
-2.51139,-0.0646059
-2.51201,-0.0587154
-2.51257,-0.0528295
-2.51307,-0.046948
-2.51351,-0.0410702
-2.51389,-0.0351958
-2.51421,-0.0293242
-2.51447,-0.023455
-2.51468,-0.0175877
-2.51483,-0.0117219
-2.51491,-0.00585692
-2.51494,7.53392e-06
-2.51491,0.00587199
-2.51483,0.0117369
-2.51468,0.0176028
-2.51447,0.0234701
-2.51421,0.0293393
-2.51389,0.0352109
-2.51351,0.0410853
-2.51307,0.0469631
-2.51257,0.0528447
-2.51201,0.0587305
-2.51139,0.0646211
-2.51072,0.0705169
-2.50998,0.0764183
-2.50919,0.082326
-2.50834,0.0882403
-2.50742,0.0941617
-2.50645,0.100091
-2.50542,0.106028
-2.50433,0.111973
-2.50318,0.117928
-2.50197,0.123892
-2.5007,0.129866
-2.49938,0.13585
-2.49799,0.141846
-2.49654,0.147852
-2.49503,0.153871
-2.49346,0.159901
-2.49183,0.165945
-2.49014,0.172002
-2.48839,0.178072
-2.48658,0.184156
-2.48471,0.190256
-2.48278,0.19637
-2.48078,0.202499
-2.47873,0.208645
-2.47661,0.214807
-2.47443,0.220986
-2.47219,0.227183
-2.46989,0.233397
-2.46752,0.239629
-2.46509,0.245881
-2.4626,0.252151
-2.46005,0.258441
-2.45743,0.264751
-2.45475,0.271082
-2.45201,0.277433
-2.44921,0.283806
-2.44634,0.290201
-2.4434,0.296618
-2.4404,0.303058
-2.43734,0.309521
-2.43421,0.316007
-2.43102,0.322518
-2.42776,0.329053
-2.42444,0.335613
-2.42105,0.342198
-2.4176,0.348809
-2.41407,0.355446
-2.41049,0.36211
-2.40683,0.3688
-2.40311,0.375518
-2.39932,0.382264
