0.1,1.99
0.119895,1.9889
0.139777,1.98761
0.159646,1.98612
0.179499,1.98443
0.199334,1.98255
0.219149,1.98047
0.238943,1.9782
0.258713,1.97574
0.278457,1.97308
0.298174,1.97024
0.317861,1.96721
0.337517,1.96399
0.35714,1.96058
0.376728,1.957
0.39628,1.95323
0.415792,1.94928
0.435265,1.94515
0.454695,1.94085
0.474081,1.93637
0.493421,1.93172
0.512715,1.9269
0.531959,1.92191
0.551152,1.91675
0.570293,1.91143
0.58938,1.90596
0.608412,1.90032
0.627386,1.89452
0.646302,1.88858
0.665157,1.88248
0.683951,1.87624
0.702681,1.86984
0.721347,1.86331
0.739947,1.85664
0.75848,1.84983
0.776943,1.84288
0.795337,1.83581
0.813659,1.8286
0.831909,1.82127
0.850084,1.81382
0.868184,1.80625
0.886209,1.79856
0.904155,1.79075
0.922023,1.78284
0.939812,1.77482
0.957519,1.76669
0.975145,1.75846
0.992688,1.75014
1.01015,1.74171
1.02752,1.7332
1.04481,1.7246
1.06201,1.7159
1.07913,1.70713
1.09616,1.69827
1.11309,1.68934
1.12994,1.68033
1.1467,1.67125
1.16337,1.66211
1.17994,1.65289
1.19643,1.64362
1.21281,1.63428
1.22911,1.62488
1.24531,1.61544
1.26142,1.60594
1.27743,1.59639
1.29335,1.58679
1.30917,1.57715
1.32489,1.56747
1.34052,1.55776
1.35604,1.548
1.37148,1.53822
1.38681,1.5284
1.40204,1.51855
1.41718,1.50868
1.43222,1.49879
1.44716,1.48888
1.46199,1.47894
1.47673,1.469
1.49137,1.45903
1.50591,1.44906
1.52036,1.43908
1.5347,1.42909
1.54894,1.41909
1.56308,1.40909
1.57712,1.39909
1.59106,1.38909
1.6049,1.3791
1.61864,1.3691
1.63228,1.35912
1.64582,1.34914
1.65927,1.33918
1.67261,1.32922
1.68585,1.31928
1.69899,1.30935
1.71204,1.29944
1.72498,1.28955
1.73783,1.27968
1.75058,1.26983
1.76323,1.26
1.77578,1.2502
1.78823,1.24042
1.80058,1.23067
1.81284,1.22095
1.825,1.21126
1.83707,1.20159
1.84904,1.19196
1.86091,1.18236
1.87268,1.1728
1.88436,1.16327
1.89595,1.15377
1.90744,1.14432
1.91884,1.1349
1.93014,1.12551
1.94135,1.11617
1.95246,1.10687
1.96348,1.09761
1.97441,1.0884
1.98525,1.07922
1.996,1.07009
2.00665,1.061
2.01722,1.05196
2.02769,1.04296
2.03808,1.03401
2.04837,1.02511
2.05858,1.01625
2.0687,1.00744
2.07873,0.998676
2.08867,0.989963
2.09853,0.981299
2.1083,0.972684
2.11798,0.964119
2.12758,0.955604
2.13709,0.94714
2.14652,0.938727
2.15587,0.930364
2.16513,0.922053
2.17431,0.913794
2.18341,0.905586
2.19242,0.897431
2.20136,0.889328
2.21021,0.881277
2.21898,0.873279
2.22767,0.865333
2.23629,0.857441
2.24482,0.849601
2.25328,0.841814
2.26166,0.834081
2.26996,0.8264
2.27819,0.818773
2.28634,0.811199
2.29441,0.803678
2.30241,0.796211
2.31034,0.788796
2.31819,0.781435
2.32597,0.774127
2.33367,0.766872
2.3413,0.75967
2.34886,0.75252
2.35635,0.745424
2.36377,0.73838
2.37112,0.731389
2.3784,0.724451
2.38561,0.717565
2.39275,0.710731
2.39983,0.703949
2.40683,0.697219
2.41377,0.69054
2.42064,0.683914
2.42745,0.677338
2.43419,0.670814
2.44086,0.664341
2.44748,0.657918
2.45402,0.651546
2.46051,0.645225
2.46693,0.638954
2.47329,0.632732
2.47958,0.62656
2.48582,0.620438
2.49199,0.614365
2.49811,0.60834
2.50416,0.602365
2.51015,0.596437
2.51609,0.590558
2.52196,0.584727
2.52778,0.578944
2.53354,0.573207
2.53925,0.567518
2.54489,0.561876
2.55048,0.55628
2.55602,0.55073
2.5615,0.545226
2.56692,0.539768
2.57229,0.534355
2.57761,0.528987
2.58287,0.523663
2.58808,0.518384
2.59324,0.51315
2.59835,0.507959
2.6034,0.502811
2.6084,0.497707
2.61336,0.492645
2.61826,0.487626
2.62311,0.48265
2.62791,0.477715
2.63266,0.472822
2.63737,0.46797
2.64202,0.463159
2.64663,0.458389
2.65119,0.453659
2.6557,0.448969
2.66017,0.444319
2.66459,0.439708
2.66896,0.435136
2.67329,0.430603
2.67758,0.426109
2.68182,0.421652
2.68601,0.417234
2.69016,0.412852
2.69427,0.408508
2.69833,0.404201
2.70235,0.39993
2.70633,0.395696
2.71027,0.391497
2.71416,0.387334
2.71801,0.383206
2.72182,0.379113
2.72559,0.375055
2.72932,0.371031
2.73301,0.367041
2.73667,0.363085
2.74028,0.359162
2.74385,0.355272
2.74738,0.351415
2.75088,0.34759
2.75433,0.343798
2.75775,0.340037
2.76114,0.336308
2.76448,0.33261
2.76779,0.328943
2.77106,0.325307
2.77429,0.321701
2.77749,0.318125
2.78066,0.314578
2.78378,0.311061
2.78688,0.307574
2.78994,0.304115
2.79296,0.300685
2.79595,0.297282
2.79891,0.293908
2.80183,0.290562
2.80472,0.287243
2.80757,0.283951
2.8104,0.280686
2.81319,0.277447
2.81595,0.274235
2.81867,0.271049
2.82137,0.267888
2.82403,0.264753
2.82666,0.261643
2.82926,0.258558
2.83183,0.255497
2.83437,0.252461
2.83688,0.249449
2.83936,0.246461
2.84181,0.243496
2.84423,0.240554
2.84662,0.237636
2.84898,0.23474
2.85132,0.231867
2.85362,0.229015
2.8559,0.226186
2.85815,0.223379
2.86037,0.220593
2.86256,0.217828
2.86472,0.215084
2.86686,0.212361
2.86897,0.209658
2.87105,0.206976
2.87311,0.204313
2.87514,0.20167
2.87714,0.199047
2.87912,0.196442
2.88107,0.193857
2.883,0.191291
2.8849,0.188743
2.88677,0.186213
2.88862,0.183701
2.89045,0.181207
2.89225,0.178731
2.89402,0.176271
2.89577,0.173829
2.8975,0.171404
2.8992,0.168996
2.90088,0.166604
2.90253,0.164228
2.90416,0.161868
2.90577,0.159523
2.90735,0.157195
2.90891,0.154881
2.91045,0.152583
2.91196,0.150299
2.91346,0.14803
2.91492,0.145776
2.91637,0.143536
2.9178,0.141309
2.9192,0.139097
2.92058,0.136898
2.92194,0.134712
2.92327,0.13254
2.92459,0.13038
2.92588,0.128234
2.92715,0.126099
2.9284,0.123978
2.92963,0.121868
2.93084,0.11977
2.93203,0.117684
2.93319,0.115609
2.93434,0.113546
2.93546,0.111494
2.93657,0.109452
2.93765,0.107422
2.93872,0.105402
2.93976,0.103392
2.94078,0.101392
2.94179,0.0994025
2.94277,0.0974225
2.94374,0.0954521
2.94468,0.0934911
2.94561,0.0915392
2.94651,0.0895963
2.9474,0.0876622
2.94827,0.0857367
2.94911,0.0838196
2.94994,0.0819108
2.95075,0.08001
2.95154,0.078117
2.95231,0.0762317
2.95307,0.0743539
2.9538,0.0724834
2.95452,0.07062
2.95521,0.0687636
2.95589,0.0669139
2.95655,0.0650708
2.95719,0.0632341
2.95782,0.0614036
2.95842,0.0595791
2.95901,0.0577606
2.95958,0.0559476
2.96013,0.0541402
2.96066,0.0523381
2.96117,0.0505412
2.96167,0.0487492
2.96215,0.046962
2.96261,0.0451795
2.96305,0.0434014
2.96348,0.0416276
2.96389,0.0398578
2.96428,0.038092
2.96465,0.0363299
2.965,0.0345714
2.96534,0.0328164
2.96566,0.0310645
2.96596,0.0293157
2.96624,0.0275698
2.96651,0.0258266
2.96676,0.024086
2.96699,0.0223477
2.96721,0.0206116
2.96741,0.0188775
2.96759,0.0171454
2.96775,0.0154149
2.96789,0.0136859
2.96802,0.0119582
2.96813,0.0102318
2.96823,0.00850633
2.9683,0.00678172
2.96836,0.00505777
2.9684,0.00333433
2.96843,0.00161121
2.96844,-0.000111746
2.96843,-0.00183472
2.9684,-0.00355787
2.96836,-0.00528137
2.96829,-0.00700539
2.96822,-0.0087301
2.96812,-0.0104557
2.96801,-0.0121823
2.96788,-0.0139101
2.96773,-0.0156392
2.96756,-0.0173699
2.96738,-0.0191024
2.96718,-0.0208367
2.96696,-0.022573
2.96673,-0.0243116
2.96648,-0.0260526
2.96621,-0.0277961
2.96592,-0.0295424
2.96562,-0.0312916
2.9653,-0.0330438
2.96496,-0.0347994
2.9646,-0.0365583
2.96423,-0.0383208
2.96383,-0.0400872
2.96342,-0.0418574
2.963,-0.0436318
2.96255,-0.0454105
2.96209,-0.0471936
2.96161,-0.0489814
2.96111,-0.050774
2.96059,-0.0525716
2.96006,-0.0543744
2.9595,-0.0561825
2.95893,-0.0579961
2.95834,-0.0598155
2.95774,-0.0616407
2.95711,-0.063472
2.95647,-0.0653095
2.95581,-0.0671535
2.95512,-0.069004
2.95443,-0.0708613
2.95371,-0.0727256
2.95297,-0.0745971
2.95222,-0.0764758
2.95144,-0.0783621
2.95065,-0.0802561
2.94984,-0.0821579
2.949,-0.0840678
2.94815,-0.085986
2.94729,-0.0879126
2.9464,-0.0898479
2.94549,-0.0917919
2.94456,-0.0937449
2.94361,-0.0957072
2.94265,-0.0976788
2.94166,-0.09966
2.94065,-0.101651
2.93963,-0.103652
2.93858,-0.105663
2.93751,-0.107684
2.93643,-0.109716
2.93532,-0.111759
2.93419,-0.113813
2.93304,-0.115878
2.93187,-0.117954
2.93068,-0.120041
2.92947,-0.122141
2.92824,-0.124252
2.92699,-0.126376
2.92571,-0.128511
2.92442,-0.13066
2.9231,-0.132821
2.92176,-0.134995
2.9204,-0.137182
2.91902,-0.139383
2.91761,-0.141597
2.91619,-0.143825
2.91474,-0.146068
2.91326,-0.148324
2.91177,-0.150595
2.91025,-0.15288
2.90871,-0.15518
2.90715,-0.157496
2.90556,-0.159827
2.90395,-0.162173
2.90232,-0.164535
2.90066,-0.166913
2.89898,-0.169307
2.89727,-0.171718
2.89555,-0.174145
2.89379,-0.176589
2.89201,-0.179051
2.89021,-0.181529
2.88838,-0.184026
2.88653,-0.18654
2.88465,-0.189072
2.88275,-0.191622
2.88082,-0.194191
2.87886,-0.196779
2.87688,-0.199386
2.87488,-0.202012
2.87284,-0.204657
2.87078,-0.207322
2.8687,-0.210008
2.86658,-0.212713
2.86444,-0.215439
2.86227,-0.218185
2.86008,-0.220953
2.85786,-0.223742
2.8556,-0.226552
2.85332,-0.229384
2.85102,-0.232238
2.84868,-0.235114
2.84631,-0.238013
2.84392,-0.240934
2.8415,-0.243879
2.83904,-0.246847
2.83656,-0.249838
2.83404,-0.252854
2.8315,-0.255893
2.82893,-0.258957
2.82632,-0.262045
2.82369,-0.265158
2.82102,-0.268297
2.81832,-0.271461
2.81559,-0.27465
2.81283,-0.277866
2.81003,-0.281108
2.8072,-0.284376
2.80434,-0.287672
2.80145,-0.290994
2.79852,-0.294344
2.79556,-0.297722
2.79257,-0.301128
2.78954,-0.304562
2.78648,-0.308025
2.78338,-0.311516
2.78025,-0.315037
2.77708,-0.318587
2.77388,-0.322167
2.77064,-0.325777
2.76736,-0.329417
2.76405,-0.333088
2.7607,-0.33679
2.75731,-0.340523
2.75389,-0.344288
2.75043,-0.348085
2.74693,-0.351913
2.74339,-0.355775
2.73981,-0.359669
2.73619,-0.363596
2.73254,-0.367557
2.72884,-0.371551
2.72511,-0.37558
2.72133,-0.379642
2.71751,-0.38374
2.71366,-0.387872
2.70976,-0.39204
2.70582,-0.396243
2.70183,-0.400482
2.69781,-0.404758
2.69374,-0.40907
2.68962,-0.413419
2.68547,-0.417805
2.68127,-0.422228
2.67702,-0.42669
2.67273,-0.431189
2.6684,-0.435727
2.66402,-0.440304
2.65959,-0.44492
2.65512,-0.449575
2.6506,-0.45427
2.64604,-0.459005
2.64142,-0.463781
2.63676,-0.468597
2.63205,-0.473454
2.62729,-0.478353
2.62248,-0.483293
2.61762,-0.488275
2.61272,-0.493299
2.60776,-0.498366
2.60275,-0.503476
2.59769,-0.508629
2.59258,-0.513826
2.58741,-0.519067
2.58219,-0.524351
2.57692,-0.52968
2.5716,-0.535054
2.56622,-0.540473
2.56079,-0.545937
2.5553,-0.551447
2.54976,-0.557003
2.54416,-0.562605
2.53851,-0.568253
2.5328,-0.573949
2.52703,-0.579691
2.52121,-0.585481
2.51532,-0.591318
2.50938,-0.597204
2.50338,-0.603137
2.49732,-0.609119
2.49119,-0.61515
2.48501,-0.621229
2.47877,-0.627358
2.47247,-0.633536
2.4661,-0.639764
2.45967,-0.646042
2.45318,-0.65237
2.44662,-0.658749
2.44,-0.665178
2.43332,-0.671657
2.42657,-0.678188
2.41975,-0.68477
2.41287,-0.691404
2.40593,-0.698089
2.39891,-0.704825
2.39183,-0.711614
2.38468,-0.718455
2.37746,-0.725348
2.37017,-0.732293
2.36281,-0.739291
2.35539,-0.746342
2.34789,-0.753445
2.34032,-0.760601
2.33268,-0.76781
2.32496,-0.775072
2.31717,-0.782387
2.30931,-0.789755
2.30138,-0.797176
2.29337,-0.804651
2.28529,-0.812178
2.27713,-0.819759
2.26889,-0.827393
2.26058,-0.835081
2.25219,-0.842821
2.24372,-0.850615
2.23518,-0.858461
2.22655,-0.866361
2.21785,-0.874313
2.20906,-0.882318
2.2002,-0.890376
2.19126,-0.898486
2.18223,-0.906648
2.17312,-0.914862
2.16393,-0.923128
2.15466,-0.931446
2.14531,-0.939815
2.13586,-0.948235
2.12634,-0.956706
2.11673,-0.965227
2.10704,-0.973799
2.09725,-0.98242
2.08739,-0.991091
2.07743,-0.99981
2.06739,-1.00858
2.05726,-1.01739
2.04704,-1.02626
2.03674,-1.03517
2.02634,-1.04413
2.01585,-1.05313
2.00528,-1.06218
1.99461,-1.07127
1.98385,-1.08041
1.973,-1.08959
1.96206,-1.09881
1.95102,-1.10808
1.9399,-1.11738
1.92868,-1.12673
1.91736,-1.13612
1.90595,-1.14554
1.89445,-1.155
1.88285,-1.1645
1.87116,-1.17404
1.85937,-1.18361
1.84749,-1.19321
1.83551,-1.20284
1.82343,-1.21251
1.81126,-1.22221
1.79899,-1.23194
1.78662,-1.24169
1.77415,-1.25147
1.76159,-1.26128
1.74893,-1.27111
1.73617,-1.28096
1.72331,-1.29084
1.71035,-1.30073
1.69729,-1.31064
1.68414,-1.32057
1.67088,-1.33051
1.65753,-1.34047
1.64407,-1.35044
1.63052,-1.36041
1.61687,-1.3704
1.60311,-1.38039
1.58926,-1.39039
1.5753,-1.40039
1.56125,-1.41039
1.5471,-1.42039
1.53284,-1.43038
1.51849,-1.44037
1.50403,-1.45035
1.48948,-1.46033
1.47483,-1.47029
1.46008,-1.48023
1.44522,-1.49016
1.43027,-1.50007
1.41522,-1.50997
1.40007,-1.51983
1.38483,-1.52967
1.36948,-1.53949
1.35404,-1.54927
1.33849,-1.55902
1.32286,-1.56873
1.30712,-1.57841
1.29129,-1.58804
1.27536,-1.59763
1.25934,-1.60717
1.24322,-1.61666
1.227,-1.62611
1.21069,-1.63549
1.19429,-1.64482
1.1778,-1.65409
1.16121,-1.6633
1.14453,-1.67244
1.12776,-1.68151
1.1109,-1.6905
1.09395,-1.69943
1.07691,-1.70827
1.05979,-1.71704
1.04257,-1.72572
1.02527,-1.73431
1.00789,-1.74281
0.990417,-1.75122
0.972864,-1.75954
0.955227,-1.76775
0.937509,-1.77586
0.91971,-1.78387
0.901832,-1.79177
0.883875,-1.79956
0.865841,-1.80723
0.847731,-1.81479
0.829546,-1.82223
0.811287,-1.82954
0.792955,-1.83673
0.774552,-1.84379
0.75608,-1.85072
0.737538,-1.85751
0.71893,-1.86417
0.700256,-1.87068
0.681517,-1.87705
0.662715,-1.88328
0.643852,-1.88936
0.624928,-1.89528
0.605947,-1.90106
0.586908,-1.90667
0.567814,-1.91213
0.548666,-1.91743
0.529466,-1.92256
0.510215,-1.92753
0.490915,-1.93233
0.471569,-1.93696
0.452177,-1.94141
0.432741,-1.9457
0.413264,-1.9498
0.393746,-1.95373
0.37419,-1.95747
0.354597,-1.96104
0.334969,-1.96442
0.315309,-1.96761
0.295618,-1.97062
0.275897,-1.97344
0.25615,-1.97607
0.236377,-1.9785
0.21658,-1.98075
0.196762,-1.9828
0.176925,-1.98466
0.15707,-1.98632
0.137199,-1.98779
0.117315,-1.98906
0.0974187,-1.99013
0.0775129,-1.991
0.0575994,-1.99168
0.03768,-1.99215
0.017757,-1.99243
-0.00216788,-1.99251
-0.0220925,-1.99239
-0.0420149,-1.99207
-0.0619332,-1.99155
-0.0818452,-1.99083
-0.101749,-1.98991
-0.121643,-1.9888
-0.141524,-1.98748
-0.161392,-1.98598
-0.181243,-1.98427
-0.201077,-1.98237
-0.22089,-1.98028
-0.240681,-1.97799
-0.260449,-1.97551
-0.280191,-1.97284
-0.299905,-1.96998
-0.31959,-1.96693
-0.339243,-1.9637
-0.358863,-1.96028
-0.378448,-1.95667
-0.397996,-1.95289
-0.417505,-1.94892
-0.436974,-1.94478
-0.4564,-1.94046
-0.475783,-1.93597
-0.495119,-1.9313
-0.514408,-1.92646
-0.533648,-1.92146
-0.552837,-1.91629
-0.571973,-1.91096
-0.591055,-1.90547
-0.610082,-1.89981
-0.629051,-1.89401
-0.647962,-1.88805
-0.666812,-1.88194
-0.6856,-1.87568
-0.704325,-1.86928
-0.722985,-1.86273
-0.741579,-1.85604
-0.760105,-1.84922
-0.778563,-1.84227
-0.79695,-1.83518
-0.815266,-1.82796
-0.833509,-1.82062
-0.851678,-1.81316
-0.869772,-1.80557
-0.887789,-1.79787
-0.905729,-1.79006
-0.92359,-1.78214
-0.941371,-1.77411
-0.959072,-1.76597
-0.97669,-1.75774
-0.994226,-1.7494
-1.01168,-1.74097
-1.02905,-1.73245
-1.04633,-1.72383
-1.06352,-1.71514
-1.08063,-1.70635
-1.09765,-1.69749
-1.11458,-1.68855
-1.13142,-1.67954
-1.14817,-1.67045
-1.16483,-1.6613
-1.1814,-1.65208
-1.19787,-1.6428
-1.21425,-1.63346
-1.23054,-1.62406
-1.24673,-1.6146
-1.26283,-1.6051
-1.27883,-1.59555
-1.29474,-1.58595
-1.31055,-1.5763
-1.32627,-1.56662
-1.34188,-1.5569
-1.3574,-1.54714
-1.37283,-1.53735
-1.38815,-1.52753
-1.40338,-1.51769
-1.41851,-1.50781
-1.43353,-1.49792
-1.44846,-1.488
-1.46329,-1.47807
-1.47803,-1.46812
-1.49266,-1.45816
-1.50719,-1.44818
-1.52162,-1.4382
-1.53595,-1.42821
-1.55018,-1.41821
-1.56432,-1.40821
-1.57835,-1.39821
-1.59228,-1.38821
-1.60611,-1.37822
-1.61984,-1.36823
-1.63348,-1.35824
-1.64701,-1.34827
-1.66044,-1.3383
-1.67378,-1.32835
-1.68701,-1.31841
-1.70014,-1.30848
-1.71318,-1.29857
-1.72612,-1.28868
-1.73895,-1.27882
-1.75169,-1.26897
-1.76433,-1.25914
-1.77687,-1.24934
-1.78932,-1.23957
-1.80167,-1.22982
-1.81392,-1.2201
-1.82607,-1.21041
-1.83812,-1.20075
-1.85008,-1.19112
-1.86195,-1.18152
-1.87371,-1.17196
-1.88539,-1.16243
-1.89696,-1.15294
-1.90844,-1.14349
-1.91983,-1.13407
-1.93113,-1.12469
-1.94233,-1.11535
-1.95343,-1.10606
-1.96445,-1.0968
-1.97537,-1.08759
-1.9862,-1.07842
-1.99694,-1.06929
-2.00759,-1.0602
-2.01814,-1.05117
-2.02861,-1.04217
-2.03899,-1.03323
-2.04927,-1.02433
-2.05947,-1.01547
-2.06958,-1.00667
-2.07961,-0.997909
-2.08954,-0.9892
-2.09939,-0.98054
-2.10915,-0.971929
-2.11883,-0.963369
-2.12842,-0.954858
-2.13793,-0.946399
-2.14735,-0.93799
-2.15669,-0.929632
-2.16594,-0.921325
-2.17511,-0.91307
-2.1842,-0.904867
-2.19321,-0.896716
-2.20214,-0.888618
-2.21098,-0.880572
-2.21975,-0.872578
-2.22843,-0.864637
-2.23704,-0.856749
-2.24557,-0.848914
-2.25402,-0.841132
-2.26239,-0.833403
-2.27069,-0.825728
-2.27891,-0.818105
-2.28705,-0.810536
-2.29512,-0.80302
-2.30311,-0.795557
-2.31103,-0.788147
-2.31887,-0.78079
-2.32665,-0.773487
-2.33434,-0.766236
-2.34197,-0.759039
-2.34953,-0.751895
-2.35701,-0.744803
-2.36442,-0.737764
-2.37176,-0.730777
-2.37904,-0.723843
-2.38624,-0.716962
-2.39338,-0.710132
-2.40044,-0.703355
-2.40744,-0.69663
-2.41438,-0.689956
-2.42124,-0.683334
-2.42804,-0.676763
-2.43478,-0.670243
-2.44145,-0.663774
-2.44805,-0.657356
-2.4546,-0.650989
-2.46107,-0.644672
-2.46749,-0.638405
-2.47384,-0.632188
-2.48013,-0.62602
-2.48636,-0.619902
-2.49253,-0.613833
-2.49864,-0.607813
-2.50469,-0.601842
-2.51068,-0.595919
-2.51661,-0.590044
-2.52248,-0.584217
-2.52829,-0.578437
-2.53405,-0.572705
-2.53975,-0.56702
-2.54539,-0.561382
-2.55097,-0.55579
-2.5565,-0.550244
-2.56198,-0.544744
-2.5674,-0.53929
-2.57276,-0.533881
-2.57808,-0.528517
-2.58333,-0.523197
-2.58854,-0.517923
-2.59369,-0.512692
-2.59879,-0.507504
-2.60384,-0.502361
-2.60884,-0.49726
-2.61379,-0.492202
-2.61869,-0.487187
-2.62353,-0.482214
-2.62833,-0.477283
-2.63308,-0.472394
-2.63778,-0.467545
-2.64243,-0.462738
-2.64703,-0.457971
-2.65159,-0.453245
-2.6561,-0.448559
-2.66056,-0.443912
-2.66498,-0.439305
-2.66935,-0.434736
-2.67367,-0.430207
-2.67795,-0.425715
-2.68219,-0.421262
-2.68638,-0.416847
-2.69052,-0.412469
-2.69463,-0.408128
-2.69869,-0.403824
-2.7027,-0.399557
-2.70668,-0.395325
-2.71061,-0.39113
-2.7145,-0.38697
-2.71835,-0.382845
-2.72216,-0.378755
-2.72592,-0.3747
-2.72965,-0.370679
-2.73334,-0.366692
-2.73698,-0.362739
-2.74059,-0.358819
-2.74416,-0.354932
-2.74769,-0.351078
-2.75118,-0.347256
-2.75464,-0.343466
-2.75805,-0.339708
-2.76143,-0.335982
-2.76477,-0.332287
-2.76808,-0.328622
-2.77134,-0.324989
-2.77458,-0.321385
-2.77777,-0.317812
-2.78093,-0.314268
-2.78406,-0.310754
-2.78715,-0.307269
-2.7902,-0.303812
-2.79322,-0.300384
-2.79621,-0.296985
-2.79916,-0.293613
-2.80208,-0.290269
-2.80497,-0.286952
-2.80782,-0.283663
-2.81064,-0.2804
-2.81343,-0.277164
-2.81619,-0.273954
-2.81891,-0.27077
-2.8216,-0.267612
-2.82426,-0.264479
-2.82689,-0.261371
-2.82949,-0.258288
-2.83206,-0.255229
-2.83459,-0.252195
-2.8371,-0.249185
-2.83958,-0.246199
-2.84203,-0.243236
-2.84444,-0.240297
-2.84683,-0.23738
-2.84919,-0.234486
-2.85152,-0.231615
-2.85382,-0.228766
-2.8561,-0.225939
-2.85834,-0.223133
-2.86056,-0.220349
-2.86275,-0.217586
-2.86491,-0.214844
-2.86705,-0.212123
-2.86915,-0.209422
-2.87123,-0.206741
-2.87329,-0.20408
-2.87532,-0.201439
-2.87732,-0.198817
-2.87929,-0.196214
-2.88124,-0.193631
-2.88316,-0.191066
-2.88506,-0.188519
-2.88694,-0.185991
-2.88878,-0.183481
-2.89061,-0.180989
-2.8924,-0.178514
-2.89418,-0.176056
-2.89592,-0.173616
-2.89765,-0.171192
-2.89935,-0.168785
-2.90102,-0.166394
-2.90268,-0.16402
-2.9043,-0.161661
-2.90591,-0.159318
-2.90749,-0.156991
-2.90905,-0.154679
-2.91058,-0.152382
-2.9121,-0.150099
-2.91359,-0.147832
-2.91505,-0.145578
-2.9165,-0.143339
-2.91792,-0.141114
-2.91932,-0.138903
-2.9207,-0.136705
-2.92205,-0.134521
-2.92339,-0.13235
-2.9247,-0.130191
-2.92599,-0.128046
-2.92726,-0.125913
-2.92851,-0.123792
-2.92974,-0.121683
-2.93094,-0.119586
-2.93213,-0.117501
-2.93329,-0.115427
-2.93444,-0.113365
-2.93556,-0.111314
-2.93666,-0.109273
-2.93775,-0.107244
-2.93881,-0.105224
-2.93985,-0.103216
-2.94087,-0.101217
-2.94188,-0.0992281
-2.94286,-0.097249
-2.94382,-0.0952794
-2.94476,-0.0933192
-2.94569,-0.0913681
-2.94659,-0.089426
-2.94748,-0.0874926
-2.94834,-0.0855679
-2.94919,-0.0836515
-2.95001,-0.0817434
-2.95082,-0.0798433
-2.95161,-0.077951
-2.95238,-0.0760664
-2.95313,-0.0741892
-2.95387,-0.0723193
-2.95458,-0.0704566
-2.95527,-0.0686007
-2.95595,-0.0667517
-2.95661,-0.0649091
-2.95725,-0.063073
-2.95787,-0.061243
-2.95847,-0.0594191
-2.95906,-0.057601
-2.95963,-0.0557886
-2.96018,-0.0539816
-2.96071,-0.05218
-2.96122,-0.0503835
-2.96171,-0.0485919
-2.96219,-0.0468052
-2.96265,-0.045023
-2.96309,-0.0432453
-2.96351,-0.0414718
-2.96392,-0.0397025
-2.96431,-0.037937
-2.96468,-0.0361752
-2.96503,-0.034417
-2.96537,-0.0326623
-2.96569,-0.0309107
-2.96599,-0.0291621
-2.96627,-0.0274165
-2.96653,-0.0256735
-2.96678,-0.0239331
-2.96701,-0.022195
-2.96723,-0.0204591
-2.96742,-0.0187252
-2.9676,-0.0169932
-2.96776,-0.0152628
-2.96791,-0.013534
-2.96803,-0.0118064
-2.96814,-0.0100801
-2.96823,-0.00835471
-2.96831,-0.00663017
-2.96837,-0.00490627
-2.96841,-0.00318286
-2.96843,-0.00145977
-2.96844,0.000263184
-2.96843,0.00198616
-2.9684,0.00370934
-2.96835,0.00543287
-2.96829,0.00715695
-2.96821,0.00888173
-2.96811,0.0106074
-2.968,0.0123341
-2.96786,0.014062
-2.96771,0.0157913
-2.96755,0.0175221
-2.96736,0.0192547
-2.96716,0.0209892
-2.96694,0.0227257
-2.96671,0.0244645
-2.96645,0.0262057
-2.96618,0.0279495
-2.9659,0.029696
-2.96559,0.0314455
-2.96527,0.033198
-2.96493,0.0349538
-2.96457,0.0367131
-2.96419,0.0384759
-2.9638,0.0402426
-2.96339,0.0420132
-2.96296,0.043788
-2.96251,0.045567
-2.96205,0.0473506
-2.96156,0.0491388
-2.96106,0.0509318
-2.96055,0.0527298
-2.96001,0.0545331
-2.95945,0.0563417
-2.95888,0.0581558
-2.95829,0.0599757
-2.95768,0.0618014
-2.95706,0.0636333
-2.95641,0.0654713
-2.95575,0.0673159
-2.95506,0.069167
-2.95436,0.0710249
-2.95364,0.0728898
-2.95291,0.0747619
-2.95215,0.0766413
-2.95137,0.0785283
-2.95058,0.0804229
-2.94976,0.0823255
-2.94893,0.0842361
-2.94808,0.086155
-2.94721,0.0880824
-2.94632,0.0900184
-2.94541,0.0919632
-2.94448,0.093917
-2.94353,0.0958801
-2.94256,0.0978526
-2.94157,0.0998346
-2.94056,0.101826
-2.93954,0.103828
-2.93849,0.10584
-2.93742,0.107863
-2.93633,0.109896
-2.93522,0.111939
-2.93409,0.113994
-2.93294,0.11606
-2.93177,0.118137
-2.93058,0.120225
-2.92937,0.122326
-2.92813,0.124438
-2.92688,0.126563
-2.9256,0.1287
-2.9243,0.130849
-2.92298,0.133012
-2.92164,0.135187
-2.92028,0.137375
-2.91889,0.139577
-2.91749,0.141793
-2.91606,0.144022
-2.91461,0.146265
-2.91313,0.148523
-2.91164,0.150795
-2.91012,0.153082
-2.90858,0.155383
-2.90701,0.1577
-2.90542,0.160032
-2.90381,0.16238
-2.90217,0.164743
-2.90051,0.167123
-2.89883,0.169518
-2.89712,0.171931
-2.89539,0.174359
-2.89364,0.176805
-2.89186,0.179268
-2.89005,0.181748
-2.88822,0.184246
-2.88637,0.186762
-2.88449,0.189295
-2.88258,0.191847
-2.88065,0.194418
-2.87869,0.197007
-2.87671,0.199616
-2.8747,0.202244
-2.87266,0.204891
-2.8706,0.207558
-2.86851,0.210245
-2.8664,0.212952
-2.86425,0.215679
-2.86208,0.218428
-2.85988,0.221197
-2.85766,0.223988
-2.8554,0.2268
-2.85312,0.229634
-2.85081,0.23249
-2.84847,0.235368
-2.8461,0.238269
-2.84371,0.241192
-2.84128,0.244139
-2.83882,0.247109
-2.83634,0.250102
-2.83382,0.25312
-2.83128,0.256161
-2.8287,0.259227
-2.82609,0.262318
-2.82345,0.265433
-2.82078,0.268574
-2.81808,0.27174
-2.81535,0.274932
-2.81258,0.27815
-2.80978,0.281394
-2.80695,0.284665
-2.80409,0.287963
-2.80119,0.291288
-2.79827,0.29464
-2.7953,0.29802
-2.7923,0.301429
-2.78927,0.304865
-2.78621,0.30833
-2.78311,0.311824
-2.77997,0.315348
-2.7768,0.3189
-2.77359,0.322483
-2.77035,0.326095
-2.76707,0.329738
-2.76376,0.333412
-2.7604,0.337117
-2.75701,0.340853
-2.75359,0.34462
-2.75012,0.34842
-2.74662,0.352252
-2.74307,0.356116
-2.73949,0.360013
-2.73587,0.363943
-2.73222,0.367907
-2.72852,0.371904
-2.72478,0.375935
-2.721,0.380001
-2.71718,0.384102
-2.71332,0.388237
-2.70941,0.392408
-2.70547,0.396614
-2.70148,0.400857
-2.69745,0.405135
-2.69338,0.40945
-2.68926,0.413803
-2.6851,0.418192
-2.6809,0.422619
-2.67665,0.427083
-2.67235,0.431586
-2.66802,0.436128
-2.66363,0.440708
-2.6592,0.445327
-2.65473,0.449986
-2.6502,0.454685
-2.64563,0.459423
-2.64101,0.464202
-2.63635,0.469022
-2.63163,0.473883
-2.62687,0.478785
-2.62206,0.483729
-2.6172,0.488715
-2.61228,0.493743
-2.60732,0.498814
-2.60231,0.503928
-2.59724,0.509085
-2.59212,0.514285
-2.58696,0.519529
-2.58173,0.524818
-2.57646,0.530151
-2.57113,0.535529
-2.56575,0.540951
-2.56031,0.54642
-2.55482,0.551934
-2.54927,0.557493
-2.54367,0.563099
-2.53801,0.568752
-2.53229,0.574452
-2.52652,0.580198
-2.52069,0.585992
-2.5148,0.591834
-2.50885,0.597723
-2.50285,0.603661
-2.49678,0.609647
-2.49065,0.615682
-2.48447,0.621766
-2.47822,0.627899
-2.47191,0.634082
-2.46554,0.640314
-2.4591,0.646596
-2.4526,0.652929
-2.44604,0.659312
-2.43942,0.665745
-2.43273,0.672229
-2.42597,0.678765
-2.41915,0.685351
-2.41227,0.691989
-2.40531,0.698679
-2.39829,0.70542
-2.3912,0.712213
-2.38405,0.719059
-2.37682,0.725956
-2.36953,0.732906
-2.36216,0.739909
-2.35473,0.746964
-2.34722,0.754072
-2.33965,0.761232
-2.332,0.768446
-2.32428,0.775713
-2.31649,0.783032
-2.30862,0.790405
-2.30068,0.797831
-2.29266,0.80531
-2.28457,0.812843
-2.2764,0.820428
-2.26816,0.828067
-2.25984,0.835759
-2.25145,0.843504
-2.24297,0.851302
-2.23442,0.859154
-2.22579,0.867058
-2.21708,0.875015
-2.20829,0.883024
-2.19942,0.891086
-2.19047,0.899201
-2.18143,0.907368
-2.17232,0.915587
-2.16312,0.923857
-2.15384,0.93218
-2.14448,0.940553
-2.13503,0.948978
-2.1255,0.957453
-2.11588,0.965979
-2.10618,0.974555
-2.09639,0.98318
-2.08652,0.991855
-2.07655,1.00058
-2.0665,1.00935
-2.05637,1.01817
-2.04614,1.02704
-2.03583,1.03595
-2.02542,1.04492
-2.01493,1.05392
-2.00434,1.06297
-1.99367,1.07207
-1.9829,1.08121
-1.97204,1.0904
-1.96109,1.09962
-1.95005,1.10889
-1.93891,1.1182
-1.92769,1.12755
-1.91636,1.13694
-1.90495,1.14637
-1.89344,1.15584
-1.88183,1.16534
-1.87013,1.17488
-1.85833,1.18445
-1.84644,1.19405
-1.83445,1.20369
-1.82237,1.21336
-1.81018,1.22306
-1.7979,1.23279
-1.78553,1.24255
-1.77305,1.25233
-1.76048,1.26214
-1.74781,1.27197
-1.73504,1.28183
-1.72217,1.2917
-1.70921,1.3016
-1.69614,1.31151
-1.68298,1.32144
-1.66971,1.33139
-1.65635,1.34134
-1.64289,1.35131
-1.62932,1.36129
-1.61566,1.37128
-1.6019,1.38127
-1.58803,1.39127
-1.57407,1.40127
-1.56001,1.41127
-1.54585,1.42126
-1.53158,1.43126
-1.51722,1.44125
-1.50276,1.45123
-1.4882,1.4612
-1.47354,1.47116
-1.45877,1.48111
-1.44391,1.49103
-1.42895,1.50094
-1.41389,1.51083
-1.39874,1.5207
-1.38348,1.53054
-1.36813,1.54035
-1.35267,1.55013
-1.33712,1.55987
-1.32148,1.56958
-1.30573,1.57925
-1.28989,1.58888
-1.27395,1.59847
-1.25792,1.60801
-1.24179,1.6175
-1.22557,1.62693
-1.20926,1.63632
-1.19285,1.64564
-1.17634,1.6549
-1.15975,1.6641
-1.14306,1.67324
-1.12628,1.6823
-1.10942,1.69129
-1.09246,1.70021
-1.07541,1.70905
-1.05828,1.7178
-1.04106,1.72647
-1.02375,1.73506
-1.00636,1.74356
-0.988878,1.75196
-0.971317,1.76026
-0.953673,1.76847
-0.935948,1.77657
-0.918142,1.78457
-0.900257,1.79246
-0.882293,1.80024
-0.864252,1.8079
-0.846135,1.81545
-0.827944,1.82288
-0.809678,1.83018
-0.79134,1.83736
-0.772932,1.8444
-0.754453,1.85132
-0.735906,1.8581
-0.717291,1.86474
-0.698611,1.87125
-0.679867,1.87761
-0.661059,1.88382
-0.642191,1.88989
-0.623262,1.8958
-0.604275,1.90156
-0.585232,1.90716
-0.566133,1.9126
-0.54698,1.91789
-0.527775,1.92301
-0.508521,1.92796
-0.489217,1.93274
-0.469866,1.93736
-0.45047,1.9418
-0.431031,1.94606
-0.41155,1.95015
-0.392028,1.95406
-0.372469,1.95779
-0.352873,1.96134
-0.333243,1.9647
-0.31358,1.96788
-0.293886,1.97087
-0.274163,1.97368
-0.254413,1.97629
-0.234638,1.97871
-0.214839,1.98094
-0.19502,1.98297
-0.17518,1.98481
-0.155324,1.98646
-0.135452,1.98791
-0.115566,1.98916
-0.0956695,1.99021
-0.0757629,1.99107
-0.0558488,1.99173
-0.035929,1.99218
-0.0160057,1.99244
0.0039192,1.99251
0.0238437,1.99237
0.0437659,1.99203
0.0636836,1.99149
0.083595,1.99076
0.103498,1.98982
0.123391,1.98869
0.143271,1.98736
0.163137,1.98583
0.182987,1.98411
0.202819,1.9822
0.22263,1.98008
0.24242,1.97778
0.262185,1.97528
0.281925,1.9726
0.301637,1.96972
0.321319,1.96666
0.340969,1.9634
0.360586,1.95997
0.380168,1.95635
0.399713,1.95255
0.419218,1.94857
0.438683,1.94441
0.458106,1.94007
0.477484,1.93556
0.496816,1.93088
0.516101,1.92603
0.535337,1.92101
0.554521,1.91583
0.573653,1.91048
0.59273,1.90498
0.611752,1.89931
0.630716,1.89349
0.649621,1.88752
0.668466,1.88139
0.687248,1.87512
0.705967,1.86871
0.724622,1.86215
0.74321,1.85545
0.76173,1.84862
0.780182,1.84165
0.798563,1.83455
0.816872,1.82732
0.835109,1.81997
0.853271,1.8125
0.871358,1.8049
0.889369,1.79719
0.907302,1.78937
0.925156,1.78144
0.94293,1.7734
0.960624,1.76525
0.978235,1.75701
0.995763,1.74866
1.01321,1.74022
1.03057,1.73169
1.04784,1.72307
1.06503,1.71437
1.08213,1.70558
1.09914,1.69671
1.11606,1.68776
1.1329,1.67874
1.14964,1.66965
1.16629,1.66049
1.18285,1.65127
1.19931,1.64198
1.21569,1.63263
1.23197,1.62323
1.24815,1.61377
1.26424,1.60426
1.28024,1.5947
1.29613,1.5851
1.31194,1.57545
1.32764,1.56577
1.34325,1.55604
1.35876,1.54628
1.37418,1.53649
1.38949,1.52667
1.40471,1.51682
1.41983,1.50695
1.43485,1.49705
1.44977,1.48713
1.46459,1.4772
1.47932,1.46724
1.49394,1.45728
1.50846,1.4473
1.52288,1.43732
1.53721,1.42733
1.55143,1.41733
1.56555,1.40733
1.57958,1.39733
1.5935,1.38733
1.60732,1.37734
1.62105,1.36735
1.63467,1.35736
1.64819,1.34739
1.66162,1.33742
1.67494,1.32747
1.68817,1.31753
1.70129,1.30761
1.71432,1.2977
1.72725,1.28782
1.74008,1.27795
1.75281,1.2681
1.76544,1.25828
1.77797,1.24848
1.79041,1.23871
1.80275,1.22896
1.81499,1.21924
1.82713,1.20956
1.83918,1.1999
1.85113,1.19027
1.86298,1.18068
1.87474,1.17112
1.88641,1.1616
1.89798,1.15211
1.90945,1.14266
1.92083,1.13324
1.93211,1.12387
1.94331,1.11454
1.95441,1.10524
1.96541,1.09599
1.97633,1.08678
1.98715,1.07761
1.99788,1.06849
2.00852,1.05941
2.01907,1.05037
2.02952,1.04138
2.03989,1.03244
2.05017,1.02355
2.06036,1.0147
2.07047,1.00589
2.08048,0.997141
2.09041,0.988437
2.10025,0.979781
2.11001,0.971175
2.11968,0.962619
2.12926,0.954113
2.13876,0.945657
2.14817,0.937253
2.1575,0.928899
2.16675,0.920598
2.17592,0.912347
2.185,0.904149
2.194,0.896003
2.20292,0.887909
2.21176,0.879867
2.22052,0.871878
2.22919,0.863942
2.23779,0.856059
2.24632,0.848228
2.25476,0.840451
2.26312,0.832727
2.27141,0.825056
2.27963,0.817438
2.28776,0.809873
2.29582,0.802362
2.30381,0.794903
2.31172,0.787498
2.31956,0.780146
2.32733,0.772847
2.33502,0.765602
2.34264,0.758409
2.35019,0.751269
2.35766,0.744182
2.36507,0.737148
2.37241,0.730166
2.37967,0.723236
2.38687,0.716359
2.394,0.709535
2.40106,0.702762
2.40806,0.696041
2.41498,0.689372
2.42184,0.682754
2.42864,0.676188
2.43537,0.669672
2.44203,0.663208
2.44863,0.656795
2.45517,0.650432
2.46164,0.644119
2.46805,0.637856
2.4744,0.631644
2.48068,0.62548
2.48691,0.619367
2.49307,0.613302
2.49917,0.607286
2.50522,0.601319
2.5112,0.595401
2.51712,0.58953
2.52299,0.583707
2.5288,0.577932
2.53455,0.572204
2.54024,0.566523
2.54588,0.560888
2.55146,0.555301
2.55699,0.549759
2.56246,0.544263
2.56787,0.538813
2.57323,0.533408
2.57854,0.528048
2.58379,0.522732
2.589,0.517461
2.59414,0.512234
2.59924,0.507051
2.60428,0.501911
2.60928,0.496814
2.61422,0.49176
2.61911,0.486748
2.62396,0.481779
2.62875,0.476852
2.63349,0.471966
2.63819,0.467121
2.64284,0.462317
2.64744,0.457554
2.65199,0.452831
2.65649,0.448149
2.66095,0.443505
2.66536,0.438901
2.66973,0.434337
2.67405,0.42981
2.67832,0.425322
2.68256,0.420873
2.68674,0.416461
2.69089,0.412086
2.69498,0.407748
2.69904,0.403448
2.70305,0.399183
2.70702,0.394955
2.71095,0.390763
2.71484,0.386606
2.71868,0.382484
2.72249,0.378397
2.72625,0.374345
2.72998,0.370327
2.73366,0.366343
2.7373,0.362393
2.74091,0.358476
2.74447,0.354592
2.748,0.35074
2.75149,0.346921
2.75494,0.343134
2.75835,0.339379
2.76173,0.335656
2.76506,0.331963
2.76837,0.328302
2.77163,0.324671
2.77486,0.32107
2.77805,0.317499
2.78121,0.313958
2.78433,0.310446
2.78742,0.306964
2.79047,0.30351
2.79349,0.300084
2.79647,0.296687
2.79942,0.293318
2.80234,0.289977
2.80522,0.286662
2.80807,0.283375
2.81089,0.280115
2.81367,0.276881
2.81643,0.273673
2.81915,0.270491
2.82184,0.267335
2.82449,0.264204
2.82712,0.261099
2.82972,0.258018
2.83228,0.254962
2.83482,0.25193
2.83732,0.248922
2.83979,0.245938
2.84224,0.242977
2.84465,0.24004
2.84704,0.237125
2.8494,0.234233
2.85172,0.231364
2.85402,0.228516
2.85629,0.225691
2.85854,0.222887
2.86075,0.220105
2.86294,0.217344
2.8651,0.214604
2.86723,0.211884
2.86934,0.209185
2.87142,0.206506
2.87347,0.203847
2.87549,0.201207
2.87749,0.198587
2.87946,0.195987
2.88141,0.193405
2.88333,0.190841
2.88523,0.188296
2.8871,0.18577
2.88894,0.183261
2.89076,0.18077
2.89256,0.178297
2.89433,0.175841
2.89608,0.173402
2.8978,0.17098
2.8995,0.168574
2.90117,0.166185
2.90282,0.163812
2.90445,0.161454
2.90605,0.159113
2.90763,0.156787
2.90918,0.154476
2.91072,0.15218
2.91223,0.149899
2.91372,0.147633
2.91518,0.145381
2.91662,0.143143
2.91804,0.140919
2.91944,0.138709
2.92082,0.136513
2.92217,0.13433
2.9235,0.132159
2.92482,0.130002
2.9261,0.127858
2.92737,0.125726
2.92862,0.123606
2.92984,0.121498
2.93105,0.119402
2.93223,0.117318
2.9334,0.115246
2.93454,0.113184
2.93566,0.111134
2.93676,0.109094
2.93784,0.107066
2.9389,0.105048
2.93994,0.10304
2.94096,0.101042
2.94196,0.0990537
2.94294,0.0970755
2.9439,0.0951067
2.94485,0.0931473
2.94577,0.091197
2.94667,0.0892557
2.94755,0.0873231
2.94842,0.0853991
2.94926,0.0834835
2.95009,0.0815761
2.95089,0.0796766
2.95168,0.077785
2.95245,0.0759011
2.9532,0.0740246
2.95393,0.0721553
2.95464,0.0702932
2.95533,0.068438
2.95601,0.0665894
2.95667,0.0647475
2.9573,0.0629119
2.95792,0.0610825
2.95853,0.059259
2.95911,0.0574415
2.95968,0.0556295
2.96022,0.053823
2.96075,0.0520219
2.96126,0.0502258
2.96176,0.0484347
2.96223,0.0466484
2.96269,0.0448666
2.96313,0.0430893
2.96355,0.0413162
2.96396,0.0395471
2.96434,0.037782
2.96471,0.0360206
2.96506,0.0342627
2.9654,0.0325082
2.96571,0.0307569
2.96601,0.0290086
2.96629,0.0272632
2.96656,0.0255204
2.9668,0.0237802
2.96703,0.0220423
2.96724,0.0203066
2.96744,0.0185729
2.96762,0.016841
2.96778,0.0151108
2.96792,0.0133821
2.96804,0.0116547
2.96815,0.00992839
2.96824,0.0082031
2.96831,0.00647862
2.96837,0.00475478
2.96841,0.0030314
2.96843,0.00130833
2.96844,-0.000414622
2.96842,-0.00213761
2.96839,-0.00386081
2.96835,-0.00558439
2.96828,-0.00730852
2.9682,-0.00903337
2.9681,-0.0107591
2.96798,-0.0124859
2.96785,-0.0142139
2.9677,-0.0159434
2.96753,-0.0176744
2.96735,-0.0194071
2.96714,-0.0211418
2.96692,-0.0228785
2.96669,-0.0246175
2.96643,-0.0263589
2.96616,-0.0281029
2.96587,-0.0298497
2.96556,-0.0315994
2.96524,-0.0333522
2.9649,-0.0351083
2.96454,-0.0368679
2.96416,-0.0386311
2.96376,-0.0403981
2.96335,-0.042169
2.96292,-0.0439441
2.96247,-0.0457236
2.96201,-0.0475075
2.96152,-0.0492962
2.96102,-0.0510896
2.9605,-0.0528881
2.95996,-0.0546918
2.95941,-0.0565009
2.95883,-0.0583155
2.95824,-0.0601359
2.95763,-0.0619622
2.957,-0.0637946
2.95635,-0.0656332
2.95569,-0.0674783
2.955,-0.06933
2.9543,-0.0711886
2.95358,-0.0730541
2.95284,-0.0749268
2.95208,-0.0768069
2.9513,-0.0786945
2.95051,-0.0805898
2.94969,-0.0824931
2.94886,-0.0844044
2.948,-0.0863241
2.94713,-0.0882522
2.94624,-0.090189
2.94533,-0.0921346
2.9444,-0.0940892
2.94344,-0.0960531
2.94247,-0.0980264
2.94148,-0.100009
2.94047,-0.102002
2.93944,-0.104005
2.93839,-0.106018
2.93732,-0.108041
2.93623,-0.110075
2.93512,-0.112119
2.93399,-0.114175
2.93284,-0.116242
2.93167,-0.11832
2.93047,-0.12041
2.92926,-0.122511
2.92802,-0.124625
2.92677,-0.12675
2.92549,-0.128888
2.92419,-0.131039
2.92287,-0.133202
2.92152,-0.135379
2.92016,-0.137568
2.91877,-0.139771
2.91736,-0.141988
2.91593,-0.144219
2.91448,-0.146463
2.913,-0.148722
2.9115,-0.150995
2.90998,-0.153283
2.90844,-0.155586
2.90687,-0.157904
2.90528,-0.160238
2.90367,-0.162587
2.90203,-0.164952
2.90037,-0.167333
2.89868,-0.16973
2.89697,-0.172143
2.89524,-0.174574
2.89348,-0.177021
2.8917,-0.179485
2.88989,-0.181967
2.88806,-0.184466
2.8862,-0.186984
2.88432,-0.189519
2.88241,-0.192073
2.88048,-0.194645
2.87852,-0.197236
2.87653,-0.199846
2.87452,-0.202475
2.87248,-0.205124
2.87042,-0.207793
2.86833,-0.210482
2.86621,-0.213191
2.86406,-0.21592
2.86189,-0.21867
2.85969,-0.221442
2.85746,-0.224234
2.85521,-0.227048
2.85292,-0.229884
2.85061,-0.232742
2.84827,-0.235622
2.8459,-0.238525
2.8435,-0.24145
2.84107,-0.244399
2.83861,-0.247371
2.83612,-0.250367
2.8336,-0.253386
2.83105,-0.25643
2.82847,-0.259498
2.82586,-0.26259
2.82322,-0.265708
2.82055,-0.268851
2.81784,-0.272019
2.81511,-0.275214
2.81234,-0.278434
2.80954,-0.281681
2.8067,-0.284954
2.80384,-0.288254
2.80094,-0.291581
2.79801,-0.294936
2.79504,-0.298319
2.79204,-0.30173
2.78901,-0.305169
2.78594,-0.308636
2.78283,-0.312133
2.77969,-0.315659
2.77652,-0.319214
2.77331,-0.322799
2.77006,-0.326414
2.76678,-0.33006
2.76346,-0.333737
2.76011,-0.337444
2.75671,-0.341183
2.75328,-0.344953
2.74981,-0.348755
2.74631,-0.35259
2.74276,-0.356457
2.73918,-0.360357
2.73555,-0.36429
2.73189,-0.368257
2.72819,-0.372257
2.72445,-0.376291
2.72066,-0.38036
2.71684,-0.384464
2.71297,-0.388602
2.70907,-0.392776
2.70512,-0.396986
2.70113,-0.401231
2.69709,-0.405513
2.69302,-0.409831
2.6889,-0.414187
2.68473,-0.418579
2.68053,-0.42301
2.67627,-0.427478
2.67198,-0.431984
2.66763,-0.436529
2.66324,-0.441112
2.65881,-0.445735
2.65433,-0.450398
2.6498,-0.4551
2.64523,-0.459842
2.64061,-0.464624
2.63594,-0.469448
2.63122,-0.474312
2.62645,-0.479218
2.62163,-0.484166
2.61677,-0.489155
2.61185,-0.494187
2.60688,-0.499262
2.60186,-0.504379
2.59679,-0.50954
2.59167,-0.514744
2.5865,-0.519992
2.58127,-0.525285
2.57599,-0.530622
2.57066,-0.536003
2.56527,-0.54143
2.55983,-0.546902
2.55433,-0.55242
2.54878,-0.557984
2.54317,-0.563594
2.53751,-0.569251
2.53179,-0.574955
2.52601,-0.580705
2.52018,-0.586504
2.51428,-0.592349
2.50833,-0.598243
2.50232,-0.604185
2.49624,-0.610176
2.49011,-0.616215
2.48392,-0.622303
2.47767,-0.628441
2.47135,-0.634628
2.46497,-0.640864
2.45853,-0.647151
2.45203,-0.653488
2.44546,-0.659875
2.43883,-0.666313
2.43214,-0.672802
2.42538,-0.679342
2.41855,-0.685933
2.41166,-0.692575
2.4047,-0.699269
2.39767,-0.706015
2.39058,-0.712813
2.38342,-0.719663
2.37618,-0.726565
2.36888,-0.73352
2.36151,-0.740527
2.35407,-0.747586
2.34656,-0.754699
2.33898,-0.761864
2.33132,-0.769082
2.3236,-0.776354
2.3158,-0.783678
2.30792,-0.791056
2.29998,-0.798486
2.29195,-0.80597
2.28386,-0.813507
2.27568,-0.821097
2.26743,-0.828741
2.25911,-0.836438
2.25071,-0.844187
2.24222,-0.85199
2.23367,-0.859846
2.22503,-0.867755
2.21631,-0.875717
2.20751,-0.883731
2.19864,-0.891798
2.18968,-0.899917
2.18064,-0.908088
2.17151,-0.916312
2.16231,-0.924587
2.15302,-0.932914
2.14365,-0.941292
2.1342,-0.949721
2.12466,-0.9582
2.11503,-0.966731
2.10532,-0.975311
2.09553,-0.983941
2.08564,-0.99262
2.07567,-1.00135
2.06562,-1.01012
2.05547,-1.01895
2.04524,-1.02782
2.03491,-1.03674
2.0245,-1.04571
2.014,-1.05472
2.00341,-1.06377
1.99272,-1.07287
1.98195,-1.08202
1.97108,-1.09121
1.96013,-1.10044
1.94908,-1.10971
1.93793,-1.11902
1.92669,-1.12838
1.91536,-1.13777
1.90394,-1.1472
1.89242,-1.15667
1.88081,-1.16618
1.8691,-1.17572
1.85729,-1.18529
1.84539,-1.1949
1.83339,-1.20454
1.8213,-1.21421
1.80911,-1.22392
1.79682,-1.23365
1.78444,-1.24341
1.77195,-1.25319
1.75937,-1.263
1.74669,-1.27284
1.73391,-1.2827
1.72104,-1.29257
1.70806,-1.30247
1.69499,-1.31238
1.68182,-1.32232
1.66854,-1.33226
1.65517,-1.34222
1.6417,-1.35219
1.62813,-1.36217
1.61445,-1.37216
1.60068,-1.38215
1.58681,-1.39215
1.57284,-1.40215
1.55877,-1.41215
1.5446,-1.42214
1.53033,-1.43214
1.51595,-1.44213
1.50148,-1.45211
1.48691,-1.46208
1.47224,-1.47204
1.45747,-1.48198
1.4426,-1.49191
1.42763,-1.50181
1.41257,-1.5117
1.3974,-1.52156
1.38214,-1.5314
1.36677,-1.54121
1.35131,-1.55098
1.33575,-1.56073
1.3201,-1.57043
1.30434,-1.5801
1.28849,-1.58973
1.27255,-1.59931
1.25651,-1.60884
1.24037,-1.61833
1.22414,-1.62776
1.20782,-1.63714
1.1914,-1.64646
1.17489,-1.65571
1.15829,-1.66491
1.14159,-1.67404
1.12481,-1.68309
1.10793,-1.69208
1.09096,-1.70099
1.07391,-1.70982
1.05677,-1.71857
1.03954,-1.72723
1.02222,-1.73581
1.00482,-1.7443
0.987338,-1.75269
0.969769,-1.76099
0.952118,-1.76918
0.934386,-1.77728
0.916573,-1.78527
0.898681,-1.79315
0.88071,-1.80092
0.862663,-1.80857
0.844539,-1.81611
0.826341,-1.82352
0.808069,-1.83082
0.789725,-1.83798
0.77131,-1.84502
0.752825,-1.85192
0.734272,-1.85869
0.715652,-1.86532
0.696966,-1.87181
0.678216,-1.87816
0.659403,-1.88436
0.640529,-1.89041
0.621596,-1.89631
0.602604,-1.90206
0.583555,-1.90765
0.564451,-1.91308
0.545294,-1.91834
0.526085,-1.92345
0.506826,-1.92839
0.487518,-1.93316
0.468163,-1.93775
0.448763,-1.94218
0.42932,-1.94643
0.409835,-1.9505
0.390311,-1.9544
0.370748,-1.95811
0.351149,-1.96164
0.331516,-1.96499
0.31185,-1.96815
0.292153,-1.97113
0.272428,-1.97391
0.252676,-1.97651
0.232898,-1.97891
0.213098,-1.98112
0.193277,-1.98314
0.173436,-1.98497
0.153578,-1.98659
0.133705,-1.98802
0.113818,-1.98926
0.0939201,-1.9903
0.0740128,-1.99113
0.0540981,-1.99177
0.034178,-1.99222
0.0142544,-1.99246
-0.00567051,-1.9925
-0.0255949,-1.99234
-0.0455167,-1.99199
-0.065434,-1.99143
-0.0853448,-1.99068
-0.105247,-1.98973
-0.125139,-1.98858
-0.145018,-1.98723
-0.164883,-1.98569
-0.184731,-1.98395
-0.204561,-1.98202
-0.224371,-1.97989
-0.244158,-1.97757
-0.263922,-1.97505
-0.283659,-1.97235
-0.303368,-1.96946
-0.323047,-1.96638
-0.342695,-1.96311
-0.362309,-1.95966
-0.381887,-1.95602
-0.401429,-1.9522
-0.420931,-1.94821
-0.440392,-1.94403
-0.459811,-1.93968
-0.479185,-1.93516
-0.498513,-1.93046
-0.517794,-1.9256
-0.537025,-1.92056
-0.556205,-1.91537
-0.575332,-1.91
-0.594404,-1.90448
-0.613421,-1.89881
-0.63238,-1.89297
-0.65128,-1.88698
-0.670119,-1.88085
-0.688896,-1.87456
-0.70761,-1.86814
-0.726258,-1.86156
-0.744841,-1.85486
-0.763355,-1.84801
-0.7818,-1.84103
-0.800175,-1.83392
-0.818478,-1.82668
-0.836708,-1.81932
-0.854864,-1.81183
-0.872945,-1.80423
-0.890948,-1.79651
-0.908874,-1.78868
-0.926722,-1.78073
-0.944489,-1.77268
-0.962175,-1.76453
-0.979779,-1.75628
-0.9973,-1.74793
-1.01474,-1.73948
-1.03209,-1.73094
-1.04936,-1.72231
-1.06654,-1.7136
-1.08363,-1.7048
-1.10063,-1.69593
-1.11755,-1.68697
-1.13437,-1.67795
-1.1511,-1.66885
-1.16775,-1.65968
-1.1843,-1.65045
-1.20076,-1.64116
-1.21712,-1.63181
-1.23339,-1.6224
-1.24957,-1.61294
-1.26565,-1.60342
-1.28164,-1.59386
-1.29753,-1.58425
-1.31332,-1.5746
-1.32902,-1.56491
-1.34462,-1.55519
-1.36012,-1.54542
-1.37553,-1.53563
-1.39084,-1.52581
-1.40604,-1.51595
-1.42115,-1.50608
-1.43617,-1.49618
-1.45108,-1.48626
-1.46589,-1.47632
-1.4806,-1.46637
-1.49522,-1.4564
-1.50973,-1.44643
-1.52415,-1.43644
-1.53846,-1.42645
-1.55268,-1.41645
-1.56679,-1.40645
-1.5808,-1.39645
-1.59472,-1.38646
-1.60853,-1.37646
-1.62225,-1.36647
-1.63586,-1.35649
-1.64938,-1.34651
-1.66279,-1.33655
-1.67611,-1.3266
-1.68933,-1.31666
-1.70244,-1.30674
-1.71546,-1.29683
-1.72838,-1.28695
-1.7412,-1.27708
-1.75392,-1.26724
-1.76654,-1.25742
-1.77907,-1.24762
-1.7915,-1.23785
-1.80383,-1.22811
-1.81606,-1.21839
-1.82819,-1.20871
-1.84023,-1.19905
-1.85218,-1.18943
-1.86402,-1.17984
-1.87577,-1.17028
-1.88743,-1.16076
-1.89899,-1.15128
-1.91045,-1.14183
-1.92182,-1.13242
-1.9331,-1.12305
-1.94429,-1.11372
-1.95538,-1.10443
-1.96637,-1.09518
-1.97728,-1.08597
-1.98809,-1.07681
-1.99882,-1.06769
-2.00945,-1.05861
-2.01999,-1.04958
-2.03044,-1.0406
-2.0408,-1.03166
-2.05107,-1.02277
-2.06126,-1.01392
-2.07135,-1.00512
-2.08136,-0.996374
-2.09128,-0.987674
-2.10111,-0.979023
-2.11086,-0.970421
-2.12052,-0.961869
-2.1301,-0.953368
-2.13959,-0.944917
-2.149,-0.936517
-2.15832,-0.928168
-2.16756,-0.91987
-2.17672,-0.911625
-2.18579,-0.903431
-2.19479,-0.895289
-2.2037,-0.8872
-2.21253,-0.879163
-2.22128,-0.871178
-2.22995,-0.863247
-2.23855,-0.855368
-2.24706,-0.847542
-2.2555,-0.83977
-2.26386,-0.83205
-2.27214,-0.824384
-2.28034,-0.816771
-2.28847,-0.809211
-2.29653,-0.801704
-2.30451,-0.79425
-2.31241,-0.78685
-2.32025,-0.779503
-2.328,-0.772209
-2.33569,-0.764967
-2.3433,-0.757779
-2.35085,-0.750644
-2.35832,-0.743562
-2.36572,-0.736532
-2.37305,-0.729555
-2.38031,-0.72263
-2.3875,-0.715757
-2.39462,-0.708937
-2.40168,-0.702169
-2.40867,-0.695453
-2.41559,-0.688788
-2.42244,-0.682175
-2.42923,-0.675613
-2.43596,-0.669102
-2.44261,-0.662642
-2.44921,-0.656233
-2.45574,-0.649875
-2.46221,-0.643566
-2.46861,-0.637308
-2.47495,-0.6311
-2.48123,-0.624941
-2.48745,-0.618832
-2.49361,-0.612771
-2.49971,-0.60676
-2.50575,-0.600797
-2.51172,-0.594883
-2.51764,-0.589016
-2.5235,-0.583198
-2.52931,-0.577426
-2.53505,-0.571703
-2.54074,-0.566026
-2.54637,-0.560395
-2.55195,-0.554812
-2.55747,-0.549274
-2.56293,-0.543782
-2.56835,-0.538336
-2.5737,-0.532935
-2.579,-0.527579
-2.58425,-0.522267
-2.58945,-0.517
-2.59459,-0.511777
-2.59969,-0.506597
-2.60473,-0.501461
-2.60971,-0.496368
-2.61465,-0.491318
-2.61954,-0.48631
-2.62438,-0.481344
-2.62917,-0.476421
-2.63391,-0.471538
-2.6386,-0.466697
-2.64324,-0.461897
-2.64784,-0.457138
-2.65239,-0.452418
-2.65689,-0.447739
-2.66134,-0.443099
-2.66575,-0.438499
-2.67011,-0.433937
-2.67443,-0.429414
-2.6787,-0.42493
-2.68293,-0.420483
-2.68711,-0.416075
-2.69125,-0.411703
-2.69534,-0.407369
-2.69939,-0.403071
-2.7034,-0.39881
-2.70737,-0.394585
-2.7113,-0.390396
-2.71518,-0.386242
-2.71902,-0.382124
-2.72282,-0.37804
-2.72658,-0.373991
-2.7303,-0.369976
-2.73398,-0.365995
-2.73762,-0.362047
-2.74122,-0.358133
-2.74478,-0.354252
-2.74831,-0.350403
-2.75179,-0.346587
-2.75524,-0.342803
-2.75865,-0.339051
-2.76202,-0.33533
-2.76536,-0.33164
-2.76865,-0.327981
-2.77192,-0.324353
-2.77514,-0.320755
-2.77833,-0.317187
-2.78148,-0.313648
-2.7846,-0.310139
-2.78769,-0.306659
-2.79074,-0.303208
-2.79375,-0.299785
-2.79673,-0.29639
-2.79968,-0.293023
-2.80259,-0.289684
-2.80547,-0.286372
-2.80832,-0.283087
-2.81114,-0.279829
-2.81392,-0.276598
-2.81667,-0.273392
-2.81939,-0.270213
-2.82207,-0.267059
-2.82473,-0.26393
-2.82735,-0.260827
-2.82994,-0.257748
-2.83251,-0.254694
-2.83504,-0.251664
-2.83754,-0.248659
-2.84001,-0.245677
-2.84245,-0.242718
-2.84486,-0.239782
-2.84725,-0.23687
-2.8496,-0.23398
-2.85193,-0.231113
-2.85422,-0.228267
-2.85649,-0.225444
-2.85873,-0.222642
-2.86095,-0.219862
-2.86313,-0.217102
-2.86529,-0.214364
-2.86742,-0.211646
-2.86952,-0.208949
-2.8716,-0.206272
-2.87365,-0.203614
-2.87567,-0.200976
-2.87767,-0.198358
-2.87964,-0.195759
-2.88158,-0.193179
-2.8835,-0.190617
-2.88539,-0.188074
-2.88726,-0.185549
-2.8891,-0.183042
-2.89092,-0.180552
-2.89272,-0.17808
-2.89448,-0.175626
-2.89623,-0.173188
-2.89795,-0.170768
-2.89964,-0.168363
-2.90132,-0.165976
-2.90296,-0.163604
-2.90459,-0.161248
-2.90619,-0.158908
-2.90777,-0.156583
-2.90932,-0.154274
-2.91085,-0.151979
-2.91236,-0.1497
-2.91385,-0.147435
-2.91531,-0.145184
-2.91675,-0.142947
-2.91817,-0.140725
-2.91956,-0.138516
-2.92094,-0.13632
-2.92229,-0.134138
-2.92362,-0.131969
-2.92493,-0.129813
-2.92622,-0.12767
-2.92748,-0.125539
-2.92873,-0.12342
-2.92995,-0.121313
-2.93115,-0.119219
-2.93234,-0.117136
-2.9335,-0.115064
-2.93464,-0.113004
-2.93576,-0.110954
-2.93686,-0.108916
-2.93794,-0.106888
-2.93899,-0.104871
-2.94003,-0.102864
-2.94105,-0.100867
-2.94205,-0.0988795
-2.94303,-0.096902
-2.94399,-0.0949341
-2.94493,-0.0929755
-2.94585,-0.091026
-2.94675,-0.0890855
-2.94763,-0.0871537
-2.94849,-0.0852304
-2.94933,-0.0833155
-2.95016,-0.0814088
-2.95096,-0.0795101
-2.95175,-0.0776191
-2.95251,-0.0757358
-2.95326,-0.07386
-2.95399,-0.0719914
-2.9547,-0.0701299
-2.95539,-0.0682752
-2.95607,-0.0664273
-2.95672,-0.0645859
-2.95736,-0.0627508
-2.95798,-0.0609219
-2.95858,-0.0590991
-2.95916,-0.057282
-2.95972,-0.0554705
-2.96027,-0.0536645
-2.9608,-0.0518638
-2.96131,-0.0500682
-2.9618,-0.0482775
-2.96227,-0.0464916
-2.96273,-0.0447102
-2.96317,-0.0429332
-2.96359,-0.0411605
-2.96399,-0.0393918
-2.96438,-0.037627
-2.96474,-0.0358659
-2.96509,-0.0341083
-2.96542,-0.0323541
-2.96574,-0.0306031
-2.96604,-0.0288551
-2.96632,-0.0271099
-2.96658,-0.0253674
-2.96682,-0.0236274
-2.96705,-0.0218897
-2.96726,-0.0201542
-2.96745,-0.0184206
-2.96763,-0.0166889
-2.96779,-0.0149588
-2.96793,-0.0132302
-2.96805,-0.0115029
-2.96816,-0.00977671
-2.96825,-0.0080515
-2.96832,-0.00632708
-2.96838,-0.00460328
-2.96841,-0.00287994
-2.96843,-0.00115688
-2.96844,0.00056606
-2.96842,0.00228906
-2.96839,0.00401229
-2.96834,0.00573591
-2.96828,0.00746009
-2.96819,0.00918501
-2.96809,0.0109108
-2.96797,0.0126377
-2.96784,0.0143659
-2.96769,0.0160954
-2.96752,0.0178266
-2.96733,0.0195595
-2.96713,0.0212943
-2.9669,0.0230312
-2.96666,0.0247704
-2.96641,0.0265121
-2.96613,0.0282563
-2.96584,0.0300033
-2.96553,0.0317533
-2.96521,0.0335064
-2.96486,0.0352628
-2.9645,0.0370227
-2.96412,0.0387862
-2.96373,0.0405536
-2.96331,0.0423249
-2.96288,0.0441004
-2.96243,0.0458802
-2.96196,0.0476646
-2.96148,0.0494536
-2.96097,0.0512475
-2.96045,0.0530465
-2.95991,0.0548506
-2.95936,0.0566602
-2.95878,0.0584753
-2.95819,0.0602962
-2.95757,0.062123
-2.95694,0.0639559
-2.95629,0.0657951
-2.95563,0.0676408
-2.95494,0.0694931
-2.95424,0.0713523
-2.95351,0.0732184
-2.95277,0.0750918
-2.95201,0.0769725
-2.95123,0.0788608
-2.95044,0.0807568
-2.94962,0.0826608
-2.94878,0.0845728
-2.94793,0.0864932
-2.94705,0.0884221
-2.94616,0.0903596
-2.94525,0.092306
-2.94431,0.0942615
-2.94336,0.0962262
-2.94239,0.0982003
-2.9414,0.100184
-2.94038,0.102178
-2.93935,0.104181
-2.9383,0.106195
-2.93723,0.108219
-2.93614,0.110254
-2.93502,0.1123
-2.93389,0.114356
-2.93274,0.116424
-2.93156,0.118503
-2.93037,0.120594
-2.92915,0.122696
-2.92791,0.124811
-2.92665,0.126938
-2.92537,0.129077
-2.92407,0.131228
-2.92275,0.133393
-2.9214,0.135571
-2.92004,0.137761
-2.91865,0.139966
-2.91724,0.142184
-2.91581,0.144415
-2.91435,0.146661
-2.91287,0.148921
-2.91137,0.151196
-2.90985,0.153485
-2.9083,0.15579
-2.90673,0.158109
-2.90514,0.160444
-2.90352,0.162794
-2.90188,0.16516
-2.90022,0.167543
-2.89853,0.169941
-2.89682,0.172356
-2.89509,0.174788
-2.89333,0.177237
-2.89154,0.179703
-2.88973,0.182186
-2.8879,0.184687
-2.88604,0.187206
-2.88415,0.189743
-2.88224,0.192298
-2.88031,0.194872
-2.87834,0.197465
-2.87636,0.200076
-2.87434,0.202707
-2.8723,0.205358
-2.87024,0.208029
-2.86814,0.210719
-2.86602,0.21343
-2.86387,0.216161
-2.8617,0.218913
-2.8595,0.221686
-2.85726,0.224481
-2.85501,0.227297
-2.85272,0.230134
-2.8504,0.232994
-2.84806,0.235876
-2.84569,0.238781
-2.84328,0.241709
-2.84085,0.244659
-2.83839,0.247633
-2.8359,0.250631
-2.83338,0.253653
-2.83083,0.256698
-2.82824,0.259769
-2.82563,0.262863
-2.82299,0.265983
-2.82031,0.269128
-2.8176,0.272299
-2.81486,0.275496
-2.81209,0.278718
-2.80929,0.281967
-2.80645,0.285243
-2.80358,0.288545
-2.80068,0.291875
-2.79775,0.295232
-2.79478,0.298617
-2.79177,0.302031
-2.78874,0.305472
-2.78566,0.308942
-2.78256,0.312442
-2.77942,0.31597
-2.77624,0.319528
-2.77303,0.323116
-2.76978,0.326734
-2.76649,0.330382
-2.76317,0.334061
-2.75981,0.337771
-2.75641,0.341513
-2.75298,0.345286
-2.74951,0.349091
-2.746,0.352928
-2.74245,0.356798
-2.73886,0.360701
-2.73523,0.364637
-2.73157,0.368607
-2.72786,0.37261
-2.72412,0.376647
-2.72033,0.380719
-2.7165,0.384826
-2.71263,0.388968
-2.70872,0.393145
-2.70477,0.397357
-2.70077,0.401606
-2.69674,0.405891
-2.69266,0.410213
-2.68853,0.414571
-2.68436,0.418967
-2.68015,0.423401
-2.6759,0.427872
-2.6716,0.432382
-2.66725,0.43693
-2.66286,0.441517
-2.65842,0.446143
-2.65393,0.450809
-2.6494,0.455515
-2.64482,0.460261
-2.6402,0.465047
-2.63552,0.469874
-2.6308,0.474742
-2.62603,0.479651
-2.62121,0.484602
-2.61634,0.489596
-2.61141,0.494631
-2.60644,0.49971
-2.60142,0.504831
-2.59635,0.509996
-2.59122,0.515204
-2.58604,0.520456
-2.58081,0.525752
-2.57553,0.531093
-2.57019,0.536479
-2.5648,0.541909
-2.55935,0.547386
-2.55385,0.552908
-2.54829,0.558476
-2.54268,0.56409
-2.53701,0.569751
-2.53128,0.575458
-2.5255,0.581213
-2.51966,0.587015
-2.51376,0.592865
-2.5078,0.598763
-2.50178,0.60471
-2.49571,0.610704
-2.48957,0.616748
-2.48337,0.622841
-2.47711,0.628982
-2.47079,0.635174
-2.46441,0.641415
-2.45796,0.647706
-2.45146,0.654047
-2.44488,0.660439
-2.43825,0.666881
-2.43155,0.673374
-2.42478,0.679919
-2.41795,0.686514
-2.41105,0.693161
-2.40408,0.69986
-2.39705,0.70661
-2.38995,0.713413
-2.38278,0.720267
-2.37555,0.727174
-2.36824,0.734133
-2.36086,0.741145
-2.35342,0.748209
-2.3459,0.755327
-2.33831,0.762497
-2.33065,0.769719
-2.32291,0.776995
-2.31511,0.784324
-2.30723,0.791707
-2.29927,0.799142
-2.29124,0.80663
-2.28314,0.814172
-2.27496,0.821767
-2.26671,0.829415
-2.25837,0.837117
-2.24996,0.844871
-2.24148,0.852679
-2.23291,0.860539
-2.22426,0.868453
-2.21554,0.876419
-2.20674,0.884438
-2.19785,0.892509
-2.18889,0.900633
-2.17984,0.908809
-2.17071,0.917037
-2.1615,0.925317
-2.1522,0.933648
-2.14282,0.94203
-2.13336,0.950464
-2.12381,0.958948
-2.11418,0.967483
-2.10446,0.976067
-2.09466,0.984702
-2.08477,0.993385
-2.07479,1.00212
-2.06473,1.0109
-2.05458,1.01973
-2.04433,1.0286
-2.034,1.03753
-2.02358,1.0465
-2.01307,1.05551
-2.00247,1.06457
-1.99178,1.07368
-1.981,1.08282
-1.97012,1.09202
-1.95916,1.10125
-1.9481,1.11053
-1.93695,1.11984
-1.9257,1.1292
-1.91436,1.1386
-1.90293,1.14803
-1.8914,1.1575
-1.87978,1.16701
-1.86806,1.17656
-1.85625,1.18613
-1.84434,1.19575
-1.83233,1.20539
-1.82023,1.21507
-1.80803,1.22477
-1.79574,1.23451
-1.78334,1.24427
-1.77085,1.25406
-1.75826,1.26387
-1.74557,1.2737
-1.73279,1.28356
-1.7199,1.29344
-1.70692,1.30334
-1.69383,1.31326
-1.68065,1.32319
-1.66737,1.33314
-1.65399,1.3431
-1.64051,1.35307
-1.62693,1.36305
-1.61325,1.37303
-1.59947,1.38303
-1.58559,1.39302
-1.57161,1.40302
-1.55753,1.41302
-1.54335,1.42302
-1.52907,1.43302
-1.51469,1.443
-1.50021,1.45298
-1.48563,1.46295
-1.47095,1.47291
-1.45617,1.48285
-1.44129,1.49278
-1.42631,1.50268
-1.41124,1.51257
-1.39606,1.52243
-1.38079,1.53226
-1.36542,1.54207
-1.34995,1.55184
-1.33438,1.56158
-1.31872,1.57129
-1.30295,1.58095
-1.2871,1.59057
-1.27114,1.60015
-1.25509,1.60968
-1.23895,1.61916
-1.22271,1.62859
-1.20638,1.63796
-1.18995,1.64727
-1.17343,1.65653
-1.15682,1.66571
-1.14012,1.67483
-1.12333,1.68389
-1.10644,1.69286
-1.08947,1.70177
-1.07241,1.71059
-1.05526,1.71933
-1.03802,1.72799
-1.0207,1.73656
-1.00329,1.74504
-0.985797,1.75342
-0.968221,1.76171
-0.950563,1.7699
-0.932823,1.77799
-0.915004,1.78597
-0.897104,1.79384
-0.879127,1.80159
-0.861073,1.80924
-0.842943,1.81676
-0.824738,1.82417
-0.80646,1.83145
-0.788109,1.83861
-0.769688,1.84563
-0.751197,1.85252
-0.732638,1.85928
-0.714012,1.8659
-0.695321,1.87238
-0.676565,1.87871
-0.657747,1.8849
-0.638868,1.89094
-0.619929,1.89682
-0.600932,1.90255
-0.581878,1.90813
-0.56277,1.91355
-0.543608,1.9188
-0.524394,1.92389
-0.505131,1.92881
-0.485819,1.93357
-0.46646,1.93815
-0.447056,1.94256
-0.427609,1.9468
-0.408121,1.95085
-0.388593,1.95473
-0.369027,1.95843
-0.349425,1.96195
-0.329788,1.96528
-0.31012,1.96842
-0.290421,1.97138
-0.270693,1.97415
-0.250938,1.97673
-0.231159,1.97911
-0.211357,1.98131
-0.191533,1.98331
-0.171691,1.98512
-0.151832,1.98673
-0.131957,1.98814
-0.11207,1.98936
-0.0921707,1.99038
-0.0722627,1.9912
-0.0523474,1.99182
-0.0324269,1.99225
-0.0125032,1.99247
0.00742182,1.9925
0.0273461,1.99232
0.0472676,1.99195
0.0671844,1.99138
0.0870944,1.99061
0.106996,1.98964
0.126887,1.98847
0.146765,1.98711
0.166628,1.98555
0.186475,1.98379
0.206303,1.98184
0.226111,1.97969
0.245896,1.97735
0.265657,1.97482
0.285392,1.9721
0.305099,1.96919
0.324775,1.9661
0.34442,1.96281
0.364031,1.95934
0.383606,1.95569
0.403144,1.95186
0.422643,1.94785
0.442101,1.94366
0.461516,1.93929
0.480886,1.93475
0.50021,1.93004
0.519486,1.92516
0.538713,1.92011
0.557888,1.9149
0.57701,1.90953
0.596078,1.90399
0.615089,1.8983
0.634043,1.89245
0.652938,1.88645
0.671772,1.8803
0.690544,1.87401
0.709252,1.86756
0.727894,1.86098
0.746471,1.85426
0.764979,1.8474
0.783418,1.84041
0.801787,1.83329
0.820084,1.82604
0.838307,1.81866
0.856456,1.81117
0.87453,1.80356
0.892527,1.79583
0.910446,1.78798
0.928286,1.78003
0.946047,1.77197
0.963726,1.76381
0.981322,1.75555
0.998836,1.74719
1.01627,1.73873
1.03361,1.73018
1.05087,1.72155
1.06804,1.71283
1.08513,1.70403
1.10212,1.69514
1.11903,1.68618
1.13584,1.67715
1.15257,1.66805
1.16921,1.65887
1.18575,1.64964
1.2022,1.64034
1.21855,1.63098
1.23482,1.62157
1.25099,1.6121
1.26706,1.60258
1.28304,1.59302
1.29892,1.58341
1.31471,1.57375
1.33039,1.56406
1.34599,1.55433
1.36148,1.54456
1.37688,1.53477
1.39218,1.52494
1.40738,1.51509
1.42248,1.50521
1.43748,1.49531
1.45238,1.48539
1.46719,1.47545
1.48189,1.46549
1.4965,1.45553
1.511,1.44555
1.52541,1.43556
1.53971,1.42557
1.55392,1.41557
1.56803,1.40557
1.58203,1.39557
1.59594,1.38558
1.60974,1.37558
1.62345,1.36559
1.63706,1.35561
1.65056,1.34564
1.66397,1.33567
1.67728,1.32572
1.69048,1.31579
1.70359,1.30587
1.7166,1.29596
1.72951,1.28608
1.74232,1.27622
1.75503,1.26637
1.76765,1.25656
1.78017,1.24676
1.79258,1.23699
1.80491,1.22725
1.81713,1.21754
1.82926,1.20786
1.84129,1.1982
1.85322,1.18858
1.86506,1.179
1.8768,1.16944
1.88845,1.15993
1.9,1.15044
1.91146,1.141
1.92282,1.13159
1.93409,1.12223
1.94526,1.1129
1.95635,1.10361
1.96734,1.09437
1.97823,1.08516
1.98904,1.076
1.99975,1.06689
2.01038,1.05782
2.02091,1.04879
2.03135,1.03981
2.04171,1.03087
2.05197,1.02199
2.06215,1.01315
2.07223,1.00435
2.08223,0.995607
2.09215,0.986911
2.10197,0.978265
2.11171,0.969667
2.12137,0.96112
2.13093,0.952623
2.14042,0.944176
2.14982,0.935781
2.15913,0.927436
2.16837,0.919143
2.17752,0.910902
2.18659,0.902713
2.19557,0.894576
2.20448,0.886491
2.2133,0.878459
2.22205,0.870479
2.23071,0.862552
2.2393,0.854678
2.24781,0.846857
2.25624,0.839089
2.26459,0.831374
2.27286,0.823713
2.28106,0.816104
2.28919,0.808549
2.29723,0.801047
2.30521,0.793598
2.31311,0.786202
2.32093,0.778859
2.32868,0.77157
2.33636,0.764333
2.34397,0.75715
2.35151,0.750019
2.35897,0.742942
2.36636,0.735916
2.37369,0.728944
2.38094,0.722024
2.38813,0.715156
2.39525,0.70834
2.4023,0.701577
2.40928,0.694865
2.41619,0.688205
2.42304,0.681596
2.42983,0.675039
2.43654,0.668532
2.4432,0.662077
2.44979,0.655672
2.45631,0.649318
2.46277,0.643014
2.46917,0.636761
2.47551,0.630557
2.48178,0.624402
2.488,0.618297
2.49415,0.612241
2.50024,0.606234
2.50627,0.600275
2.51225,0.594365
2.51816,0.588503
2.52402,0.582688
2.52981,0.576921
2.53555,0.571202
2.54124,0.565529
2.54687,0.559903
2.55244,0.554323
2.55795,0.548789
2.56341,0.543302
2.56882,0.537859
2.57417,0.532462
2.57947,0.52711
2.58471,0.521802
2.5899,0.516539
2.59504,0.51132
2.60013,0.506144
2.60517,0.501012
2.61015,0.495922
2.61508,0.490876
2.61997,0.485872
2.6248,0.48091
2.62959,0.47599
2.63432,0.471111
2.63901,0.466274
2.64365,0.461477
2.64824,0.456721
2.65278,0.452005
2.65728,0.44733
2.66173,0.442693
2.66613,0.438096
2.67049,0.433538
2.6748,0.429019
2.67907,0.424538
2.6833,0.420094
2.68747,0.415689
2.69161,0.411321
2.6957,0.40699
2.69975,0.402695
2.70375,0.398437
2.70772,0.394216
2.71164,0.390029
2.71552,0.385879
2.71936,0.381763
2.72315,0.377683
2.72691,0.373636
2.73063,0.369624
2.7343,0.365646
2.73794,0.361702
2.74154,0.357791
2.7451,0.353912
2.74862,0.350067
2.7521,0.346253
2.75554,0.342472
2.75895,0.338722
2.76232,0.335004
2.76565,0.331317
2.76894,0.327661
2.7722,0.324035
2.77542,0.32044
2.77861,0.316874
2.78176,0.313339
2.78488,0.309832
2.78796,0.306354
2.791,0.302906
2.79401,0.299485
2.79699,0.296093
2.79994,0.292729
2.80285,0.289392
2.80572,0.286082
2.80857,0.2828
2.81138,0.279544
2.81416,0.276315
2.81691,0.273112
2.81962,0.269935
2.82231,0.266783
2.82496,0.263657
2.82758,0.260555
2.83017,0.257479
2.83273,0.254427
2.83526,0.251399
2.83776,0.248396
2.84023,0.245416
2.84267,0.242459
2.84508,0.239526
2.84746,0.236615
2.84981,0.233727
2.85213,0.230862
2.85443,0.228018
2.85669,0.225197
2.85893,0.222397
2.86114,0.219618
2.86332,0.216861
2.86548,0.214124
2.8676,0.211408
2.8697,0.208713
2.87178,0.206037
2.87383,0.203382
2.87585,0.200746
2.87784,0.198129
2.87981,0.195531
2.88175,0.192953
2.88367,0.190393
2.88556,0.187851
2.88742,0.185328
2.88927,0.182822
2.89108,0.180334
2.89287,0.177864
2.89464,0.175411
2.89638,0.172975
2.8981,0.170556
2.89979,0.168153
2.90146,0.165766
2.90311,0.163396
2.90473,0.161042
2.90633,0.158703
2.9079,0.15638
2.90946,0.154071
2.91098,0.151778
2.91249,0.1495
2.91398,0.147236
2.91544,0.144987
2.91687,0.142751
2.91829,0.14053
2.91969,0.138322
2.92106,0.136128
2.92241,0.133947
2.92374,0.131779
2.92504,0.129624
2.92633,0.127482
2.92759,0.125352
2.92884,0.123234
2.93006,0.121129
2.93126,0.119035
2.93244,0.116953
2.9336,0.114882
2.93474,0.112823
2.93585,0.110775
2.93695,0.108737
2.93803,0.10671
2.93909,0.104694
2.94012,0.102688
2.94114,0.100692
2.94214,0.0987053
2.94311,0.0967287
2.94407,0.0947616
2.94501,0.0928038
2.94593,0.0908551
2.94683,0.0889153
2.94771,0.0869843
2.94857,0.0850618
2.94941,0.0831476
2.95023,0.0812416
2.95103,0.0793436
2.95182,0.0774533
2.95258,0.0755707
2.95333,0.0736955
2.95406,0.0718275
2.95476,0.0699666
2.95545,0.0681125
2.95613,0.0662652
2.95678,0.0644243
2.95741,0.0625898
2.95803,0.0607615
2.95863,0.0589391
2.95921,0.0571225
2.95977,0.0553116
2.96032,0.053506
2.96084,0.0517058
2.96135,0.0499106
2.96184,0.0481203
2.96231,0.0463348
2.96277,0.0445538
2.9632,0.0427773
2.96362,0.0410049
2.96402,0.0392365
2.96441,0.0374721
2.96477,0.0357113
2.96512,0.033954
2.96545,0.0322001
2.96577,0.0304493
2.96606,0.0287016
2.96634,0.0269566
2.9666,0.0252143
2.96684,0.0234745
2.96707,0.0217371
2.96728,0.0200017
2.96747,0.0182683
2.96764,0.0165368
2.9678,0.0148068
2.96794,0.0130783
2.96806,0.0113511
2.96817,0.00962504
2.96826,0.0078999
2.96833,0.00617554
2.96838,0.0044518
2.96841,0.00272848
2.96843,0.00100544
2.96844,-0.000717499
2.96842,-0.00244051
2.96839,-0.00416377
2.96834,-0.00588743
2.96827,-0.00761167
2.96818,-0.00933667
2.96808,-0.0110626
2.96796,-0.0127896
2.96783,-0.0145178
2.96767,-0.0162475
2.9675,-0.0179788
2.96731,-0.0197119
2.96711,-0.0214469
2.96688,-0.023184
2.96664,-0.0249234
2.96639,-0.0266653
2.96611,-0.0284098
2.96582,-0.030157
2.96551,-0.0319073
2.96518,-0.0336607
2.96483,-0.0354174
2.96447,-0.0371776
2.96409,-0.0389414
2.96369,-0.0407091
2.96328,-0.0424808
2.96284,-0.0442566
2.96239,-0.0460369
2.96192,-0.0478216
2.96143,-0.0496111
2.96093,-0.0514054
2.96041,-0.0532048
2.95986,-0.0550094
2.95931,-0.0568195
2.95873,-0.0586351
2.95813,-0.0604565
2.95752,-0.0622839
2.95689,-0.0641173
2.95624,-0.0659571
2.95557,-0.0678033
2.95488,-0.0696562
2.95418,-0.071516
2.95345,-0.0733828
2.95271,-0.0752568
2.95195,-0.0771382
2.95116,-0.0790271
2.95036,-0.0809238
2.94955,-0.0828285
2.94871,-0.0847413
2.94785,-0.0866624
2.94697,-0.088592
2.94608,-0.0905303
2.94516,-0.0924775
2.94423,-0.0944338
2.94328,-0.0963993
2.9423,-0.0983743
2.94131,-0.100359
2.94029,-0.102353
2.93926,-0.104358
2.93821,-0.106373
2.93713,-0.108398
2.93604,-0.110433
2.93492,-0.11248
2.93379,-0.114537
2.93263,-0.116606
2.93146,-0.118686
2.93026,-0.120778
2.92904,-0.122882
2.9278,-0.124997
2.92654,-0.127125
2.92526,-0.129265
2.92396,-0.131418
2.92263,-0.133584
2.92128,-0.135763
2.91992,-0.137955
2.91853,-0.14016
2.91711,-0.142379
2.91568,-0.144612
2.91422,-0.146859
2.91274,-0.149121
2.91124,-0.151397
2.90971,-0.153687
2.90816,-0.155993
2.90659,-0.158314
2.905,-0.16065
2.90338,-0.163002
2.90174,-0.165369
2.90007,-0.167753
2.89838,-0.170153
2.89667,-0.172569
2.89493,-0.175003
2.89317,-0.177453
2.89138,-0.17992
2.88957,-0.182405
2.88773,-0.184908
2.88587,-0.187428
2.88399,-0.189967
2.88207,-0.192524
2.88014,-0.195099
2.87817,-0.197693
2.87618,-0.200307
2.87416,-0.20294
2.87212,-0.205592
2.87005,-0.208264
2.86796,-0.210956
2.86583,-0.213669
2.86368,-0.216402
2.86151,-0.219156
2.8593,-0.221931
2.85707,-0.224727
2.85481,-0.227545
2.85252,-0.230385
2.8502,-0.233247
2.84785,-0.236131
2.84548,-0.239038
2.84307,-0.241967
2.84064,-0.24492
2.83817,-0.247896
2.83568,-0.250896
2.83315,-0.253919
2.8306,-0.256967
2.82801,-0.26004
2.8254,-0.263137
2.82275,-0.266259
2.82007,-0.269406
2.81736,-0.272579
2.81462,-0.275778
2.81185,-0.279003
2.80904,-0.282254
2.8062,-0.285532
2.80333,-0.288837
2.80043,-0.292169
2.79749,-0.295529
2.79452,-0.298916
2.79151,-0.302332
2.78847,-0.305776
2.78539,-0.309249
2.78228,-0.31275
2.77914,-0.316281
2.77596,-0.319842
2.77274,-0.323432
2.76949,-0.327053
2.7662,-0.330704
2.76287,-0.334386
2.75951,-0.338099
2.75611,-0.341843
2.75268,-0.345619
2.7492,-0.349427
2.74569,-0.353267
2.74213,-0.35714
2.73854,-0.361046
2.73491,-0.364985
2.73124,-0.368957
2.72753,-0.372964
2.72378,-0.377004
2.71999,-0.381079
2.71616,-0.385189
2.71229,-0.389333
2.70838,-0.393513
2.70442,-0.397729
2.70042,-0.401981
2.69638,-0.406269
2.6923,-0.410594
2.68817,-0.414956
2.684,-0.419356
2.67978,-0.423792
2.67552,-0.428267
2.67122,-0.43278
2.66686,-0.437332
2.66247,-0.441922
2.65803,-0.446552
2.65354,-0.451221
2.649,-0.45593
2.64442,-0.46068
2.63979,-0.465469
2.63511,-0.4703
2.63038,-0.475172
2.62561,-0.480085
2.62078,-0.48504
2.6159,-0.490037
2.61098,-0.495076
2.606,-0.500158
2.60098,-0.505283
2.5959,-0.510452
2.59077,-0.515664
2.58558,-0.52092
2.58035,-0.52622
2.57506,-0.531565
2.56972,-0.536954
2.56432,-0.542389
2.55887,-0.547869
2.55336,-0.553395
2.5478,-0.558967
2.54218,-0.564585
2.53651,-0.57025
2.53078,-0.575962
2.52499,-0.581721
2.51914,-0.587528
2.51324,-0.593382
2.50728,-0.599284
2.50125,-0.605235
2.49517,-0.611234
2.48903,-0.617282
2.48282,-0.623378
2.47656,-0.629525
2.47023,-0.63572
2.46385,-0.641966
2.45739,-0.648261
2.45088,-0.654607
2.4443,-0.661003
2.43766,-0.66745
2.43095,-0.673948
2.42418,-0.680496
2.41734,-0.687097
2.41044,-0.693748
2.40347,-0.700451
2.39643,-0.707206
2.38932,-0.714013
2.38215,-0.720872
2.37491,-0.727784
2.36759,-0.734748
2.36021,-0.741764
2.35276,-0.748833
2.34523,-0.755955
2.33764,-0.763129
2.32997,-0.770357
2.32223,-0.777637
2.31442,-0.784971
2.30653,-0.792358
2.29857,-0.799798
2.29054,-0.807291
2.28242,-0.814838
2.27424,-0.822437
2.26598,-0.83009
2.25764,-0.837796
2.24922,-0.845555
2.24073,-0.853367
2.23215,-0.861233
2.2235,-0.869151
2.21477,-0.877122
2.20596,-0.885145
2.19707,-0.893221
2.18809,-0.901349
2.17904,-0.90953
2.1699,-0.917763
2.16068,-0.926047
2.15138,-0.934383
2.142,-0.94277
2.13253,-0.951208
2.12297,-0.959696
2.11333,-0.968235
2.10361,-0.976824
2.0938,-0.985463
2.0839,-0.994151
2.07391,-1.00289
2.06384,-1.01167
2.05368,-1.02051
2.04343,-1.02939
2.03309,-1.03831
2.02266,-1.04729
2.01214,-1.05631
2.00154,-1.06537
1.99084,-1.07448
1.98005,-1.08363
1.96916,-1.09283
1.95819,-1.10206
1.94712,-1.11134
1.93596,-1.12066
1.92471,-1.13003
1.91336,-1.13942
1.90192,-1.14886
1.89038,-1.15834
1.87875,-1.16785
1.86703,-1.1774
1.85521,-1.18698
1.84329,-1.19659
1.83127,-1.20624
1.81916,-1.21592
1.80696,-1.22563
1.79465,-1.23536
1.78225,-1.24513
1.76975,-1.25492
1.75715,-1.26473
1.74445,-1.27457
1.73166,-1.28443
1.71876,-1.29431
1.70577,-1.30421
1.69268,-1.31413
1.67949,-1.32406
1.6662,-1.33401
1.65281,-1.34397
1.63932,-1.35394
1.62573,-1.36392
1.61204,-1.37391
1.59825,-1.38391
1.58436,-1.3939
1.57037,-1.4039
1.55628,-1.4139
1.5421,-1.4239
1.52781,-1.43389
1.51342,-1.44388
1.49893,-1.45386
1.48434,-1.46383
1.46965,-1.47379
1.45487,-1.48373
1.43998,-1.49365
1.42499,-1.50355
1.40991,-1.51344
1.39472,-1.5233
1.37944,-1.53313
1.36406,-1.54293
1.34858,-1.5527
1.33301,-1.56244
1.31733,-1.57214
1.30156,-1.5818
1.2857,-1.59142
1.26974,-1.60099
1.25368,-1.61051
1.23753,-1.61999
1.22128,-1.62941
1.20494,-1.63878
1.1885,-1.64809
1.17198,-1.65734
1.15536,-1.66652
1.13865,-1.67563
1.12184,-1.68468
1.10495,-1.69365
1.08797,-1.70255
1.0709,-1.71136
1.05375,-1.7201
1.0365,-1.72875
1.01917,-1.73731
1.00176,-1.74578
0.984255,-1.75416
0.966672,-1.76244
0.949007,-1.77062
0.93126,-1.77869
0.913433,-1.78666
0.895527,-1.79452
0.877543,-1.80227
0.859482,-1.8099
0.841346,-1.81742
0.823134,-1.82481
0.80485,-1.83208
0.786493,-1.83923
0.768066,-1.84624
0.749569,-1.85312
0.731004,-1.85987
0.712372,-1.86647
0.693675,-1.87294
0.674914,-1.87926
0.65609,-1.88543
0.637205,-1.89146
0.618261,-1.89733
0.599259,-1.90305
0.580201,-1.90861
0.561088,-1.91401
0.541921,-1.91925
0.522703,-1.92433
0.503435,-1.92924
0.484119,-1.93398
0.464756,-1.93854
0.445349,-1.94294
0.425898,-1.94716
0.406406,-1.9512
0.386874,-1.95506
0.367305,-1.95875
0.3477,-1.96225
0.328061,-1.96556
0.30839,-1.96869
0.288688,-1.97163
0.268958,-1.97438
0.249201,-1.97695
0.229419,-1.97932
0.209615,-1.98149
0.18979,-1.98348
0.169946,-1.98527
0.150085,-1.98686
0.13021,-1.98826
0.110321,-1.98946
0.0904212,-1.99046
0.0705125,-1.99126
0.0505967,-1.99187
0.0306758,-1.99227
0.0107519,-1.99248
-0.00917313,-1.99249
-0.0290972,-1.9923
-0.0490184,-1.99191
-0.0689347,-1.99132
-0.0888441,-1.99053
-0.108745,-1.98954
-0.128634,-1.98836
-0.148511,-1.98698
-0.168373,-1.9854
-0.188218,-1.98363
-0.208045,-1.98166
-0.227851,-1.97949
-0.247634,-1.97714
-0.267393,-1.97459
-0.287125,-1.97186
-0.30683,-1.96893
-0.326503,-1.96582
-0.346145,-1.96252
-0.365753,-1.95903
-0.385325,-1.95536
-0.40486,-1.95151
-0.424355,-1.94749
-0.443809,-1.94328
-0.46322,-1.9389
-0.482586,-1.93434
-0.501906,-1.92962
-0.521178,-1.92472
-0.5404,-1.91966
-0.559571,-1.91443
-0.578688,-1.90905
-0.597751,-1.9035
-0.616758,-1.89779
-0.635706,-1.89193
-0.654596,-1.88592
-0.673424,-1.87975
-0.69219,-1.87344
-0.710893,-1.86699
-0.72953,-1.8604
-0.7481,-1.85366
-0.766603,-1.84679
-0.785036,-1.83979
-0.803398,-1.83266
-0.821688,-1.8254
-0.839905,-1.81801
-0.858048,-1.8105
-0.876115,-1.80288
-0.894105,-1.79514
-0.912018,-1.78729
-0.929851,-1.77933
-0.947604,-1.77126
-0.965276,-1.76309
-0.982865,-1.75482
-1.00037,-1.74645
-1.01779,-1.73798
-1.03513,-1.72943
-1.05238,-1.72079
-1.06955,-1.71206
-1.08662,-1.70325
-1.10361,-1.69436
-1.12051,-1.68539
-1.13732,-1.67635
-1.15404,-1.66724
-1.17066,-1.65807
-1.1872,-1.64882
-1.20364,-1.63952
-1.21999,-1.63016
-1.23624,-1.62074
-1.2524,-1.61127
-1.26847,-1.60175
-1.28444,-1.59218
-1.30031,-1.58256
-1.31609,-1.5729
-1.33177,-1.56321
-1.34735,-1.55347
-1.36284,-1.5437
-1.37823,-1.5339
-1.39352,-1.52408
-1.40871,-1.51422
-1.4238,-1.50434
-1.43879,-1.49444
-1.45369,-1.48451
-1.46848,-1.47457
-1.48318,-1.46462
-1.49778,-1.45465
-1.51227,-1.44467
-1.52667,-1.43469
-1.54097,-1.42469
-1.55516,-1.4147
-1.56926,-1.4047
-1.58326,-1.3947
-1.59716,-1.3847
-1.61095,-1.3747
-1.62465,-1.36471
-1.63825,-1.35473
-1.65174,-1.34476
-1.66514,-1.3348
-1.67844,-1.32485
-1.69164,-1.31492
-1.70474,-1.305
-1.71774,-1.2951
-1.73064,-1.28521
-1.74344,-1.27535
-1.75615,-1.26551
-1.76875,-1.25569
-1.78126,-1.2459
-1.79367,-1.23614
-1.80598,-1.2264
-1.8182,-1.21669
-1.83032,-1.20701
-1.84234,-1.19736
-1.85427,-1.18774
-1.86609,-1.17815
-1.87783,-1.1686
-1.88947,-1.15909
-1.90101,-1.14961
-1.91246,-1.14017
-1.92381,-1.13077
-1.93507,-1.1214
-1.94624,-1.11208
-1.95732,-1.1028
-1.9683,-1.09356
-1.97919,-1.08436
-1.98999,-1.0752
-2.00069,-1.06609
-2.01131,-1.05702
-2.02183,-1.048
-2.03227,-1.03902
-2.04261,-1.03009
-2.05287,-1.02121
-2.06304,-1.01237
-2.07312,-1.00358
-2.08311,-0.994841
-2.09301,-0.986149
-2.10283,-0.977507
-2.11256,-0.968914
-2.12221,-0.960371
-2.13177,-0.951878
-2.14125,-0.943436
-2.15064,-0.935045
-2.15995,-0.926705
-2.16918,-0.918417
-2.17832,-0.91018
-2.18738,-0.901996
-2.19636,-0.893863
-2.20526,-0.885783
-2.21407,-0.877755
-2.22281,-0.86978
-2.23147,-0.861858
-2.24005,-0.853989
-2.24855,-0.846172
-2.25697,-0.838409
-2.26532,-0.830699
-2.27359,-0.823042
-2.28178,-0.815438
-2.2899,-0.807887
-2.29794,-0.80039
-2.3059,-0.792946
-2.3138,-0.785554
-2.32161,-0.778217
-2.32936,-0.770932
-2.33703,-0.7637
-2.34463,-0.756521
-2.35216,-0.749395
-2.35962,-0.742322
-2.36701,-0.735301
-2.37433,-0.728334
-2.38158,-0.721418
-2.38876,-0.714555
-2.39587,-0.707744
-2.40291,-0.700985
-2.40989,-0.694277
-2.4168,-0.687622
-2.42364,-0.681018
-2.43042,-0.674465
-2.43713,-0.667963
-2.44378,-0.661512
-2.45036,-0.655112
-2.45688,-0.648762
-2.46334,-0.642463
-2.46973,-0.636213
-2.47606,-0.630014
-2.48233,-0.623864
-2.48854,-0.617763
-2.49469,-0.611711
-2.50077,-0.605708
-2.5068,-0.599754
-2.51277,-0.593848
-2.51868,-0.58799
-2.52453,-0.58218
-2.53032,-0.576417
-2.53606,-0.570701
-2.54174,-0.565033
-2.54736,-0.559411
-2.55292,-0.553835
-2.55843,-0.548305
-2.56389,-0.542821
-2.56929,-0.537383
-2.57464,-0.53199
-2.57993,-0.526642
-2.58517,-0.521338
-2.59036,-0.516078
-2.59549,-0.510863
-2.60058,-0.505691
-2.60561,-0.500563
-2.61059,-0.495477
-2.61552,-0.490434
-2.6204,-0.485434
-2.62522,-0.480476
-2.63001,-0.475559
-2.63474,-0.470684
-2.63942,-0.465851
-2.64405,-0.461058
-2.64864,-0.456305
-2.65318,-0.451593
-2.65767,-0.44692
-2.66212,-0.442288
-2.66652,-0.437694
-2.67087,-0.433139
-2.67518,-0.428623
-2.67944,-0.424145
-2.68366,-0.419706
-2.68784,-0.415303
-2.69197,-0.410939
-2.69606,-0.406611
-2.7001,-0.40232
-2.7041,-0.398065
-2.70806,-0.393846
-2.71198,-0.389663
-2.71586,-0.385516
-2.71969,-0.381403
-2.72349,-0.377326
-2.72724,-0.373282
-2.73095,-0.369273
-2.73462,-0.365298
-2.73826,-0.361357
-2.74185,-0.357448
-2.74541,-0.353573
-2.74892,-0.34973
-2.7524,-0.34592
-2.75584,-0.342141
-2.75924,-0.338394
-2.76261,-0.334679
-2.76594,-0.330995
-2.76923,-0.327341
-2.77248,-0.323718
-2.7757,-0.320125
-2.77889,-0.316562
-2.78204,-0.313029
-2.78515,-0.309525
-2.78823,-0.30605
-2.79127,-0.302604
-2.79428,-0.299186
-2.79725,-0.295796
-2.80019,-0.292434
-2.8031,-0.2891
-2.80598,-0.285793
-2.80882,-0.282513
-2.81163,-0.279259
-2.8144,-0.276032
-2.81715,-0.272832
-2.81986,-0.269657
-2.82254,-0.266507
-2.82519,-0.263383
-2.82781,-0.260284
-2.8304,-0.25721
-2.83295,-0.25416
-2.83548,-0.251134
-2.83798,-0.248133
-2.84044,-0.245155
-2.84288,-0.2422
-2.84529,-0.239269
-2.84766,-0.23636
-2.85001,-0.233474
-2.85233,-0.230611
-2.85463,-0.227769
-2.85689,-0.22495
-2.85912,-0.222152
-2.86133,-0.219375
-2.86351,-0.21662
-2.86566,-0.213885
-2.86779,-0.211171
-2.86989,-0.208477
-2.87196,-0.205803
-2.874,-0.203149
-2.87602,-0.200515
-2.87801,-0.1979
-2.87998,-0.195304
-2.88192,-0.192727
-2.88384,-0.190168
-2.88572,-0.187629
-2.88759,-0.185107
-2.88943,-0.182603
-2.89124,-0.180116
-2.89303,-0.177648
-2.89479,-0.175196
-2.89653,-0.172762
-2.89825,-0.170344
-2.89994,-0.167942
-2.90161,-0.165557
-2.90325,-0.163189
-2.90487,-0.160835
-2.90647,-0.158498
-2.90804,-0.156176
-2.90959,-0.153869
-2.91112,-0.151577
-2.91262,-0.1493
-2.9141,-0.147038
-2.91556,-0.14479
-2.917,-0.142556
-2.91841,-0.140335
-2.91981,-0.138129
-2.92118,-0.135936
-2.92253,-0.133756
-2.92385,-0.131589
-2.92516,-0.129435
-2.92644,-0.127294
-2.9277,-0.125165
-2.92894,-0.123049
-2.93016,-0.120944
-2.93136,-0.118852
-2.93254,-0.116771
-2.9337,-0.114701
-2.93484,-0.112643
-2.93595,-0.110595
-2.93705,-0.108559
-2.93812,-0.106533
-2.93918,-0.104517
-2.94021,-0.102512
-2.94123,-0.100517
-2.94222,-0.0985311
-2.9432,-0.0965554
-2.94415,-0.0945892
-2.94509,-0.0926322
-2.94601,-0.0906843
-2.9469,-0.0887453
-2.94778,-0.086815
-2.94864,-0.0848932
-2.94948,-0.0829797
-2.9503,-0.0810744
-2.9511,-0.0791771
-2.95188,-0.0772875
-2.95265,-0.0754056
-2.95339,-0.073531
-2.95412,-0.0716636
-2.95483,-0.0698033
-2.95551,-0.0679499
-2.95618,-0.0661031
-2.95684,-0.0642628
-2.95747,-0.0624289
-2.95809,-0.0606011
-2.95868,-0.0587792
-2.95926,-0.0569631
-2.95982,-0.0551527
-2.96036,-0.0533476
-2.96089,-0.0515478
-2.96139,-0.0497531
-2.96188,-0.0479632
-2.96235,-0.0461781
-2.96281,-0.0443975
-2.96324,-0.0426213
-2.96366,-0.0408493
-2.96406,-0.0390813
-2.96444,-0.0373172
-2.96481,-0.0355567
-2.96515,-0.0337997
-2.96548,-0.0320461
-2.96579,-0.0302956
-2.96609,-0.0285481
-2.96636,-0.0268034
-2.96662,-0.0250613
-2.96687,-0.0233217
-2.96709,-0.0215844
-2.9673,-0.0198493
-2.96749,-0.0181161
-2.96766,-0.0163846
-2.96781,-0.0146548
-2.96795,-0.0129265
-2.96807,-0.0111994
-2.96818,-0.00947337
-2.96826,-0.00774831
-2.96833,-0.00602401
-2.96838,-0.00430031
-2.96842,-0.00257703
-2.96843,-0.000854003
-2.96843,0.000868939
-2.96842,0.00259197
-2.96838,0.00431525
-2.96833,0.00603896
-2.96826,0.00776326
-2.96818,0.00948833
-2.96807,0.0112143
-2.96795,0.0129414
-2.96781,0.0146698
-2.96766,0.0163996
-2.96749,0.0181311
-2.9673,0.0198643
-2.96709,0.0215995
-2.96686,0.0233368
-2.96662,0.0250764
-2.96636,0.0268185
-2.96608,0.0285632
-2.96579,0.0303107
-2.96548,0.0320613
-2.96515,0.0338149
-2.9648,0.0355719
-2.96444,0.0373324
-2.96406,0.0390966
-2.96366,0.0408646
-2.96324,0.0426367
-2.9628,0.0444129
-2.96235,0.0461936
-2.96188,0.0479787
-2.96139,0.0497686
-2.96088,0.0515634
-2.96036,0.0533632
-2.95982,0.0551683
-2.95926,0.0569788
-2.95868,0.058795
-2.95808,0.0606169
-2.95746,0.0624448
-2.95683,0.0642788
-2.95618,0.0661191
-2.95551,0.0679659
-2.95482,0.0698194
-2.95411,0.0716798
-2.95339,0.0735472
-2.95264,0.0754218
-2.95188,0.0773039
-2.9511,0.0791935
-2.95029,0.0810909
-2.94947,0.0829963
-2.94863,0.0849098
-2.94777,0.0868317
-2.9469,0.088762
-2.946,0.0907011
-2.94508,0.0926491
-2.94415,0.0946062
-2.94319,0.0965725
-2.94222,0.0985483
-2.94122,0.100534
-2.9402,0.102529
-2.93917,0.104534
-2.93811,0.10655
-2.93704,0.108576
-2.93594,0.110613
-2.93483,0.11266
-2.93369,0.114719
-2.93253,0.116789
-2.93135,0.11887
-2.93015,0.120963
-2.92893,0.123067
-2.92769,0.125184
-2.92643,0.127313
-2.92515,0.129454
-2.92384,0.131608
-2.92251,0.133775
-2.92117,0.135955
-2.91979,0.138148
-2.9184,0.140355
-2.91699,0.142575
-2.91555,0.144809
-2.91409,0.147057
-2.91261,0.14932
-2.91111,0.151597
-2.90958,0.153889
-2.90803,0.156196
-2.90645,0.158518
-2.90486,0.160856
-2.90324,0.163209
-2.90159,0.165578
-2.89992,0.167963
-2.89823,0.170365
-2.89652,0.172783
-2.89478,0.175217
-2.89301,0.177669
-2.89122,0.180138
-2.88941,0.182624
-2.88757,0.185128
-2.88571,0.18765
-2.88382,0.190191
-2.8819,0.192749
-2.87996,0.195326
-2.878,0.197922
-2.87601,0.200537
-2.87399,0.203172
-2.87194,0.205826
-2.86987,0.2085
-2.86777,0.211194
-2.86565,0.213908
-2.86349,0.216643
-2.86131,0.219399
-2.85911,0.222176
-2.85687,0.224974
-2.85461,0.227794
-2.85231,0.230636
-2.84999,0.233499
-2.84764,0.236385
-2.84527,0.239294
-2.84286,0.242226
-2.84042,0.24518
-2.83795,0.248159
-2.83546,0.25116
-2.83293,0.254186
-2.83037,0.257236
-2.82779,0.260311
-2.82517,0.26341
-2.82252,0.266534
-2.81984,0.269684
-2.81712,0.272859
-2.81438,0.27606
-2.8116,0.279287
-2.80879,0.282541
-2.80595,0.285821
-2.80308,0.289129
-2.80017,0.292463
-2.79723,0.295825
-2.79425,0.299215
-2.79124,0.302634
-2.7882,0.30608
-2.78512,0.309555
-2.78201,0.31306
-2.77886,0.316593
-2.77568,0.320156
-2.77246,0.32375
-2.7692,0.327373
-2.76591,0.331027
-2.76258,0.334711
-2.75921,0.338427
-2.75581,0.342174
-2.75237,0.345953
-2.74889,0.349763
-2.74538,0.353606
-2.74182,0.357482
-2.73823,0.361391
-2.73459,0.365333
-2.73092,0.369308
-2.72721,0.373317
-2.72345,0.377361
-2.71966,0.381439
-2.71582,0.385551
-2.71195,0.389699
-2.70803,0.393883
-2.70407,0.398102
-2.70007,0.402357
-2.69602,0.406648
-2.69193,0.410976
-2.6878,0.415341
-2.68363,0.419744
-2.67941,0.424184
-2.67514,0.428662
-2.67083,0.433179
-2.66648,0.437734
-2.66208,0.442328
-2.65763,0.446961
-2.65314,0.451633
-2.6486,0.456346
-2.64401,0.461099
-2.63938,0.465892
-2.6347,0.470726
-2.62996,0.475602
-2.62518,0.480519
-2.62035,0.485477
-2.61547,0.490478
-2.61054,0.495521
-2.60556,0.500607
-2.60053,0.505736
-2.59545,0.510908
-2.59031,0.516124
-2.58513,0.521384
-2.57989,0.526688
-2.57459,0.532036
-2.56924,0.53743
-2.56384,0.542869
-2.55839,0.548353
-2.55288,0.553883
-2.54731,0.559459
-2.54169,0.565081
-2.53601,0.570751
-2.53027,0.576467
-2.52448,0.58223
-2.51863,0.58804
-2.51272,0.593899
-2.50675,0.599805
-2.50072,0.60576
-2.49463,0.611763
-2.48849,0.617815
-2.48228,0.623917
-2.47601,0.630067
-2.46968,0.636267
-2.46328,0.642517
-2.45682,0.648817
-2.4503,0.655167
-2.44372,0.661568
-2.43707,0.668019
-2.43036,0.674521
-2.42358,0.681075
-2.41674,0.687679
-2.40983,0.694335
-2.40285,0.701043
-2.39581,0.707802
-2.3887,0.714614
-2.38152,0.721478
-2.37427,0.728394
-2.36695,0.735362
-2.35956,0.742383
-2.3521,0.749457
-2.34457,0.756583
-2.33697,0.763762
-2.32929,0.770995
-2.32155,0.77828
-2.31373,0.785618
-2.30583,0.79301
-2.29787,0.800454
-2.28983,0.807952
-2.28171,0.815503
-2.27352,0.823108
-2.26525,0.830765
-2.2569,0.838476
-2.24848,0.84624
-2.23998,0.854057
-2.2314,0.861926
-2.22274,0.869849
-2.214,0.877825
-2.20518,0.885853
-2.19628,0.893933
-2.1873,0.902066
-2.17824,0.910252
-2.1691,0.918489
-2.15987,0.926777
-2.15056,0.935118
-2.14117,0.943509
-2.13169,0.951952
-2.12213,0.960445
-2.11248,0.968988
-2.10275,0.977582
-2.09293,0.986225
-2.08302,0.994917
-2.07303,1.00366
-2.06295,1.01245
-2.05278,1.02128
-2.04252,1.03017
-2.03218,1.0391
-2.02174,1.04808
-2.01122,1.0571
-2.0006,1.06617
-1.98989,1.07528
-1.97909,1.08444
-1.9682,1.09364
-1.95722,1.10288
-1.94615,1.11216
-1.93498,1.12149
-1.92372,1.13085
-1.91236,1.14025
-1.90091,1.14969
-1.88937,1.15917
-1.87773,1.16869
-1.86599,1.17824
-1.85416,1.18782
-1.84224,1.19744
-1.83021,1.20709
-1.81809,1.21677
-1.80588,1.22648
-1.79356,1.23622
-1.78115,1.24599
-1.76864,1.25578
-1.75604,1.2656
-1.74333,1.27544
-1.73053,1.2853
-1.71763,1.29518
-1.70463,1.30508
-1.69152,1.315
-1.67833,1.32494
-1.66503,1.33489
-1.65163,1.34485
-1.63813,1.35482
-1.62453,1.3648
-1.61083,1.37479
-1.59704,1.38478
-1.58314,1.39478
-1.56914,1.40478
-1.55504,1.41478
-1.54084,1.42478
-1.52655,1.43477
-1.51215,1.44476
-1.49765,1.45474
-1.48305,1.4647
-1.46836,1.47466
-1.45356,1.4846
-1.43867,1.49452
-1.42367,1.50442
-1.40858,1.5143
-1.39338,1.52416
-1.37809,1.53399
-1.3627,1.54379
-1.34722,1.55356
-1.33163,1.56329
-1.31595,1.57299
-1.30017,1.58264
-1.2843,1.59226
-1.26833,1.60183
-1.25226,1.61135
-1.2361,1.62082
-1.21985,1.63024
-1.2035,1.6396
-1.18705,1.6489
-1.17052,1.65815
-1.15389,1.66732
-1.13717,1.67643
-1.12036,1.68547
-1.10346,1.69444
-1.08648,1.70332
-1.0694,1.71213
-1.05223,1.72086
-1.03498,1.7295
-1.01764,1.73806
-1.00022,1.74652
-0.982713,1.75489
-0.965123,1.76316
-0.94745,1.77133
-0.929697,1.7794
-0.911863,1.78736
-0.89395,1.79521
-0.875959,1.80295
-0.857891,1.81057
-0.839748,1.81808
-0.82153,1.82546
-0.803239,1.83272
-0.784876,1.83985
-0.766443,1.84685
-0.74794,1.85372
-0.729369,1.86045
-0.710731,1.86705
-0.692028,1.8735
-0.673262,1.87981
-0.654433,1.88597
-0.635543,1.89198
-0.616593,1.89784
-0.597586,1.90355
-0.578523,1.90909
-0.559405,1.91448
-0.540234,1.91971
-0.521011,1.92477
-0.501739,1.92966
-0.482419,1.93438
-0.463052,1.93894
-0.443641,1.94332
-0.424186,1.94752
-0.404691,1.95155
-0.385156,1.9554
-0.365583,1.95906
-0.345975,1.96254
-0.326333,1.96584
-0.306659,1.96896
-0.286955,1.97188
-0.267222,1.97462
-0.247463,1.97716
-0.227679,1.97951
-0.207873,1.98168
-0.188047,1.98364
-0.168201,1.98541
-0.148339,1.98699
-0.128462,1.98837
-0.108572,1.98955
-0.0886717,1.99054
-0.0687622,1.99132
-0.0488459,1.99191
-0.0289247,1.9923
-0.00900057,1.99249
0.0109244,1.99248
0.0308483,1.99227
0.0507692,1.99186
0.0706849,1.99126
0.0905936,1.99045
0.110493,1.98945
0.130382,1.98824
0.150257,1.98685
0.170118,1.98525
0.189962,1.98346
0.209787,1.98147
0.229591,1.9793
0.249372,1.97692
0.269129,1.97436
0.288859,1.97161
0.30856,1.96866
0.328231,1.96553
0.34787,1.96222
0.367475,1.95872
0.387044,1.95503
0.406575,1.95117
0.426067,1.94712
0.445517,1.9429
0.464924,1.93851
0.484286,1.93394
0.503602,1.9292
0.52287,1.92429
0.542087,1.91921
0.561253,1.91397
0.580366,1.90856
0.599424,1.903
0.618426,1.89728
0.637369,1.89141
0.656253,1.88538
0.675076,1.87921
0.693837,1.87288
0.712533,1.86642
0.731165,1.85981
0.749729,1.85306
0.768226,1.84618
0.786652,1.83917
0.805008,1.83202
0.823292,1.82475
0.841503,1.81736
0.859639,1.80984
0.877699,1.8022
0.895683,1.79445
0.913588,1.78659
0.931414,1.77862
0.94916,1.77054
0.966825,1.76236
0.984407,1.75408
1.00191,1.74571
1.01932,1.73724
1.03665,1.72867
1.05389,1.72002
1.07105,1.71129
1.08812,1.70247
1.1051,1.69357
1.12199,1.6846
1.13879,1.67555
1.1555,1.66644
1.17212,1.65726
1.18865,1.64801
1.20508,1.6387
1.22142,1.62933
1.23767,1.61991
1.25382,1.61043
1.26988,1.60091
1.28584,1.59133
1.3017,1.58171
1.31747,1.57205
1.33314,1.56235
1.34872,1.55262
1.36419,1.54284
1.37957,1.53304
1.39486,1.52321
1.41004,1.51335
1.42512,1.50347
1.44011,1.49356
1.45499,1.48364
1.46978,1.4737
1.48447,1.46374
1.49906,1.45377
1.51354,1.44379
1.52793,1.43381
1.54222,1.42381
1.55641,1.41382
1.5705,1.40382
1.58448,1.39382
1.59837,1.38382
1.61216,1.37383
1.62585,1.36384
1.63944,1.35386
1.65293,1.34388
1.66631,1.33392
1.6796,1.32398
1.69279,1.31404
1.70588,1.30413
1.71888,1.29423
1.73177,1.28434
1.74456,1.27448
1.75726,1.26465
1.76986,1.25483
1.78236,1.24504
1.79476,1.23528
1.80706,1.22554
1.81927,1.21583
1.83138,1.20616
1.84339,1.19651
1.85531,1.1869
1.86713,1.17731
1.87886,1.16777
1.89049,1.15826
1.90202,1.14878
1.91346,1.13934
1.92481,1.12994
1.93606,1.12058
1.94722,1.11126
1.95829,1.10198
1.96926,1.09275
1.98014,1.08355
1.99093,1.0744
2.00163,1.06529
2.01224,1.05623
2.02275,1.04721
2.03318,1.03824
2.04352,1.02931
2.05377,1.02043
2.06393,1.0116
2.074,1.00281
2.08398,0.994075
2.09388,0.985388
2.10369,0.97675
2.11342,0.968161
2.12305,0.959623
2.13261,0.951134
2.14208,0.942697
2.15146,0.93431
2.16076,0.925975
2.16998,0.917691
2.17912,0.909459
2.18817,0.901279
2.19714,0.893151
2.20603,0.885075
2.21485,0.877052
2.22358,0.869082
2.23223,0.861164
2.2408,0.8533
2.24929,0.845488
2.25771,0.837729
2.26605,0.830024
2.27431,0.822371
2.2825,0.814772
2.29061,0.807226
2.29864,0.799733
2.3066,0.792294
2.31449,0.784907
2.3223,0.777574
2.33004,0.770294
2.3377,0.763067
2.3453,0.755893
2.35282,0.748771
2.36028,0.741703
2.36766,0.734687
2.37497,0.727724
2.38221,0.720813
2.38939,0.713954
2.39649,0.707147
2.40353,0.700393
2.4105,0.69369
2.4174,0.687039
2.42424,0.680439
2.43101,0.673891
2.43772,0.667394
2.44436,0.660947
2.45094,0.654552
2.45745,0.648206
2.4639,0.641911
2.47029,0.635666
2.47661,0.629471
2.48288,0.623325
2.48908,0.617229
2.49522,0.611182
2.50131,0.605183
2.50733,0.599233
2.51329,0.593331
2.51919,0.587477
2.52504,0.581671
2.53083,0.575913
2.53656,0.570201
2.54223,0.564537
2.54785,0.558919
2.55341,0.553347
2.55892,0.547821
2.56437,0.542342
2.56976,0.536907
2.57511,0.531518
2.58039,0.526174
2.58563,0.520874
2.59081,0.515618
2.59594,0.510407
2.60102,0.505239
2.60605,0.500114
2.61102,0.495032
2.61595,0.489993
2.62082,0.484997
2.62565,0.480042
2.63042,0.475129
2.63515,0.470258
2.63983,0.465428
2.64446,0.460638
2.64904,0.455889
2.65358,0.451181
2.65806,0.446512
2.66251,0.441882
2.6669,0.437292
2.67125,0.432741
2.67556,0.428228
2.67982,0.423754
2.68403,0.419317
2.6882,0.414918
2.69233,0.410557
2.69642,0.406232
2.70046,0.401944
2.70445,0.397693
2.70841,0.393477
2.71232,0.389297
2.7162,0.385153
2.72003,0.381043
2.72382,0.376969
2.72757,0.372929
2.73128,0.368923
2.73495,0.364951
2.73857,0.361012
2.74217,0.357106
2.74572,0.353234
2.74923,0.349394
2.75271,0.345586
2.75614,0.341811
2.75954,0.338067
2.7629,0.334354
2.76623,0.330672
2.76952,0.327022
2.77277,0.323401
2.77599,0.319811
2.77917,0.316251
2.78231,0.31272
2.78542,0.309219
2.78849,0.305746
2.79153,0.302302
2.79454,0.298887
2.79751,0.2955
2.80045,0.29214
2.80336,0.288808
2.80623,0.285503
2.80907,0.282226
2.81187,0.278975
2.81465,0.27575
2.81739,0.272551
2.8201,0.269379
2.82277,0.266232
2.82542,0.26311
2.82804,0.260013
2.83062,0.256941
2.83318,0.253893
2.8357,0.25087
2.83819,0.24787
2.84066,0.244894
2.84309,0.241942
2.8455,0.239012
2.84787,0.236106
2.85022,0.233222
2.85254,0.23036
2.85483,0.227521
2.85709,0.224703
2.85932,0.221907
2.86152,0.219132
2.8637,0.216378
2.86585,0.213645
2.86798,0.210933
2.87007,0.208241
2.87214,0.205569
2.87418,0.202917
2.8762,0.200284
2.87819,0.197671
2.88015,0.195077
2.88209,0.192501
2.884,0.189945
2.88589,0.187406
2.88775,0.184886
2.88959,0.182383
2.8914,0.179899
2.89318,0.177432
2.89495,0.174981
2.89668,0.172548
2.8984,0.170132
2.90009,0.167732
2.90175,0.165349
2.90339,0.162981
2.90501,0.160629
2.90661,0.158293
2.90818,0.155973
2.90973,0.153667
2.91125,0.151377
2.91275,0.149101
2.91423,0.14684
2.91569,0.144593
2.91713,0.14236
2.91854,0.140141
2.91993,0.137936
2.9213,0.135744
2.92264,0.133565
2.92397,0.1314
2.92527,0.129247
2.92655,0.127107
2.92781,0.124979
2.92905,0.122863
2.93027,0.12076
2.93147,0.118668
2.93264,0.116588
2.9338,0.11452
2.93493,0.112462
2.93605,0.110416
2.93714,0.10838
2.93822,0.106355
2.93927,0.10434
2.9403,0.102336
2.94132,0.100342
2.94231,0.0983571
2.94328,0.0963822
2.94424,0.0944168
2.94517,0.0924606
2.94609,0.0905135
2.94698,0.0885753
2.94786,0.0866457
2.94872,0.0847247
2.94955,0.082812
2.95037,0.0809074
2.95117,0.0790107
2.95195,0.0771218
2.95271,0.0752405
2.95346,0.0733666
2.95418,0.0714998
2.95489,0.0696401
2.95557,0.0677873
2.95624,0.0659411
2.95689,0.0641014
2.95752,0.062268
2.95814,0.0604407
2.95873,0.0586194
2.95931,0.0568038
2.95987,0.0549938
2.96041,0.0531892
2.96093,0.0513898
2.96144,0.0495955
2.96193,0.0478061
2.96239,0.0460214
2.96285,0.0442412
2.96328,0.0424654
2.9637,0.0406937
2.96409,0.0389261
2.96447,0.0371623
2.96484,0.0354021
2.96518,0.0336455
2.96551,0.0318921
2.96582,0.0301419
2.96611,0.0283946
2.96639,0.0266502
2.96665,0.0249083
2.96689,0.0231689
2.96711,0.0214318
2.96731,0.0196969
2.9675,0.0179638
2.96767,0.0162325
2.96783,0.0145029
2.96796,0.0127746
2.96808,0.0110476
2.96818,0.00932171
2.96827,0.00759672
2.96834,0.00587249
2.96839,0.00414883
2.96842,0.00242558
2.96844,0.000702564
2.96843,-0.00102038
2.96841,-0.00274342
2.96838,-0.00446674
2.96833,-0.00619049
2.96825,-0.00791485
2.96817,-0.00963999
2.96806,-0.0113661
2.96794,-0.0130933
2.9678,-0.0148218
2.96764,-0.0165518
2.96747,-0.0182834
2.96728,-0.0200167
2.96707,-0.0217521
2.96684,-0.0234896
2.9666,-0.0252294
