0,2.001
0.0200097,2.0009
0.0400173,2.0006
0.060021,2.0001
0.0800187,1.9994
0.100008,1.9985
0.119988,1.9974
0.139956,1.99611
0.15991,1.99461
0.179847,1.99292
0.199767,1.99104
0.219667,1.98895
0.239546,1.98668
0.2594,1.98421
0.279229,1.98155
0.299031,1.9787
0.318803,1.97566
0.338543,1.97243
0.358251,1.96902
0.377923,1.96542
0.397558,1.96164
0.417155,1.95768
0.436711,1.95353
0.456225,1.94922
0.475695,1.94472
0.495119,1.94006
0.514496,1.93522
0.533823,1.93022
0.553099,1.92505
0.572323,1.91971
0.591493,1.91422
0.610607,1.90856
0.629664,1.90275
0.648662,1.89678
0.667599,1.89067
0.686475,1.8844
0.705287,1.87799
0.724034,1.87144
0.742715,1.86475
0.761328,1.85791
0.779873,1.85095
0.798347,1.84385
0.816749,1.83663
0.835079,1.82927
0.853334,1.8218
0.871515,1.81421
0.889618,1.80649
0.907644,1.79867
0.925591,1.79073
0.943458,1.78269
0.961245,1.77454
0.978949,1.76629
0.99657,1.75795
1.01411,1.7495
1.03156,1.74097
1.04893,1.73234
1.06621,1.72363
1.0834,1.71484
1.1005,1.70596
1.11752,1.69701
1.13444,1.68798
1.15128,1.67888
1.16802,1.66972
1.18467,1.66049
1.20123,1.65119
1.2177,1.64184
1.23407,1.63243
1.25034,1.62296
1.26653,1.61344
1.28261,1.60388
1.2986,1.59427
1.3145,1.58462
1.3303,1.57492
1.346,1.56519
1.3616,1.55543
1.3771,1.54563
1.39251,1.5358
1.40782,1.52595
1.42303,1.51607
1.43814,1.50617
1.45315,1.49625
1.46807,1.48631
1.48288,1.47635
1.49759,1.46638
1.51221,1.45641
1.52672,1.44642
1.54114,1.43643
1.55545,1.42643
1.56966,1.41643
1.58378,1.40643
1.59779,1.39643
1.61171,1.38644
1.62552,1.37645
1.63924,1.36647
1.65285,1.3565
1.66637,1.34654
1.67978,1.33659
1.6931,1.32666
1.70632,1.31674
1.71943,1.30684
1.73245,1.29696
1.74537,1.2871
1.75819,1.27726
1.77092,1.26745
1.78354,1.25766
1.79607,1.2479
1.8085,1.23817
1.82083,1.22847
1.83307,1.21879
1.84521,1.20915
1.85725,1.19954
1.8692,1.18996
1.88105,1.18042
1.89281,1.17092
1.90447,1.16145
1.91604,1.15202
1.92751,1.14263
1.93889,1.13328
1.95018,1.12397
1.96137,1.11471
1.97247,1.10548
1.98348,1.0963
1.9944,1.08716
2.00522,1.07807
2.01596,1.06902
2.02661,1.06001
2.03716,1.05106
2.04763,1.04215
2.058,1.03329
2.06829,1.02448
2.07849,1.01571
2.08861,1.007
2.09863,0.998336
2.10857,0.989722
2.11843,0.981159
2.1282,0.972647
2.13788,0.964187
2.14748,0.955778
2.157,0.947421
2.16643,0.939117
2.17578,0.930865
2.18505,0.922667
2.19423,0.914521
2.20334,0.906429
2.21236,0.898391
2.22131,0.890406
2.23017,0.882475
2.23896,0.874598
2.24766,0.866776
2.25629,0.859008
2.26484,0.851294
2.27332,0.843634
2.28172,0.836029
2.29004,0.828479
2.29829,0.820983
2.30646,0.813542
2.31456,0.806155
2.32258,0.798823
2.33053,0.791546
2.33841,0.784323
2.34622,0.777154
2.35396,0.77004
2.36162,0.76298
2.36922,0.755975
2.37674,0.749023
2.3842,0.742126
2.39158,0.735283
2.3989,0.728493
2.40615,0.721757
2.41334,0.715075
2.42045,0.708446
2.42751,0.70187
2.43449,0.695347
2.44141,0.688877
2.44827,0.68246
2.45506,0.676095
2.46179,0.669782
2.46846,0.663522
2.47506,0.657313
2.4816,0.651157
2.48809,0.645051
2.49451,0.638997
2.50087,0.632994
2.50717,0.627041
2.51341,0.621139
2.51959,0.615287
2.52571,0.609486
2.53178,0.603734
2.53779,0.598031
2.54374,0.592378
2.54964,0.586774
2.55548,0.581218
2.56126,0.575711
2.56699,0.570252
2.57267,0.564841
2.57829,0.559477
2.58385,0.554161
2.58937,0.548892
2.59483,0.543669
2.60024,0.538493
2.6056,0.533363
2.61091,0.528279
2.61617,0.52324
2.62138,0.518247
2.62653,0.513299
2.63164,0.508395
2.6367,0.503536
2.64171,0.498721
2.64668,0.49395
2.65159,0.489222
2.65646,0.484537
2.66128,0.479895
2.66606,0.475296
2.67079,0.470738
2.67547,0.466223
2.68011,0.46175
2.68471,0.457318
2.68926,0.452927
2.69377,0.448576
2.69823,0.444266
2.70265,0.439997
2.70703,0.435767
2.71137,0.431576
2.71566,0.427425
2.71992,0.423313
2.72413,0.419239
2.7283,0.415204
2.73243,0.411206
2.73653,0.407247
2.74058,0.403325
2.74459,0.399439
2.74857,0.395591
2.7525,0.39178
2.7564,0.388004
2.76026,0.384265
2.76409,0.380561
2.76788,0.376893
2.77163,0.373259
2.77534,0.369661
2.77902,0.366097
2.78266,0.362567
2.78627,0.359071
2.78985,0.355609
2.79338,0.35218
2.79689,0.348785
2.80036,0.345422
2.8038,0.342092
2.8072,0.338794
2.81057,0.335528
2.81391,0.332293
2.81722,0.32909
2.82049,0.325919
2.82374,0.322778
2.82695,0.319668
2.83013,0.316588
2.83328,0.313539
2.8364,0.310519
2.83949,0.307529
2.84255,0.304569
2.84558,0.301637
2.84859,0.298734
2.85156,0.29586
2.8545,0.293015
2.85742,0.290197
2.86031,0.287407
2.86317,0.284645
2.866,0.28191
2.86881,0.279203
2.87158,0.276522
2.87434,0.273868
2.87706,0.27124
2.87976,0.268638
2.88243,0.266063
2.88508,0.263513
2.8877,0.260989
2.8903,0.258489
2.89287,0.256015
2.89542,0.253566
2.89795,0.251141
2.90045,0.248741
2.90292,0.246365
2.90537,0.244013
2.9078,0.241684
2.91021,0.239379
2.91259,0.237098
2.91495,0.234839
2.91729,0.232603
2.9196,0.23039
2.92189,0.2282
2.92416,0.226032
2.92641,0.223885
2.92864,0.221761
2.93085,0.219658
2.93304,0.217577
2.9352,0.215517
2.93735,0.213479
2.93947,0.211461
2.94158,0.209463
2.94366,0.207487
2.94573,0.205531
2.94777,0.203594
2.9498,0.201678
2.9518,0.199782
2.95379,0.197905
2.95576,0.196048
2.95771,0.19421
2.95965,0.192391
2.96156,0.190591
2.96346,0.18881
2.96534,0.187047
2.9672,0.185303
2.96904,0.183577
2.97087,0.181869
2.97268,0.180179
2.97448,0.178506
2.97625,0.176852
2.97801,0.175215
2.97976,0.173595
2.98148,0.171992
2.9832,0.170406
2.98489,0.168837
2.98657,0.167285
2.98824,0.165749
2.98989,0.16423
2.99152,0.162726
2.99314,0.161239
2.99475,0.159768
2.99634,0.158313
2.99791,0.156873
2.99948,0.155449
3.00102,0.15404
3.00256,0.152647
3.00408,0.151269
3.00558,0.149905
3.00707,0.148557
3.00855,0.147223
3.01002,0.145904
3.01147,0.144599
3.01291,0.143309
3.01434,0.142032
3.01575,0.14077
3.01715,0.139522
3.01854,0.138288
3.01992,0.137067
3.02128,0.13586
3.02264,0.134667
3.02398,0.133487
3.02531,0.13232
3.02662,0.131166
3.02793,0.130025
3.02922,0.128898
3.03051,0.127783
3.03178,0.126681
3.03304,0.125591
3.03429,0.124514
3.03553,0.123449
3.03676,0.122396
3.03798,0.121356
3.03919,0.120328
3.04039,0.119311
3.04157,0.118307
3.04275,0.117314
3.04392,0.116333
3.04508,0.115364
3.04623,0.114406
3.04737,0.113459
3.0485,0.112524
3.04962,0.1116
3.05073,0.110687
3.05183,0.109785
3.05292,0.108894
3.05401,0.108014
3.05508,0.107145
3.05615,0.106286
3.05721,0.105438
3.05826,0.104601
3.0593,0.103773
3.06034,0.102957
3.06136,0.10215
3.06238,0.101354
3.06339,0.100567
3.06439,0.0997911
3.06538,0.0990248
3.06637,0.0982684
3.06735,0.0975218
3.06832,0.0967849
3.06929,0.0960576
3.07024,0.0953399
3.07119,0.0946318
3.07214,0.0939331
3.07307,0.0932437
3.074,0.0925637
3.07492,0.0918929
3.07584,0.0912312
3.07675,0.0905787
3.07765,0.0899352
3.07855,0.0893007
3.07944,0.0886751
3.08032,0.0880583
3.0812,0.0874503
3.08207,0.0868511
3.08293,0.0862605
3.08379,0.0856786
3.08465,0.0851052
3.0855,0.0845403
3.08634,0.0839838
3.08718,0.0834357
3.08801,0.082896
3.08883,0.0823645
3.08965,0.0818412
3.09047,0.0813262
3.09128,0.0808192
3.09209,0.0803203
3.09289,0.0798295
3.09368,0.0793466
3.09447,0.0788716
3.09526,0.0784045
3.09604,0.0779453
3.09682,0.0774938
3.09759,0.0770501
3.09836,0.0766141
3.09912,0.0761857
3.09988,0.075765
3.10064,0.0753518
3.10139,0.0749461
3.10214,0.074548
3.10288,0.0741572
3.10362,0.0737739
3.10436,0.073398
3.10509,0.0730294
3.10582,0.0726681
3.10654,0.0723141
3.10726,0.0719672
3.10798,0.0716276
3.1087,0.0712952
3.10941,0.0709698
3.11012,0.0706516
3.11082,0.0703404
3.11152,0.0700362
3.11222,0.0697391
3.11292,0.0694489
3.11361,0.0691657
3.1143,0.0688894
3.11499,0.0686199
3.11567,0.0683573
3.11636,0.0681016
3.11704,0.0678527
3.11771,0.0676105
3.11839,0.0673751
3.11906,0.0671465
3.11973,0.0669245
3.1204,0.0667093
3.12107,0.0665007
3.12173,0.0662987
3.12239,0.0661034
3.12305,0.0659147
3.12371,0.0657326
3.12437,0.0655571
3.12502,0.0653881
3.12567,0.0652257
3.12633,0.0650698
3.12698,0.0649204
3.12762,0.0647774
3.12827,0.064641
3.12892,0.064511
3.12956,0.0643875
3.1302,0.0642704
3.13085,0.0641597
3.13149,0.0640555
3.13213,0.0639576
3.13277,0.0638662
3.13341,0.0637811
3.13404,0.0637024
3.13468,0.0636301
3.13532,0.0635642
3.13595,0.0635046
3.13659,0.0634513
3.13722,0.0634044
3.13785,0.0633639
3.13849,0.0633297
3.13912,0.0633018
3.13975,0.0632802
3.14039,0.063265
3.14102,0.0632561
3.14165,0.0632535
3.14228,0.0632572
3.14292,0.0632673
3.14355,0.0632837
3.14418,0.0633064
3.14482,0.0633355
3.14545,0.0633709
3.14608,0.0634126
3.14672,0.0634607
3.14735,0.0635151
3.14799,0.0635759
3.14862,0.063643
3.14926,0.0637165
3.1499,0.0637964
3.15054,0.0638826
3.15118,0.0639752
3.15182,0.0640743
3.15246,0.0641797
3.1531,0.0642916
3.15374,0.0644098
3.15439,0.0645346
3.15503,0.0646657
3.15568,0.0648034
3.15633,0.0649475
3.15698,0.0650981
3.15763,0.0652552
3.15828,0.0654189
3.15894,0.0655891
3.1596,0.0657658
3.16026,0.0659491
3.16092,0.0661391
3.16158,0.0663356
3.16224,0.0665388
3.16291,0.0667486
3.16358,0.0669651
3.16425,0.0671882
3.16492,0.0674181
3.1656,0.0676548
3.16627,0.0678982
3.16695,0.0681484
3.16764,0.0684054
3.16832,0.0686692
3.16901,0.0689399
3.1697,0.0692175
3.1704,0.0695021
3.17109,0.0697935
3.17179,0.070092
3.17249,0.0703974
3.1732,0.0707099
3.17391,0.0710295
3.17462,0.0713561
3.17533,0.0716899
3.17605,0.0720308
3.17678,0.072379
3.1775,0.0727344
3.17823,0.073097
3.17896,0.073467
3.1797,0.0738443
3.18044,0.0742289
3.18118,0.074621
3.18193,0.0750206
3.18268,0.0754276
3.18344,0.0758422
3.1842,0.0762644
3.18497,0.0766942
3.18574,0.0771316
3.18651,0.0775768
3.18729,0.0780296
3.18807,0.0784903
3.18886,0.0789589
3.18965,0.0794353
3.19045,0.0799197
3.19125,0.080412
3.19205,0.0809124
3.19287,0.0814208
3.19368,0.0819374
3.1945,0.0824622
3.19533,0.0829952
3.19616,0.0835364
3.197,0.0840861
3.19785,0.0846441
3.1987,0.0852106
3.19955,0.0857856
3.20041,0.0863691
3.20128,0.0869613
3.20215,0.0875621
3.20303,0.0881717
3.20391,0.0887901
3.2048,0.0894174
3.2057,0.0900535
3.20661,0.0906987
3.20752,0.0913529
3.20843,0.0920162
3.20936,0.0926888
3.21029,0.0933705
3.21122,0.0940616
3.21217,0.094762
3.21312,0.095472
3.21408,0.0961914
3.21504,0.0969204
3.21602,0.0976591
3.217,0.0984075
3.21798,0.0991658
3.21898,0.0999339
3.21998,0.100712
3.22099,0.1015
3.22201,0.102298
3.22304,0.103107
3.22407,0.103926
3.22512,0.104755
3.22617,0.105594
3.22723,0.106444
3.2283,0.107305
3.22938,0.108176
3.23046,0.109058
3.23156,0.109951
3.23266,0.110855
3.23377,0.11177
3.2349,0.112696
3.23603,0.113634
3.23717,0.114582
3.23832,0.115542
3.23948,0.116514
3.24065,0.117497
3.24183,0.118492
3.24302,0.119499
3.24422,0.120517
3.24543,0.121548
3.24665,0.12259
3.24788,0.123645
3.24912,0.124712
3.25038,0.125791
3.25164,0.126883
3.25291,0.127988
3.2542,0.129105
3.2555,0.130235
3.25681,0.131379
3.25812,0.132535
3.25946,0.133704
3.2608,0.134887
3.26215,0.136083
3.26352,0.137292
3.2649,0.138515
3.26629,0.139752
3.26769,0.141003
3.26911,0.142267
3.27054,0.143546
3.27198,0.144839
3.27344,0.146147
3.2749,0.147469
3.27639,0.148805
3.27788,0.150156
3.27939,0.151522
3.28091,0.152904
3.28245,0.1543
3.284,0.155711
3.28556,0.157138
3.28714,0.158581
3.28873,0.160039
3.29034,0.161513
3.29196,0.163003
3.2936,0.164509
3.29525,0.166032
3.29692,0.167571
3.29861,0.169126
3.3003,0.170698
3.30202,0.172287
3.30375,0.173893
3.3055,0.175516
3.30726,0.177156
3.30904,0.178814
3.31084,0.18049
3.31265,0.182183
3.31448,0.183894
3.31633,0.185624
3.31819,0.187371
3.32008,0.189138
3.32198,0.190922
3.32389,0.192726
3.32583,0.194548
3.32779,0.19639
3.32976,0.198251
3.33175,0.200131
3.33376,0.202031
3.33579,0.203951
3.33784,0.205891
3.33991,0.207851
3.342,0.209831
3.34411,0.211832
3.34623,0.213854
3.34838,0.215897
3.35055,0.21796
3.35274,0.220046
3.35495,0.222152
3.35719,0.224281
3.35944,0.226431
3.36171,0.228603
3.36401,0.230798
3.36633,0.233015
3.36867,0.235255
3.37104,0.237518
3.37342,0.239804
3.37583,0.242113
3.37826,0.244446
3.38072,0.246803
3.3832,0.249183
3.3857,0.251588
3.38823,0.254017
3.39078,0.256471
3.39336,0.25895
3.39596,0.261454
3.39859,0.263983
3.40124,0.266537
3.40392,0.269118
3.40663,0.271724
3.40936,0.274357
3.41211,0.277016
3.4149,0.279701
3.41771,0.282414
3.42054,0.285154
3.42341,0.287921
3.4263,0.290716
3.42922,0.293539
3.43217,0.29639
3.43515,0.299269
3.43816,0.302177
3.4412,0.305114
3.44426,0.30808
3.44736,0.311076
3.45048,0.314101
3.45364,0.317156
3.45683,0.320241
3.46004,0.323357
3.46329,0.326503
3.46658,0.32968
3.46989,0.332889
3.47323,0.336129
3.47661,0.339401
3.48002,0.342705
3.48346,0.346041
3.48694,0.34941
3.49045,0.352812
3.494,0.356247
3.49758,0.359715
3.50119,0.363217
3.50484,0.366753
3.50853,0.370324
3.51225,0.373929
3.51601,0.377568
3.5198,0.381243
3.52363,0.384954
3.5275,0.3887
3.53141,0.392482
3.53535,0.3963
3.53933,0.400155
3.54335,0.404047
3.54741,0.407976
3.55151,0.411943
3.55565,0.415947
3.55983,0.419989
3.56405,0.42407
3.56831,0.42819
3.57262,0.432348
3.57696,0.436546
3.58135,0.440783
3.58578,0.44506
3.59025,0.449378
3.59476,0.453736
3.59932,0.458134
3.60393,0.462574
3.60857,0.467055
3.61327,0.471578
3.61801,0.476143
3.62279,0.48075
3.62762,0.4854
3.6325,0.490093
3.63742,0.494829
3.6424,0.499608
3.64742,0.504431
3.65248,0.509299
3.6576,0.514211
3.66277,0.519167
3.66799,0.524169
3.67325,0.529216
3.67857,0.534308
3.68394,0.539447
3.68936,0.544631
3.69483,0.549863
3.70036,0.555141
3.70593,0.560466
3.71157,0.565838
3.71725,0.571258
3.72299,0.576726
3.72879,0.582242
3.73464,0.587807
3.74054,0.59342
3.7465,0.599082
3.75252,0.604794
3.7586,0.610555
3.76474,0.616366
3.77093,0.622227
3.77718,0.628138
3.78349,0.6341
3.78986,0.640113
3.79629,0.646176
3.80279,0.652291
3.80934,0.658458
3.81596,0.664676
3.82263,0.670946
3.82937,0.677268
3.83618,0.683643
3.84305,0.69007
3.84998,0.696549
3.85698,0.703082
3.86404,0.709668
3.87117,0.716307
3.87837,0.722999
3.88563,0.729745
3.89296,0.736544
3.90036,0.743398
3.90783,0.750305
3.91537,0.757266
3.92298,0.764282
3.93066,0.771352
3.9384,0.778476
3.94623,0.785655
3.95412,0.792888
3.96208,0.800175
3.97012,0.807517
3.97823,0.814914
3.98642,0.822365
3.99468,0.829871
4.00302,0.837432
4.01143,0.845047
4.01992,0.852716
4.02848,0.86044
4.03713,0.868219
4.04585,0.876051
4.05465,0.883938
4.06353,0.891879
4.07249,0.899873
4.08153,0.907922
4.09065,0.916024
4.09985,0.924179
4.10913,0.932388
4.11849,0.940649
4.12794,0.948963
4.13747,0.957329
4.14709,0.965748
4.15679,0.974218
4.16657,0.982739
4.17644,0.991312
4.1864,0.999935
4.19644,1.00861
4.20657,1.01733
4.21679,1.0261
4.22709,1.03492
4.23749,1.04379
4.24797,1.05271
4.25854,1.06168
4.2692,1.07069
4.27996,1.07974
4.2908,1.08885
4.30173,1.09799
4.31276,1.10718
4.32388,1.11642
4.33509,1.12569
4.34639,1.13501
4.35779,1.14437
4.36928,1.15376
4.38086,1.1632
4.39254,1.17268
4.40432,1.18219
4.41619,1.19173
4.42815,1.20132
4.44021,1.21093
4.45237,1.22058
4.46462,1.23026
4.47698,1.23997
4.48942,1.24971
4.50197,1.25947
4.51461,1.26926
4.52736,1.27908
4.5402,1.28892
4.55313,1.29879
4.56617,1.30867
4.57931,1.31857
4.59254,1.32849
4.60588,1.33843
4.61931,1.34838
4.63284,1.35834
4.64648,1.36831
4.66021,1.3783
4.67404,1.38829
4.68798,1.39828
4.70201,1.40828
4.71614,1.41828
4.73038,1.42828
4.74471,1.43828
4.75914,1.44827
4.77367,1.45825
4.78831,1.46823
4.80304,1.47819
4.81787,1.48815
4.8328,1.49808
4.84783,1.508
4.86296,1.5179
4.87819,1.52777
4.89352,1.53762
4.90894,1.54745
4.92446,1.55724
4.94009,1.567
4.9558,1.57672
4.97162,1.58641
4.98753,1.59605
5.00354,1.60565
5.01965,1.61521
5.03585,1.62472
5.05214,1.63417
5.06853,1.64357
5.08501,1.65291
5.10159,1.6622
5.11825,1.67142
5.13501,1.68057
5.15187,1.68966
5.16881,1.69867
5.18584,1.70761
5.20296,1.71647
5.22017,1.72525
5.23746,1.73394
5.25485,1.74255
5.27231,1.75107
5.28987,1.7595
5.3075,1.76783
5.32522,1.77606
5.34303,1.78419
5.36091,1.79221
5.37887,1.80013
5.39691,1.80793
5.41503,1.81562
5.43322,1.82319
5.45149,1.83064
5.46983,1.83797
5.48825,1.84517
5.50674,1.85225
5.52529,1.85919
5.54392,1.86599
5.56261,1.87266
5.58137,1.87919
5.6002,1.88557
5.61908,1.89181
5.63803,1.8979
5.65704,1.90384
5.67611,1.90962
5.69523,1.91524
5.71441,1.92071
5.73365,1.92602
5.75293,1.93116
5.77227,1.93613
5.79165,1.94093
5.81109,1.94557
5.83057,1.95003
5.85009,1.95431
5.86965,1.95842
5.88926,1.96235
5.9089,1.9661
5.92858,1.96966
5.94829,1.97304
5.96804,1.97623
5.98781,1.97924
6.00762,1.98206
6.02746,1.98468
6.04731,1.98711
6.0672,1.98935
6.0871,1.9914
6.10702,1.99325
6.12696,1.99491
6.14692,1.99636
6.16689,1.99762
6.18687,1.99868
6.20686,1.99954
6.22686,2.00021
6.24687,2.00067
6.26688,2.00093
6.28689,2.001
6.3069,2.00086
6.3269,2.00052
6.34691,1.99999
6.3669,1.99925
6.38689,1.99831
6.40687,1.99718
6.42683,1.99585
6.44678,1.99432
6.46672,1.99259
6.48663,1.99067
6.50653,1.98855
6.5264,1.98624
6.54625,1.98373
6.56608,1.98104
6.58588,1.97815
6.60564,1.97508
6.62538,1.97181
6.64508,1.96836
6.66474,1.96473
6.68437,1.96092
6.70396,1.95692
6.72351,1.95275
6.74301,1.9484
6.76248,1.94387
6.78189,1.93918
6.80126,1.93431
6.82058,1.92927
6.83984,1.92407
6.85906,1.91871
6.87822,1.91318
6.89732,1.9075
6.91637,1.90166
6.93535,1.89566
6.95428,1.88952
6.97314,1.88323
6.99194,1.87679
7.01068,1.87021
7.02935,1.86349
7.04795,1.85664
7.06648,1.84965
7.08494,1.84252
7.10333,1.83528
7.12165,1.8279
7.13989,1.8204
7.15805,1.81279
7.17614,1.80506
7.19415,1.79721
7.21209,1.78926
7.22994,1.78119
7.24771,1.77303
7.2654,1.76476
7.28301,1.75639
7.30053,1.74793
7.31796,1.73938
7.33531,1.73074
7.35258,1.72201
7.36975,1.7132
7.38684,1.70431
7.40384,1.69534
7.42075,1.6863
7.43757,1.67719
7.45429,1.66801
7.47093,1.65877
7.48747,1.64947
7.50392,1.6401
7.52027,1.63068
7.53653,1.6212
7.55269,1.61168
7.56876,1.60211
7.58474,1.59249
7.60061,1.58283
7.61639,1.57313
7.63207,1.56339
7.64766,1.55362
7.66315,1.54382
7.67854,1.53398
7.69383,1.52412
7.70902,1.51424
7.72411,1.50433
7.7391,1.49441
7.754,1.48447
7.76879,1.47451
7.78349,1.46454
7.79808,1.45456
7.81258,1.44457
7.82698,1.43458
7.84127,1.42458
7.85547,1.41458
7.86956,1.40458
7.88356,1.39458
7.89746,1.38459
7.91125,1.3746
7.92495,1.36462
7.93854,1.35465
7.95204,1.3447
7.96544,1.33475
7.97874,1.32482
7.99193,1.31491
8.00503,1.30501
8.01803,1.29513
8.03094,1.28528
8.04374,1.27545
8.05645,1.26564
8.06905,1.25586
8.08156,1.2461
8.09397,1.23637
8.10629,1.22667
8.11851,1.21701
8.13063,1.20737
8.14266,1.19777
8.15459,1.1882
8.16642,1.17866
8.17816,1.16917
8.1898,1.15971
8.20135,1.15028
8.21281,1.1409
8.22417,1.13156
8.23544,1.12226
8.24662,1.113
8.2577,1.10378
8.26869,1.0946
8.27959,1.08547
8.2904,1.07639
8.30112,1.06735
8.31175,1.05835
8.32229,1.04941
8.33274,1.04051
8.3431,1.03166
8.35337,1.02285
8.36356,1.0141
8.37365,1.00539
8.38366,0.996739
8.39359,0.988135
8.40343,0.979581
8.41318,0.971079
8.42285,0.962628
8.43243,0.954228
8.44193,0.945881
8.45135,0.937587
8.46068,0.929345
8.46994,0.921156
8.47911,0.913021
8.4882,0.904938
8.49721,0.89691
8.50614,0.888935
8.51499,0.881014
8.52376,0.873148
8.53245,0.865335
8.54106,0.857577
8.5496,0.849873
8.55806,0.842224
8.56645,0.834629
8.57475,0.827088
8.58299,0.819603
8.59115,0.812172
8.59923,0.804795
8.60724,0.797473
8.61518,0.790206
8.62305,0.782993
8.63084,0.775834
8.63856,0.76873
8.64622,0.761681
8.6538,0.754685
8.66131,0.747744
8.66875,0.740856
8.67613,0.734023
8.68343,0.727243
8.69067,0.720517
8.69784,0.713845
8.70495,0.707225
8.71199,0.700659
8.71896,0.694146
8.72587,0.687686
8.73272,0.681279
8.7395,0.674923
8.74621,0.668621
8.75287,0.66237
8.75946,0.656171
8.76599,0.650024
8.77246,0.643928
8.77887,0.637883
8.78522,0.631889
8.79151,0.625946
8.79774,0.620053
8.80391,0.614211
8.81002,0.608418
8.81608,0.602675
8.82208,0.596982
8.82802,0.591338
8.8339,0.585743
8.83973,0.580196
8.84551,0.574698
8.85123,0.569248
8.85689,0.563845
8.86251,0.55849
8.86806,0.553183
8.87357,0.547922
8.87902,0.542708
8.88442,0.537541
8.88977,0.532419
8.89507,0.527344
8.90032,0.522314
8.90552,0.517329
8.91067,0.512389
8.91577,0.507493
8.92082,0.502642
8.92582,0.497835
8.93077,0.493072
8.93568,0.488352
8.94054,0.483675
8.94535,0.479041
8.95012,0.47445
8.95484,0.4699
8.95952,0.465393
8.96415,0.460927
8.96874,0.456503
8.97328,0.452119
8.97778,0.447776
8.98224,0.443474
8.98665,0.439211
8.99102,0.434989
8.99535,0.430805
8.99964,0.426661
9.00388,0.422556
9.00809,0.41849
9.01225,0.414461
9.01638,0.410471
9.02046,0.406518
9.02451,0.402603
9.02852,0.398725
9.03248,0.394884
9.03641,0.391079
9.04031,0.38731
9.04416,0.383577
9.04798,0.37988
9.05176,0.376218
9.0555,0.372591
9.05921,0.368999
9.06288,0.365441
9.06652,0.361918
9.07012,0.358428
9.07369,0.354972
9.07722,0.35155
9.08072,0.34816
9.08418,0.344803
9.08761,0.341479
9.09101,0.338187
9.09438,0.334927
9.09771,0.331699
9.10101,0.328502
9.10428,0.325336
9.10752,0.322201
9.11073,0.319096
9.1139,0.316022
9.11705,0.312978
9.12016,0.309964
9.12325,0.30698
9.1263,0.304024
9.12933,0.301098
9.13232,0.298201
9.13529,0.295332
9.13823,0.292491
9.14114,0.289679
9.14402,0.286894
9.14688,0.284137
9.14971,0.281407
9.15251,0.278705
9.15528,0.276029
9.15803,0.27338
9.16075,0.270757
9.16344,0.26816
9.16611,0.265589
9.16875,0.263044
9.17137,0.260524
9.17397,0.25803
9.17653,0.255561
9.17908,0.253116
9.1816,0.250696
9.18409,0.2483
9.18656,0.245928
9.18901,0.24358
9.19143,0.241256
9.19383,0.238956
9.19621,0.236678
9.19857,0.234424
9.2009,0.232192
9.20321,0.229984
9.2055,0.227797
9.20777,0.225633
9.21001,0.223491
9.21224,0.221371
9.21444,0.219272
9.21662,0.217195
9.21878,0.215139
9.22093,0.213104
9.22305,0.21109
9.22515,0.209096
9.22723,0.207123
9.22929,0.205171
9.23133,0.203238
9.23336,0.201326
9.23536,0.199433
9.23734,0.19756
9.23931,0.195706
9.24126,0.193872
9.24319,0.192057
9.2451,0.19026
9.24699,0.188482
9.24887,0.186723
9.25073,0.184982
9.25257,0.183259
9.25439,0.181555
9.2562,0.179868
9.25799,0.178199
9.25976,0.176548
9.26152,0.174914
9.26326,0.173297
9.26499,0.171697
9.2667,0.170115
9.26839,0.168549
9.27007,0.167
9.27173,0.165467
9.27338,0.16395
9.27501,0.16245
9.27663,0.160966
9.27823,0.159498
9.27982,0.158046
9.28139,0.156609
9.28295,0.155188
9.28449,0.153782
9.28602,0.152391
9.28754,0.151015
9.28904,0.149655
9.29053,0.148309
9.29201,0.146978
9.29347,0.145661
9.29492,0.144359
9.29636,0.143071
9.29779,0.141798
9.2992,0.140538
9.3006,0.139293
9.30198,0.138061
9.30336,0.136843
9.30472,0.135639
9.30607,0.134448
9.30741,0.13327
9.30874,0.132105
9.31005,0.130954
9.31135,0.129816
9.31265,0.128691
9.31393,0.127578
9.3152,0.126478
9.31646,0.125391
9.31771,0.124316
9.31894,0.123253
9.32017,0.122203
9.32139,0.121165
9.3226,0.120139
9.32379,0.119125
9.32498,0.118123
9.32615,0.117132
9.32732,0.116153
9.32848,0.115186
9.32962,0.11423
9.33076,0.113286
9.33189,0.112353
9.33301,0.111431
9.33412,0.11052
9.33522,0.10962
9.33631,0.108731
9.33739,0.107853
9.33847,0.106985
9.33953,0.106129
9.34059,0.105282
9.34164,0.104447
9.34268,0.103622
9.34371,0.102807
9.34474,0.102002
9.34575,0.101207
9.34676,0.100423
9.34776,0.0996486
9.34875,0.0988842
9.34974,0.0981296
9.35072,0.0973847
9.35169,0.0966496
9.35265,0.0959242
9.3536,0.0952083
9.35455,0.0945019
9.35549,0.0938049
9.35643,0.0931173
9.35736,0.0924389
9.35828,0.0917698
9.35919,0.0911099
9.3601,0.090459
9.361,0.0898172
9.3619,0.0891843
9.36278,0.0885603
9.36367,0.0879452
9.36454,0.0873389
9.36541,0.0867412
9.36628,0.0861522
9.36714,0.0855719
9.36799,0.085
9.36884,0.0844367
9.36968,0.0838818
9.37052,0.0833353
9.37135,0.082797
9.37217,0.0822671
9.37299,0.0817454
9.37381,0.0812318
9.37462,0.0807263
9.37542,0.0802289
9.37622,0.0797396
9.37702,0.0792581
9.37781,0.0787847
9.37859,0.078319
9.37937,0.0778612
9.38015,0.0774112
9.38092,0.0769689
9.38169,0.0765343
9.38245,0.0761073
9.38321,0.075688
9.38396,0.0752762
9.38472,0.0748719
9.38546,0.0744751
9.3862,0.0740858
9.38694,0.0737039
9.38768,0.0733293
9.38841,0.072962
9.38914,0.0726021
9.38986,0.0722494
9.39058,0.0719039
9.3913,0.0715656
9.39201,0.0712344
9.39273,0.0709104
9.39343,0.0705935
9.39414,0.0702836
9.39484,0.0699808
9.39554,0.0696849
9.39623,0.069396
9.39692,0.0691141
9.39761,0.068839
9.3983,0.0685708
9.39899,0.0683095
9.39967,0.068055
9.40035,0.0678074
9.40102,0.0675665
9.4017,0.0673323
9.40237,0.0671049
9.40304,0.0668842
9.40371,0.0666702
9.40437,0.0664628
9.40504,0.0662621
9.4057,0.066068
9.40636,0.0658806
9.40702,0.0656997
9.40767,0.0655254
9.40833,0.0653576
9.40898,0.0651964
9.40963,0.0650416
9.41028,0.0648934
9.41093,0.0647517
9.41158,0.0646165
9.41222,0.0644877
9.41287,0.0643653
9.41351,0.0642494
9.41415,0.06414
9.41479,0.0640369
9.41543,0.0639402
9.41607,0.06385
9.41671,0.0637661
9.41735,0.0636886
9.41798,0.0636174
9.41862,0.0635527
9.41925,0.0634942
9.41989,0.0634422
9.42052,0.0633965
9.42116,0.0633571
9.42179,0.063324
9.42242,0.0632973
9.42306,0.0632769
9.42369,0.0632629
9.42432,0.0632551
9.42495,0.0632537
9.42559,0.0632586
9.42622,0.0632699
9.42685,0.0632874
9.42748,0.0633113
9.42812,0.0633416
9.42875,0.0633781
9.42939,0.063421
9.43002,0.0634703
9.43065,0.0635259
9.43129,0.0635878
9.43193,0.0636561
9.43256,0.0637308
9.4332,0.0638118
9.43384,0.0638993
9.43448,0.0639931
9.43512,0.0640933
9.43576,0.0641999
9.4364,0.0643129
9.43705,0.0644324
9.43769,0.0645583
9.43834,0.0646907
9.43899,0.0648295
9.43964,0.0649749
9.44029,0.0651267
9.44094,0.065285
9.44159,0.0654499
9.44225,0.0656213
9.4429,0.0657992
9.44356,0.0659838
9.44422,0.0661749
9.44489,0.0663727
9.44555,0.0665771
9.44622,0.0667881
9.44689,0.0670058
9.44756,0.0672303
9.44823,0.0674614
9.44891,0.0676993
9.44959,0.0679439
9.45027,0.0681954
9.45095,0.0684537
9.45164,0.0687188
9.45232,0.0689908
9.45301,0.0692696
9.45371,0.0695554
9.45441,0.0698482
9.45511,0.0701479
9.45581,0.0704547
9.45652,0.0707685
9.45722,0.0710893
9.45794,0.0714173
9.45865,0.0717524
9.45937,0.0720947
9.46009,0.0724442
9.46082,0.0728009
9.46155,0.0731649
9.46228,0.0735362
9.46302,0.0739149
9.46376,0.0743009
9.46451,0.0746944
9.46526,0.0750953
9.46601,0.0755037
9.46677,0.0759197
9.46753,0.0763433
9.46829,0.0767745
9.46906,0.0772133
9.46984,0.0776599
9.47062,0.0781143
9.4714,0.0785764
9.47219,0.0790464
9.47298,0.0795243
9.47378,0.0800101
9.47458,0.0805039
9.47539,0.0810058
9.4762,0.0815157
9.47702,0.0820338
9.47784,0.0825601
9.47867,0.0830946
9.4795,0.0836375
9.48034,0.0841886
9.48119,0.0847482
9.48204,0.0853163
9.48289,0.0858928
9.48376,0.086478
9.48462,0.0870717
9.4855,0.0876742
9.48638,0.0882854
9.48726,0.0889054
9.48816,0.0895343
9.48905,0.0901722
9.48996,0.090819
9.49087,0.0914749
9.49179,0.0921399
9.49271,0.0928141
9.49364,0.0934976
9.49458,0.0941904
9.49553,0.0948926
9.49648,0.0956043
9.49744,0.0963255
9.49841,0.0970563
9.49938,0.0977968
9.50036,0.098547
9.50135,0.0993071
9.50235,0.100077
9.50335,0.100857
9.50437,0.101647
9.50539,0.102447
9.50642,0.103258
9.50745,0.104078
9.5085,0.104909
9.50955,0.105751
9.51061,0.106603
9.51168,0.107465
9.51276,0.108339
9.51385,0.109223
9.51495,0.110118
9.51605,0.111024
9.51717,0.111941
9.51829,0.112869
9.51942,0.113808
9.52057,0.114759
9.52172,0.115721
9.52288,0.116695
9.52405,0.11768
9.52524,0.118677
9.52643,0.119686
9.52763,0.120707
9.52884,0.121739
9.53006,0.122784
9.5313,0.123841
9.53254,0.124911
9.5338,0.125992
9.53506,0.127087
9.53634,0.128194
9.53762,0.129313
9.53892,0.130446
9.54023,0.131591
9.54156,0.13275
9.54289,0.133922
9.54423,0.135107
9.54559,0.136305
9.54696,0.137517
9.54834,0.138743
9.54973,0.139982
9.55114,0.141235
9.55256,0.142503
9.55399,0.143784
9.55544,0.14508
9.55689,0.14639
9.55836,0.147715
9.55985,0.149054
9.56134,0.150408
9.56286,0.151777
9.56438,0.153161
9.56592,0.15456
9.56747,0.155974
9.56904,0.157404
9.57062,0.158849
9.57221,0.160311
9.57383,0.161788
9.57545,0.163281
9.57709,0.16479
9.57875,0.166315
9.58042,0.167857
9.5821,0.169415
9.58381,0.170991
9.58552,0.172583
9.58726,0.174192
9.58901,0.175818
9.59077,0.177462
9.59256,0.179123
9.59436,0.180802
9.59617,0.182498
9.59801,0.184213
9.59986,0.185946
9.60173,0.187697
9.60361,0.189466
9.60551,0.191254
9.60744,0.193061
9.60938,0.194887
9.61133,0.196733
9.61331,0.198597
9.61531,0.200481
9.61732,0.202385
9.61935,0.204308
9.62141,0.206252
9.62348,0.208216
9.62557,0.2102
9.62768,0.212205
9.62982,0.21423
9.63197,0.216277
9.63414,0.218345
9.63633,0.220434
9.63855,0.222544
9.64079,0.224677
9.64304,0.226831
9.64532,0.229007
9.64762,0.231206
9.64995,0.233428
9.65229,0.235672
9.65466,0.237939
9.65705,0.240229
9.65946,0.242543
9.6619,0.24488
9.66436,0.247241
9.66685,0.249626
9.66936,0.252035
9.67189,0.254469
9.67444,0.256928
9.67703,0.259411
9.67963,0.261919
9.68226,0.264453
9.68492,0.267013
9.68761,0.269598
9.69031,0.272209
9.69305,0.274846
9.69581,0.27751
9.6986,0.280201
9.70142,0.282919
9.70426,0.285664
9.70713,0.288436
9.71003,0.291236
9.71295,0.294064
9.71591,0.29692
9.71889,0.299805
9.7219,0.302718
9.72495,0.30566
9.72802,0.308632
9.73112,0.311633
9.73425,0.314663
9.73741,0.317724
9.74061,0.320815
9.74383,0.323936
9.74708,0.327088
9.75037,0.330271
9.75369,0.333486
9.75704,0.336732
9.76042,0.34001
9.76384,0.34332
9.76729,0.346662
9.77077,0.350037
9.77429,0.353445
9.77784,0.356886
9.78143,0.36036
9.78505,0.363869
9.78871,0.367411
9.7924,0.370988
9.79613,0.374599
9.79989,0.378245
9.80369,0.381927
9.80753,0.385644
9.8114,0.389397
9.81532,0.393185
9.81927,0.39701
9.82326,0.400872
9.82729,0.404771
9.83135,0.408707
9.83546,0.41268
9.83961,0.416692
9.84379,0.420741
9.84802,0.424829
9.85229,0.428956
9.8566,0.433122
9.86095,0.437327
9.86535,0.441571
9.86979,0.445856
9.87427,0.450181
9.87879,0.454546
9.88336,0.458952
9.88797,0.4634
9.89262,0.467889
9.89733,0.472419
9.90207,0.476992
9.90687,0.481607
9.91171,0.486265
9.91659,0.490965
9.92152,0.495709
9.92651,0.500497
9.93153,0.505328
9.93661,0.510204
9.94174,0.515124
9.94692,0.520089
9.95214,0.525099
9.95742,0.530154
9.96274,0.535255
9.96812,0.540402
9.97355,0.545595
9.97903,0.550835
9.98457,0.556122
9.99016,0.561456
9.9958,0.566837
10.0015,0.572266
10.0072,0.577742
10.013,0.583267
10.0189,0.588841
10.0248,0.594463
10.0308,0.600135
10.0368,0.605856
10.0429,0.611626
10.0491,0.617446
10.0553,0.623316
10.0615,0.629237
10.0679,0.635208
10.0742,0.64123
10.0807,0.647304
10.0872,0.653428
10.0937,0.659604
10.1004,0.665832
10.1071,0.672111
10.1138,0.678443
10.1206,0.684827
10.1275,0.691264
10.1345,0.697753
10.1415,0.704296
10.1485,0.710891
10.1557,0.71754
10.1629,0.724242
10.1702,0.730998
10.1775,0.737808
10.1849,0.744671
10.1924,0.751588
10.2,0.75856
10.2076,0.765585
10.2153,0.772665
10.223,0.7798
10.2309,0.786988
10.2388,0.794231
10.2467,0.801529
10.2548,0.808881
10.2629,0.816288
10.2711,0.823749
10.2794,0.831265
10.2878,0.838836
10.2962,0.846461
10.3047,0.854141
10.3133,0.861875
10.3219,0.869663
10.3307,0.877506
10.3395,0.885402
10.3484,0.893353
10.3573,0.901358
10.3664,0.909416
10.3755,0.917528
10.3847,0.925693
10.394,0.933911
10.4034,0.942183
10.4129,0.950506
10.4224,0.958882
10.4321,0.96731
10.4418,0.97579
10.4516,0.984321
10.4615,0.992903
10.4714,1.00154
10.4815,1.01022
10.4916,1.01895
10.5019,1.02773
10.5122,1.03656
10.5226,1.04544
10.5331,1.05437
10.5437,1.06334
10.5544,1.07236
10.5651,1.08142
10.576,1.09053
10.587,1.09969
10.598,1.10889
10.6091,1.11813
10.6204,1.12741
10.6317,1.13674
10.6431,1.1461
10.6546,1.15551
10.6662,1.16495
10.6779,1.17443
10.6897,1.18395
10.7016,1.1935
10.7136,1.20309
10.7256,1.21271
10.7378,1.22237
10.7501,1.23205
10.7625,1.24177
10.7749,1.25151
10.7875,1.26128
10.8001,1.27108
10.8129,1.2809
10.8258,1.29074
10.8387,1.30061
10.8518,1.3105
10.8649,1.3204
10.8782,1.33033
10.8915,1.34027
10.905,1.35022
10.9185,1.36018
10.9322,1.37016
10.9459,1.38014
10.9598,1.39013
10.9737,1.40013
10.9878,1.41013
11.002,1.42013
11.0162,1.43013
11.0306,1.44012
11.045,1.45011
11.0596,1.4601
11.0742,1.47007
11.089,1.48004
11.1038,1.48999
11.1188,1.49992
11.1338,1.50983
11.149,1.51973
11.1642,1.5296
11.1795,1.53944
11.195,1.54926
11.2105,1.55904
11.2262,1.5688
11.2419,1.57851
11.2577,1.58819
11.2737,1.59783
11.2897,1.60742
11.3058,1.61697
11.322,1.62647
11.3383,1.63591
11.3548,1.6453
11.3713,1.65464
11.3878,1.66391
11.4045,1.67312
11.4213,1.68226
11.4382,1.69133
11.4551,1.70033
11.4722,1.70925
11.4893,1.7181
11.5065,1.72686
11.5239,1.73554
11.5413,1.74414
11.5587,1.75264
11.5763,1.76105
11.594,1.76936
11.6117,1.77757
11.6295,1.78568
11.6474,1.79368
11.6654,1.80158
11.6834,1.80936
11.7016,1.81703
11.7198,1.82458
11.7381,1.83201
11.7564,1.83931
11.7748,1.84649
11.7933,1.85354
11.8119,1.86046
11.8306,1.86724
11.8493,1.87388
11.868,1.88038
11.8869,1.88674
11.9058,1.89295
11.9247,1.89901
11.9437,1.90492
11.9628,1.91067
11.982,1.91627
12.0012,1.9217
12.0204,1.92698
12.0397,1.93209
12.059,1.93703
12.0784,1.9418
12.0979,1.94641
12.1174,1.95083
12.1369,1.95509
12.1565,1.95916
12.1761,1.96306
12.1957,1.96677
12.2154,1.9703
12.2351,1.97365
12.2549,1.9768
12.2747,1.97977
12.2945,1.98256
12.3143,1.98515
12.3342,1.98754
12.3541,1.98975
12.374,1.99176
12.3939,1.99357
12.4138,1.99519
12.4338,1.99661
12.4538,1.99783
12.4738,1.99886
12.4937,1.99968
12.5137,2.00031
12.5338,2.00073
12.5538,2.00096
12.5738,2.00099
12.5938,2.00081
12.6138,2.00044
12.6338,1.99986
12.6538,1.99909
12.6738,1.99812
12.6937,1.99695
12.7137,1.99558
12.7337,1.99401
12.7536,1.99225
12.7735,1.99029
12.7934,1.98814
12.8133,1.98579
12.8331,1.98325
12.8529,1.98052
12.8727,1.9776
12.8925,1.97449
12.9122,1.97119
12.9319,1.96771
12.9516,1.96404
12.9712,1.96019
12.9908,1.95616
13.0103,1.95196
13.0298,1.94758
13.0493,1.94302
13.0687,1.93829
13.088,1.93339
13.1073,1.92832
13.1266,1.92309
13.1458,1.9177
13.1649,1.91214
13.184,1.90643
13.2031,1.90056
13.222,1.89454
13.241,1.88837
13.2598,1.88205
13.2786,1.87559
13.2973,1.86898
13.316,1.86223
13.3346,1.85535
13.3531,1.84834
13.3715,1.84119
13.3899,1.83392
13.4082,1.82652
13.4264,1.819
13.4446,1.81137
13.4627,1.80361
13.4807,1.79575
13.4986,1.78777
13.5164,1.77969
13.5342,1.7715
13.5518,1.76322
13.5694,1.75483
13.5869,1.74636
13.6044,1.73779
13.6217,1.72913
13.6389,1.72039
13.6561,1.71156
13.6732,1.70266
13.6902,1.69368
13.7071,1.68462
13.7239,1.6755
13.7406,1.66631
13.7572,1.65705
13.7737,1.64774
13.7901,1.63836
13.8065,1.62893
13.8227,1.61945
13.8389,1.60991
13.8549,1.60033
13.8709,1.5907
13.8867,1.58104
13.9025,1.57133
13.9181,1.56159
13.9337,1.55181
13.9492,1.542
13.9646,1.53216
13.9798,1.5223
13.995,1.51241
14.0101,1.5025
14.0251,1.49257
14.0399,1.48263
14.0547,1.47267
14.0694,1.4627
14.084,1.45271
14.0984,1.44272
14.1128,1.43273
14.1271,1.42273
14.1413,1.41273
14.1553,1.40273
14.1693,1.39273
14.1832,1.38274
14.197,1.37276
14.2107,1.36278
14.2242,1.35281
14.2377,1.34286
14.2511,1.33291
14.2644,1.32299
14.2775,1.31307
14.2906,1.30318
14.3036,1.29331
14.3165,1.28346
14.3293,1.27363
14.342,1.26383
14.3546,1.25405
14.3671,1.2443
14.3794,1.23458
14.3917,1.22488
14.4039,1.21522
14.416,1.20559
14.4281,1.19599
14.44,1.18643
14.4518,1.1769
14.4635,1.16741
14.4751,1.15796
14.4867,1.14855
14.4981,1.13917
14.5094,1.12983
14.5207,1.12054
14.5319,1.11129
14.5429,1.10208
14.5539,1.09291
14.5648,1.08379
14.5756,1.07471
14.5863,1.06568
14.5969,1.0567
14.6074,1.04776
14.6178,1.03887
14.6282,1.03002
14.6384,1.02123
14.6486,1.01249
14.6587,1.00379
14.6687,0.995144
14.6786,0.986549
14.6884,0.978005
14.6982,0.969512
14.7078,0.96107
14.7174,0.952681
14.7269,0.944343
14.7363,0.936059
14.7456,0.927827
14.7548,0.919648
14.764,0.911522
14.7731,0.90345
14.782,0.895431
14.791,0.887466
14.7998,0.879555
14.8086,0.871699
14.8172,0.863896
14.8258,0.856148
14.8344,0.848454
14.8428,0.840815
14.8512,0.83323
14.8595,0.8257
14.8677,0.818224
14.8758,0.810803
14.8839,0.803437
14.8919,0.796125
14.8998,0.788868
14.9077,0.781665
14.9155,0.774517
14.9232,0.767423
14.9308,0.760383
14.9384,0.753397
14.9459,0.746466
14.9533,0.739589
14.9607,0.732765
14.968,0.725995
14.9752,0.719279
14.9823,0.712616
14.9894,0.706007
14.9965,0.699451
15.0034,0.692948
15.0103,0.686497
15.0172,0.680099
15.0239,0.673754
15.0306,0.667461
15.0373,0.661219
15.0439,0.65503
15.0504,0.648892
15.0568,0.642806
15.0632,0.63677
15.0696,0.630786
15.0759,0.624852
15.0821,0.618969
15.0882,0.613136
15.0943,0.607352
15.1004,0.601619
15.1064,0.595934
15.1123,0.590299
15.1182,0.584713
15.124,0.579175
15.1298,0.573686
15.1355,0.568245
15.1411,0.562851
15.1467,0.557505
15.1523,0.552206
15.1578,0.546954
15.1632,0.541749
15.1686,0.53659
15.1739,0.531477
15.1792,0.52641
15.1845,0.521388
15.1897,0.516412
15.1948,0.51148
15.1999,0.506593
15.2049,0.50175
15.2099,0.496951
15.2149,0.492196
15.2198,0.487484
15.2246,0.482815
15.2294,0.478189
15.2342,0.473605
15.2389,0.469064
15.2436,0.464564
15.2482,0.460106
15.2528,0.455689
15.2573,0.451313
15.2618,0.446977
15.2662,0.442682
15.2706,0.438427
15.275,0.434212
15.2793,0.430036
15.2836,0.425899
15.2879,0.421801
15.292,0.417742
15.2962,0.413721
15.3003,0.409737
15.3044,0.405792
15.3084,0.401883
15.3124,0.398012
15.3164,0.394177
15.3203,0.390379
15.3242,0.386617
15.3281,0.382891
15.3319,0.3792
15.3356,0.375545
15.3394,0.371924
15.3431,0.368339
15.3467,0.364787
15.3504,0.36127
15.354,0.357787
15.3575,0.354337
15.3611,0.35092
15.3645,0.347537
15.368,0.344186
15.3714,0.340868
15.3748,0.337582
15.3782,0.334328
15.3815,0.331105
15.3848,0.327914
15.3881,0.324754
15.3913,0.321624
15.3945,0.318525
15.3977,0.315457
15.4008,0.312419
15.4039,0.30941
15.407,0.306431
15.41,0.303481
15.4131,0.30056
15.4161,0.297668
15.419,0.294804
15.422,0.291969
15.4249,0.289162
15.4277,0.286382
15.4306,0.28363
15.4334,0.280906
15.4362,0.278208
15.439,0.275537
15.4417,0.272893
15.4444,0.270275
15.4471,0.267683
15.4498,0.265117
15.4524,0.262576
15.455,0.260061
15.4576,0.257571
15.4602,0.255107
15.4627,0.252666
15.4652,0.250251
15.4677,0.247859
15.4702,0.245492
15.4726,0.243149
15.4751,0.240829
15.4775,0.238533
15.4798,0.23626
15.4822,0.234009
15.4845,0.231782
15.4868,0.229577
15.4891,0.227395
15.4914,0.225235
15.4936,0.223097
15.4958,0.220981
15.498,0.218886
15.5002,0.216813
15.5024,0.214761
15.5045,0.21273
15.5066,0.210719
15.5087,0.20873
15.5108,0.206761
15.5129,0.204812
15.5149,0.202883
15.5169,0.200974
15.5189,0.199085
15.5209,0.197216
15.5229,0.195366
15.5248,0.193535
15.5267,0.191723
15.5286,0.18993
15.5305,0.188155
15.5324,0.1864
15.5343,0.184662
15.5361,0.182943
15.5379,0.181241
15.5397,0.179558
15.5415,0.177892
15.5433,0.176244
15.545,0.174613
15.5468,0.173
15.5485,0.171403
15.5502,0.169824
15.5519,0.168261
15.5536,0.166715
15.5552,0.165185
15.5569,0.163672
15.5585,0.162175
15.5601,0.160693
15.5617,0.159228
15.5633,0.157779
15.5649,0.156345
15.5664,0.154926
15.568,0.153523
15.5695,0.152135
15.571,0.150763
15.5725,0.149405
15.574,0.148062
15.5755,0.146733
15.5769,0.145419
15.5784,0.14412
15.5798,0.142835
15.5812,0.141564
15.5826,0.140307
15.584,0.139064
15.5854,0.137835
15.5868,0.136619
15.5882,0.135417
15.5895,0.134229
15.5908,0.133054
15.5922,0.131892
15.5935,0.130743
15.5948,0.129607
15.5961,0.128484
15.5973,0.127374
15.5986,0.126276
15.5999,0.125191
15.6011,0.124118
15.6024,0.123058
15.6036,0.12201
15.6048,0.120974
15.606,0.11995
15.6072,0.118939
15.6084,0.117938
15.6096,0.11695
15.6107,0.115973
15.6119,0.115008
15.613,0.114055
15.6142,0.113112
15.6153,0.112181
15.6164,0.111261
15.6175,0.110352
15.6186,0.109455
15.6197,0.108568
15.6208,0.107691
15.6219,0.106826
15.6229,0.105971
15.624,0.105127
15.625,0.104293
15.6261,0.10347
15.6271,0.102657
15.6281,0.101854
15.6291,0.101062
15.6301,0.100279
15.6311,0.0995065
15.6321,0.0987439
15.6331,0.0979911
15.6341,0.0972481
15.635,0.0965147
15.636,0.095791
15.637,0.0950769
15.6379,0.0943722
15.6389,0.093677
15.6398,0.0929911
15.6407,0.0923145
15.6416,0.0916471
15.6425,0.0909888
15.6435,0.0903396
15.6444,0.0896995
15.6452,0.0890682
15.6461,0.0884459
15.647,0.0878324
15.6479,0.0872277
15.6488,0.0866316
15.6496,0.0860443
15.6505,0.0854655
15.6513,0.0848952
15.6522,0.0843334
15.653,0.0837801
15.6539,0.0832351
15.6547,0.0826984
15.6555,0.08217
15.6563,0.0816498
15.6571,0.0811377
15.658,0.0806337
15.6588,0.0801378
15.6596,0.0796499
15.6603,0.07917
15.6611,0.0786979
15.6619,0.0782338
15.6627,0.0777774
15.6635,0.0773288
15.6642,0.0768879
15.665,0.0764548
15.6658,0.0760292
15.6665,0.0756113
15.6673,0.0752009
15.668,0.074798
15.6688,0.0744026
15.6695,0.0740146
15.6703,0.073634
15.671,0.0732608
15.6717,0.0728949
15.6725,0.0725363
15.6732,0.0721849
15.6739,0.0718408
15.6746,0.0715038
15.6753,0.071174
15.676,0.0708513
15.6767,0.0705357
15.6775,0.0702271
15.6782,0.0699255
15.6789,0.0696309
15.6795,0.0693433
15.6802,0.0690627
15.6809,0.0687889
15.6816,0.068522
15.6823,0.0682619
15.683,0.0680087
15.6837,0.0677623
15.6843,0.0675227
15.685,0.0672898
15.6857,0.0670636
15.6863,0.0668441
15.687,0.0666313
15.6877,0.0664252
15.6883,0.0662257
15.689,0.0660329
15.6897,0.0658466
15.6903,0.0656669
15.691,0.0654938
15.6916,0.0653273
15.6923,0.0651673
15.6929,0.0650137
15.6936,0.0648667
15.6942,0.0647262
15.6949,0.0645922
15.6955,0.0644646
15.6962,0.0643434
15.6968,0.0642287
15.6975,0.0641204
15.6981,0.0640185
15.6987,0.0639231
15.6994,0.063834
15.7,0.0637513
15.7006,0.0636749
15.7013,0.063605
15.7019,0.0635414
15.7026,0.0634841
15.7032,0.0634332
15.7038,0.0633887
15.7045,0.0633505
15.7051,0.0633186
15.7057,0.0632931
15.7064,0.0632738
15.707,0.0632609
15.7076,0.0632544
15.7083,0.0632541
15.7089,0.0632602
15.7095,0.0632726
15.7102,0.0632914
15.7108,0.0633165
15.7114,0.0633479
15.7121,0.0633856
15.7127,0.0634297
15.7133,0.0634801
15.714,0.0635369
15.7146,0.0636
15.7152,0.0636695
15.7159,0.0637453
15.7165,0.0638275
15.7171,0.0639161
15.7178,0.0640111
15.7184,0.0641125
15.7191,0.0642203
15.7197,0.0643346
15.7204,0.0644552
15.721,0.0645823
15.7216,0.0647159
15.7223,0.0648559
15.7229,0.0650024
15.7236,0.0651555
15.7242,0.065315
15.7249,0.0654811
15.7256,0.0656537
15.7262,0.0658329
15.7269,0.0660186
15.7275,0.066211
15.7282,0.06641
15.7289,0.0666156
15.7295,0.0668279
15.7302,0.0670468
15.7309,0.0672725
15.7315,0.0675049
15.7322,0.067744
15.7329,0.0679899
15.7336,0.0682426
15.7343,0.0685022
15.7349,0.0687686
15.7356,0.0690418
15.7363,0.069322
15.737,0.0696091
15.7377,0.0699031
15.7384,0.0702041
15.7391,0.0705122
15.7398,0.0708273
15.7405,0.0711494
15.7413,0.0714787
15.742,0.0718152
15.7427,0.0721588
15.7434,0.0725096
15.7441,0.0728677
15.7449,0.073233
15.7456,0.0736057
15.7463,0.0739857
15.7471,0.0743731
15.7478,0.074768
15.7486,0.0751703
15.7493,0.0755801
15.7501,0.0759975
15.7509,0.0764225
15.7516,0.0768551
15.7524,0.0772954
15.7532,0.0777434
15.7539,0.0781991
15.7547,0.0786627
15.7555,0.0791342
15.7563,0.0796135
15.7571,0.0801008
15.7579,0.0805961
15.7587,0.0810995
15.7595,0.0816109
15.7604,0.0821305
15.7612,0.0826583
15.762,0.0831944
15.7628,0.0837388
15.7637,0.0842915
15.7645,0.0848526
15.7654,0.0854223
15.7662,0.0860004
15.7671,0.0865871
15.768,0.0871825
15.7688,0.0877866
15.7697,0.0883994
15.7706,0.0890211
15.7715,0.0896516
15.7724,0.0902911
15.7733,0.0909396
15.7742,0.0915972
15.7751,0.0922639
15.7761,0.0929398
15.777,0.093625
15.7779,0.0943196
15.7789,0.0950235
15.7798,0.095737
15.7808,0.0964599
15.7818,0.0971925
15.7827,0.0979348
15.7837,0.0986869
15.7847,0.0994488
15.7857,0.100221
15.7867,0.101002
15.7877,0.101794
15.7888,0.102596
15.7898,0.103409
15.7908,0.104231
15.7919,0.105064
15.7929,0.105907
15.794,0.106761
15.7951,0.107626
15.7961,0.108501
15.7972,0.109387
15.7983,0.110284
15.7994,0.111192
15.8006,0.112112
15.8017,0.113042
15.8028,0.113983
15.804,0.114936
15.8051,0.1159
15.8063,0.116876
15.8075,0.117864
15.8086,0.118863
15.8098,0.119874
15.811,0.120897
15.8123,0.121932
15.8135,0.122979
15.8147,0.124038
15.816,0.12511
15.8172,0.126194
15.8185,0.127291
15.8198,0.1284
15.821,0.129522
15.8224,0.130657
15.8237,0.131805
15.825,0.132966
15.8263,0.13414
15.8277,0.135327
15.829,0.136528
15.8304,0.137743
15.8318,0.138971
15.8332,0.140213
15.8346,0.141469
15.836,0.142739
15.8374,0.144023
15.8389,0.145321
15.8403,0.146634
15.8418,0.147961
15.8433,0.149303
15.8448,0.15066
15.8463,0.152032
15.8478,0.153418
15.8494,0.15482
15.8509,0.156237
15.8525,0.15767
15.8541,0.159119
15.8557,0.160583
15.8573,0.162063
15.8589,0.163558
15.8606,0.165071
15.8622,0.166599
15.8639,0.168144
15.8656,0.169706
15.8673,0.171284
15.869,0.172879
15.8708,0.174491
15.8725,0.176121
15.8743,0.177768
15.8761,0.179432
15.8779,0.181114
15.8797,0.182814
15.8815,0.184532
15.8834,0.186268
15.8853,0.188023
15.8871,0.189796
15.8891,0.191587
15.891,0.193398
15.8929,0.195227
15.8949,0.197076
15.8969,0.198944
15.8989,0.200832
15.9009,0.202739
15.9029,0.204666
15.905,0.206613
15.907,0.208581
15.9091,0.210569
15.9113,0.212578
15.9134,0.214607
15.9156,0.216658
15.9177,0.218729
15.9199,0.220822
15.9221,0.222937
15.9244,0.225073
15.9266,0.227232
15.9289,0.229412
15.9312,0.231615
15.9336,0.233841
15.9359,0.236089
15.9383,0.238361
15.9407,0.240655
15.9431,0.242973
15.9455,0.245315
15.948,0.24768
15.9505,0.25007
15.953,0.252484
15.9555,0.254922
15.9581,0.257385
15.9607,0.259873
15.9633,0.262386
15.9659,0.264925
15.9686,0.267489
15.9713,0.270079
15.974,0.272695
15.9767,0.275337
15.9795,0.278006
15.9823,0.280702
15.9851,0.283424
15.988,0.286174
15.9908,0.288952
15.9938,0.291757
15.9967,0.29459
15.9996,0.297451
16.0026,0.300341
16.0057,0.30326
16.0087,0.306208
16.0118,0.309185
16.0149,0.312191
16.018,0.315227
16.0212,0.318293
16.0244,0.32139
16.0276,0.324517
16.0309,0.327675
16.0342,0.330864
16.0375,0.334084
16.0408,0.337336
16.0442,0.340619
16.0477,0.343935
16.0511,0.347284
16.0546,0.350665
16.0581,0.354079
16.0617,0.357526
16.0653,0.361007
16.0689,0.364521
16.0726,0.36807
16.0763,0.371653
16.08,0.375271
16.0838,0.378924
16.0876,0.382612
16.0914,0.386335
16.0953,0.390095
16.0992,0.39389
16.1032,0.397722
16.1072,0.40159
16.1112,0.405496
16.1153,0.409439
16.1194,0.413419
16.1236,0.417438
16.1278,0.421494
16.132,0.425589
16.1363,0.429723
16.1406,0.433896
16.1449,0.438109
16.1494,0.442361
16.1538,0.446653
16.1583,0.450985
16.1628,0.455358
16.1674,0.459772
16.172,0.464227
16.1767,0.468723
16.1814,0.473262
16.1861,0.477842
16.1909,0.482465
16.1958,0.487131
16.2007,0.491839
16.2056,0.496591
16.2106,0.501387
16.2157,0.506227
16.2207,0.511111
16.2259,0.516039
16.2311,0.521012
16.2363,0.52603
16.2416,0.531094
16.2469,0.536204
16.2523,0.541359
16.2577,0.546561
16.2632,0.551809
16.2688,0.557105
16.2744,0.562447
16.28,0.567837
16.2857,0.573275
16.2915,0.578761
16.2973,0.584295
16.3032,0.589877
16.3091,0.595509
16.3151,0.601189
16.3211,0.606919
16.3272,0.612699
16.3334,0.618528
16.3396,0.624408
16.3459,0.630338
16.3522,0.636318
16.3586,0.64235
16.3651,0.648432
16.3716,0.654566
16.3782,0.660752
16.3848,0.666989
16.3915,0.673278
16.3983,0.67962
16.4051,0.686014
16.412,0.69246
16.4189,0.698959
16.426,0.705512
16.433,0.712117
16.4402,0.718776
16.4474,0.725488
16.4547,0.732254
16.4621,0.739073
16.4695,0.745946
16.477,0.752874
16.4845,0.759855
16.4922,0.766891
16.4999,0.773981
16.5077,0.781125
16.5155,0.788324
16.5234,0.795577
16.5314,0.802885
16.5395,0.810247
16.5476,0.817664
16.5558,0.825135
16.5641,0.832661
16.5725,0.840242
16.5809,0.847877
16.5894,0.855567
16.598,0.863311
16.6067,0.871109
16.6155,0.878962
16.6243,0.886869
16.6332,0.89483
16.6422,0.902844
16.6513,0.910912
16.6604,0.919034
16.6696,0.927209
16.679,0.935437
16.6883,0.943718
16.6978,0.952051
16.7074,0.960437
16.717,0.968875
16.7268,0.977364
16.7366,0.985904
16.7465,0.994495
16.7565,1.00314
16.7665,1.01183
16.7767,1.02057
16.787,1.02936
16.7973,1.0382
16.8077,1.04709
16.8182,1.05602
16.8288,1.065
16.8395,1.07403
16.8503,1.08311
16.8612,1.09222
16.8722,1.10139
16.8832,1.11059
16.8944,1.11984
16.9056,1.12913
16.917,1.13847
16.9284,1.14784
16.9399,1.15725
16.9515,1.1667
16.9633,1.17619
16.9751,1.18571
16.987,1.19527
16.999,1.20487
17.0111,1.2145
17.0233,1.22416
17.0356,1.23385
17.0479,1.24357
17.0604,1.25331
17.073,1.26309
17.0857,1.27289
17.0985,1.28272
17.1113,1.29257
17.1243,1.30244
17.1374,1.31233
17.1506,1.32224
17.1638,1.33216
17.1772,1.34211
17.1907,1.35206
17.2042,1.36203
17.2179,1.37201
17.2317,1.38199
17.2456,1.39198
17.2595,1.40198
17.2736,1.41198
17.2878,1.42198
17.302,1.43198
17.3164,1.44197
17.3309,1.45196
17.3454,1.46194
17.3601,1.47192
17.3749,1.48188
17.3898,1.49182
17.4047,1.50175
17.4198,1.51166
17.435,1.52155
17.4502,1.53142
17.4656,1.54126
17.481,1.55107
17.4966,1.56085
17.5123,1.5706
17.528,1.58031
17.5439,1.58998
17.5598,1.59961
17.5759,1.60919
17.592,1.61873
17.6082,1.62822
17.6246,1.63765
17.641,1.64703
17.6575,1.65636
17.6741,1.66562
17.6908,1.67481
17.7076,1.68394
17.7245,1.693
17.7415,1.70199
17.7585,1.71089
17.7757,1.71973
17.7929,1.72847
17.8103,1.73714
17.8277,1.74571
17.8452,1.7542
17.8628,1.76259
17.8804,1.77088
17.8982,1.77908
17.916,1.78717
17.9339,1.79515
17.9519,1.80303
17.97,1.81079
17.9881,1.81843
18.0063,1.82596
18.0246,1.83337
18.043,1.84065
18.0615,1.84781
18.08,1.85483
18.0985,1.86172
18.1172,1.86848
18.1359,1.87509
18.1547,1.88157
18.1735,1.8879
18.1925,1.89408
18.2114,1.90011
18.2305,1.90599
18.2495,1.91172
18.2687,1.91728
18.2879,1.92269
18.3071,1.92794
18.3265,1.93301
18.3458,1.93793
18.3652,1.94267
18.3847,1.94724
18.4042,1.95163
18.4237,1.95585
18.4433,1.9599
18.4629,1.96376
18.4825,1.96744
18.5022,1.97093
18.522,1.97424
18.5417,1.97737
18.5615,1.9803
18.5813,1.98305
18.6012,1.9856
18.621,1.98797
18.6409,1.99013
18.6608,1.99211
18.6808,1.99389
18.7007,1.99547
18.7207,1.99685
18.7407,1.99804
18.7606,1.99902
18.7806,1.99981
18.8006,2.0004
18.8206,2.00079
18.8406,2.00098
18.8607,2.00097
18.8807,2.00076
18.9007,2.00035
18.9207,1.99974
18.9407,1.99893
18.9607,1.99792
18.9806,1.99671
19.0006,1.9953
19.0205,1.9937
19.0405,1.9919
19.0604,1.98991
19.0803,1.98772
19.1001,1.98533
19.12,1.98276
19.1398,1.97999
19.1596,1.97703
19.1793,1.97389
19.199,1.97056
19.2187,1.96704
19.2384,1.96334
19.258,1.95946
19.2776,1.9554
19.2971,1.95116
19.3166,1.94675
19.336,1.94216
19.3554,1.9374
19.3748,1.93247
19.3941,1.92737
19.4133,1.92211
19.4325,1.91668
19.4517,1.9111
19.4707,1.90536
19.4898,1.89946
19.5087,1.89341
19.5276,1.88721
19.5465,1.88086
19.5653,1.87437
19.584,1.86774
19.6026,1.86097
19.6212,1.85407
19.6397,1.84703
19.6581,1.83986
19.6765,1.83256
19.6948,1.82514
19.713,1.8176
19.7311,1.80994
19.7492,1.80217
19.7672,1.79428
19.7851,1.78629
19.8029,1.77818
19.8206,1.76998
19.8383,1.76168
19.8559,1.75327
19.8734,1.74478
19.8908,1.73619
19.9081,1.72752
19.9253,1.71876
19.9425,1.70992
19.9595,1.701
19.9765,1.69201
19.9934,1.68294
20.0101,1.67381
20.0268,1.6646
20.0434,1.65534
20.0599,1.64601
20.0763,1.63662
20.0927,1.62718
20.1089,1.61769
20.125,1.60814
20.1411,1.59855
20.157,1.58892
20.1728,1.57924
20.1886,1.56953
20.2042,1.55978
20.2198,1.55
20.2352,1.54018
20.2506,1.53034
20.2658,1.52047
20.281,1.51058
20.296,1.50067
20.311,1.49073
20.3259,1.48079
20.3406,1.47082
20.3553,1.46085
20.3698,1.45087
20.3843,1.44088
20.3986,1.43088
20.4129,1.42088
20.4271,1.41088
20.4411,1.40088
20.4551,1.39089
20.4689,1.3809
20.4827,1.37091
20.4964,1.36093
20.5099,1.35097
20.5234,1.34102
20.5367,1.33108
20.55,1.32115
20.5632,1.31124
20.5762,1.30136
20.5892,1.29149
20.6021,1.28164
20.6148,1.27182
20.6275,1.26202
20.6401,1.25224
20.6525,1.2425
20.6649,1.23278
20.6772,1.22309
20.6894,1.21344
20.7015,1.20381
20.7135,1.19422
20.7253,1.18467
20.7371,1.17515
20.7488,1.16566
20.7605,1.15622
20.772,1.14681
20.7834,1.13744
20.7947,1.12811
20.806,1.11883
20.8171,1.10958
20.8281,1.10038
20.8391,1.09122
20.85,1.08211
20.8607,1.07304
20.8714,1.06402
20.882,1.05504
20.8925,1.04611
20.903,1.03723
20.9133,1.02839
20.9235,1.01961
20.9337,1.01087
20.9437,1.00219
20.9537,0.993551
20.9636,0.984965
20.9734,0.97643
20.9831,0.967947
20.9928,0.959515
21.0023,0.951135
21.0118,0.942807
21.0212,0.934532
21.0305,0.92631
21.0397,0.918141
21.0489,0.910025
21.0579,0.901963
21.0669,0.893954
21.0758,0.885999
21.0846,0.878098
21.0934,0.870251
21.102,0.862459
21.1106,0.854721
21.1191,0.847037
21.1275,0.839408
21.1359,0.831833
21.1442,0.824313
21.1524,0.816848
21.1605,0.809437
21.1686,0.80208
21.1766,0.794779
21.1845,0.787531
21.1923,0.780339
21.2001,0.7732
21.2078,0.766116
21.2154,0.759087
21.223,0.752111
21.2304,0.74519
21.2379,0.738323
21.2452,0.731509
21.2525,0.724749
21.2597,0.718043
21.2669,0.71139
21.2739,0.704791
21.2809,0.698244
21.2879,0.691751
21.2948,0.68531
21.3016,0.678922
21.3084,0.672586
21.3151,0.666302
21.3217,0.660071
21.3283,0.653891
21.3348,0.647763
21.3412,0.641686
21.3476,0.63566
21.3539,0.629685
21.3602,0.62376
21.3664,0.617886
21.3725,0.612062
21.3786,0.606288
21.3847,0.600564
21.3907,0.594889
21.3966,0.589263
21.4024,0.583685
21.4082,0.578157
21.414,0.572676
21.4197,0.567244
21.4253,0.561859
21.4309,0.556522
21.4365,0.551232
21.442,0.545988
21.4474,0.540792
21.4528,0.535641
21.4581,0.530537
21.4634,0.525478
21.4686,0.520464
21.4738,0.515496
21.4789,0.510573
21.484,0.505694
21.489,0.500859
21.494,0.496068
21.499,0.491321
21.5039,0.486617
21.5087,0.481956
21.5135,0.477338
21.5182,0.472762
21.5229,0.468228
21.5276,0.463736
21.5322,0.459286
21.5368,0.454876
21.5413,0.450508
21.5458,0.44618
21.5502,0.441892
21.5546,0.437645
21.559,0.433437
21.5633,0.429268
21.5676,0.425138
21.5718,0.421048
21.576,0.416995
21.5802,0.412981
21.5843,0.409005
21.5883,0.405066
21.5924,0.401164
21.5964,0.3973
21.6003,0.393472
21.6042,0.38968
21.6081,0.385925
21.6119,0.382205
21.6158,0.378521
21.6195,0.374872
21.6232,0.371258
21.6269,0.367679
21.6306,0.364134
21.6342,0.360623
21.6378,0.357146
21.6414,0.353703
21.6449,0.350292
21.6484,0.346915
21.6518,0.34357
21.6552,0.340258
21.6586,0.336977
21.662,0.333729
21.6653,0.330512
21.6686,0.327327
21.6719,0.324172
21.6751,0.321049
21.6783,0.317956
21.6814,0.314893
21.6846,0.31186
21.6877,0.308857
21.6908,0.305883
21.6938,0.302939
21.6968,0.300023
21.6998,0.297136
21.7028,0.294278
21.7057,0.291448
21.7086,0.288646
21.7115,0.285871
21.7143,0.283124
21.7171,0.280405
21.7199,0.277712
21.7227,0.275046
21.7254,0.272406
21.7281,0.269793
21.7308,0.267206
21.7335,0.264645
21.7361,0.262109
21.7387,0.259599
21.7413,0.257114
21.7438,0.254653
21.7464,0.252218
21.7489,0.249807
21.7514,0.24742
21.7538,0.245057
21.7563,0.242718
21.7587,0.240403
21.7611,0.238111
21.7635,0.235842
21.7658,0.233596
21.7681,0.231373
21.7704,0.229172
21.7727,0.226994
21.775,0.224838
21.7772,0.222704
21.7794,0.220592
21.7816,0.218501
21.7838,0.216432
21.7859,0.214384
21.7881,0.212356
21.7902,0.21035
21.7923,0.208364
21.7944,0.206399
21.7964,0.204454
21.7985,0.202529
21.8005,0.200624
21.8025,0.198738
21.8044,0.196872
21.8064,0.195026
21.8083,0.193198
21.8103,0.19139
21.8122,0.1896
21.8141,0.187829
21.8159,0.186077
21.8178,0.184343
21.8196,0.182627
21.8214,0.180929
21.8232,0.179249
21.825,0.177586
21.8268,0.175941
21.8285,0.174314
21.8303,0.172703
21.832,0.17111
21.8337,0.169533
21.8354,0.167974
21.8371,0.166431
21.8387,0.164904
21.8404,0.163394
21.842,0.161899
21.8436,0.160421
21.8452,0.158959
21.8468,0.157512
21.8483,0.156081
21.8499,0.154666
21.8514,0.153265
21.853,0.15188
21.8545,0.15051
21.856,0.149155
21.8575,0.147815
21.8589,0.146489
21.8604,0.145178
21.8618,0.143881
21.8633,0.142599
21.8647,0.14133
21.8661,0.140076
21.8675,0.138836
21.8689,0.137609
21.8702,0.136396
21.8716,0.135196
21.8729,0.13401
21.8743,0.132838
21.8756,0.131678
21.8769,0.130532
21.8782,0.129398
21.8795,0.128278
21.8808,0.12717
21.882,0.126074
21.8833,0.124992
21.8845,0.123921
21.8858,0.122863
21.887,0.121818
21.8882,0.120784
21.8894,0.119762
21.8906,0.118753
21.8918,0.117755
21.893,0.116769
21.8941,0.115794
21.8953,0.114831
21.8964,0.113879
21.8976,0.112939
21.8987,0.11201
21.8998,0.111092
21.9009,0.110186
21.902,0.10929
21.9031,0.108405
21.9042,0.107531
21.9052,0.106667
21.9063,0.105814
21.9074,0.104972
21.9084,0.10414
21.9094,0.103319
21.9105,0.102508
21.9115,0.101707
21.9125,0.100916
21.9135,0.100135
21.9145,0.0993647
21.9155,0.0986039
21.9165,0.0978529
21.9174,0.0971117
21.9184,0.0963802
21.9194,0.0956582
21.9203,0.0949459
21.9213,0.094243
21.9222,0.0935494
21.9231,0.0928653
21.9241,0.0921904
21.925,0.0915246
21.9259,0.0908681
21.9268,0.0902205
21.9277,0.089582
21.9286,0.0889525
21.9295,0.0883318
21.9304,0.0877199
21.9312,0.0871168
21.9321,0.0865224
21.933,0.0859366
21.9338,0.0853594
21.9347,0.0847907
21.9355,0.0842305
21.9364,0.0836787
21.9372,0.0831352
21.938,0.0826001
21.9388,0.0820732
21.9397,0.0815544
21.9405,0.0810439
21.9413,0.0805414
21.9421,0.080047
21.9429,0.0795606
21.9437,0.0790821
21.9445,0.0786115
21.9453,0.0781488
21.946,0.0776939
21.9468,0.0772467
21.9476,0.0768073
21.9483,0.0763755
21.9491,0.0759513
21.9499,0.0755348
21.9506,0.0751258
21.9514,0.0747243
21.9521,0.0743303
21.9528,0.0739437
21.9536,0.0735644
21.9543,0.0731926
21.9551,0.072828
21.9558,0.0724708
21.9565,0.0721207
21.9572,0.0717779
21.9579,0.0714423
21.9586,0.0711138
21.9594,0.0707924
21.9601,0.0704781
21.9608,0.0701708
21.9615,0.0698705
21.9622,0.0695772
21.9629,0.0692909
21.9636,0.0690115
21.9642,0.068739
21.9649,0.0684734
21.9656,0.0682146
21.9663,0.0679626
21.967,0.0677175
21.9676,0.0674791
21.9683,0.0672474
21.969,0.0670225
21.9697,0.0668043
21.9703,0.0665927
21.971,0.0663878
21.9717,0.0661896
21.9723,0.0659979
21.973,0.0658129
21.9736,0.0656344
21.9743,0.0654625
21.9749,0.0652972
21.9756,0.0651384
21.9762,0.0649861
21.9769,0.0648403
21.9775,0.0647009
21.9782,0.0645681
21.9788,0.0644417
21.9795,0.0643217
21.9801,0.0642082
21.9808,0.0641011
21.9814,0.0640004
21.982,0.0639061
21.9827,0.0638182
21.9833,0.0637367
21.984,0.0636615
21.9846,0.0635927
21.9852,0.0635303
21.9859,0.0634742
21.9865,0.0634245
21.9871,0.0633811
21.9878,0.0633441
21.9884,0.0633134
21.989,0.063289
21.9897,0.063271
21.9903,0.0632593
21.9909,0.0632539
21.9916,0.0632548
21.9922,0.0632621
21.9928,0.0632756
21.9935,0.0632955
21.9941,0.0633218
21.9947,0.0633544
21.9954,0.0633933
21.996,0.0634385
21.9966,0.0634901
21.9973,0.063548
21.9979,0.0636123
21.9985,0.063683
21.9992,0.06376
21.9998,0.0638434
22.0004,0.0639332
22.0011,0.0640294
22.0017,0.064132
22.0024,0.064241
22.003,0.0643564
22.0037,0.0644782
22.0043,0.0646065
22.0049,0.0647413
22.0056,0.0648825
22.0062,0.0650303
22.0069,0.0651845
22.0075,0.0653452
22.0082,0.0655125
22.0089,0.0656863
22.0095,0.0658667
22.0102,0.0660537
22.0108,0.0662473
22.0115,0.0664475
22.0122,0.0666543
22.0128,0.0668679
22.0135,0.0670881
22.0142,0.067315
22.0149,0.0675486
22.0155,0.067789
22.0162,0.0680362
22.0169,0.0682901
22.0176,0.0685509
22.0183,0.0688186
22.0189,0.0690931
22.0196,0.0693745
22.0203,0.0696629
22.021,0.0699582
22.0217,0.0702606
22.0224,0.0705699
22.0231,0.0708863
22.0239,0.0712098
22.0246,0.0715404
22.0253,0.0718782
22.026,0.0722231
22.0267,0.0725753
22.0275,0.0729347
22.0282,0.0733014
22.0289,0.0736754
22.0297,0.0740568
22.0304,0.0744456
22.0312,0.0748418
22.0319,0.0752455
22.0327,0.0756567
22.0334,0.0760755
22.0342,0.0765019
22.0349,0.0769359
22.0357,0.0773776
22.0365,0.0778271
22.0373,0.0782843
22.0381,0.0787493
22.0389,0.0792222
22.0396,0.079703
22.0404,0.0801918
22.0413,0.0806886
22.0421,0.0811935
22.0429,0.0817064
22.0437,0.0822275
22.0445,0.0827569
22.0453,0.0832945
22.0462,0.0838404
22.047,0.0843946
22.0479,0.0849573
22.0487,0.0855285
22.0496,0.0861083
22.0504,0.0866966
22.0513,0.0872936
22.0522,0.0878993
22.0531,0.0885137
22.054,0.089137
22.0549,0.0897692
22.0558,0.0904104
22.0567,0.0910606
22.0576,0.0917198
22.0585,0.0923882
22.0594,0.0930659
22.0604,0.0937528
22.0613,0.0944491
22.0623,0.0951548
22.0632,0.0958699
22.0642,0.0965947
22.0651,0.0973291
22.0661,0.0980732
22.0671,0.098827
22.0681,0.0995907
22.0691,0.100364
22.0701,0.101148
22.0711,0.101942
22.0721,0.102746
22.0732,0.10356
22.0742,0.104384
22.0753,0.105219
22.0763,0.106065
22.0774,0.10692
22.0785,0.107787
22.0795,0.108664
22.0806,0.109552
22.0817,0.110452
22.0828,0.111362
22.084,0.112283
22.0851,0.113215
22.0862,0.114159
22.0874,0.115114
22.0885,0.11608
22.0897,0.117058
22.0909,0.118048
22.092,0.119049
22.0932,0.120062
22.0944,0.121087
22.0957,0.122124
22.0969,0.123174
22.0981,0.124235
22.0994,0.125309
22.1006,0.126396
22.1019,0.127495
22.1032,0.128606
22.1045,0.129731
22.1058,0.130868
22.1071,0.132018
22.1084,0.133182
22.1098,0.134358
22.1111,0.135548
22.1125,0.136752
22.1138,0.137969
22.1152,0.1392
22.1166,0.140444
22.118,0.141703
22.1195,0.142975
22.1209,0.144262
22.1223,0.145563
22.1238,0.146878
22.1253,0.148208
22.1268,0.149553
22.1283,0.150912
22.1298,0.152287
22.1313,0.153676
22.1329,0.155081
22.1344,0.156501
22.136,0.157937
22.1376,0.159388
22.1392,0.160855
22.1408,0.162338
22.1424,0.163837
22.1441,0.165352
22.1457,0.166884
22.1474,0.168432
22.1491,0.169996
22.1508,0.171578
22.1525,0.173176
22.1543,0.174791
22.156,0.176424
22.1578,0.178074
22.1596,0.179742
22.1614,0.181427
22.1632,0.18313
22.1651,0.184852
22.1669,0.186591
22.1688,0.188349
22.1707,0.190126
22.1726,0.191921
22.1745,0.193735
22.1765,0.195568
22.1784,0.19742
22.1804,0.199292
22.1824,0.201183
22.1844,0.203094
22.1865,0.205025
22.1885,0.206976
22.1906,0.208947
22.1927,0.210939
22.1948,0.212951
22.197,0.214985
22.1991,0.217039
22.2013,0.219115
22.2035,0.221212
22.2057,0.22333
22.208,0.225471
22.2103,0.227633
22.2125,0.229818
22.2149,0.232025
22.2172,0.234255
22.2195,0.236508
22.2219,0.238783
22.2243,0.241082
22.2267,0.243405
22.2292,0.245751
22.2316,0.24812
22.2341,0.250514
22.2367,0.252933
22.2392,0.255376
22.2418,0.257843
22.2444,0.260336
22.247,0.262854
22.2496,0.265397
22.2523,0.267966
22.255,0.27056
22.2577,0.273181
22.2604,0.275829
22.2632,0.278502
22.266,0.281203
22.2688,0.283931
22.2717,0.286686
22.2746,0.289468
22.2775,0.292279
22.2804,0.295117
22.2834,0.297984
22.2864,0.300879
22.2894,0.303803
22.2924,0.306756
22.2955,0.309738
22.2986,0.31275
22.3018,0.315792
22.305,0.318864
22.3082,0.321966
22.3114,0.325099
22.3147,0.328262
22.318,0.331457
22.3213,0.334683
22.3247,0.337941
22.3281,0.34123
22.3315,0.344552
22.3349,0.347906
22.3384,0.351294
22.342,0.354714
22.3455,0.358167
22.3491,0.361654
22.3528,0.365175
22.3564,0.36873
22.3601,0.37232
22.3639,0.375944
22.3677,0.379603
22.3715,0.383298
22.3753,0.387028
22.3792,0.390794
22.3831,0.394596
22.3871,0.398435
22.3911,0.40231
22.3952,0.406222
22.3992,0.410172
22.4034,0.41416
22.4075,0.418185
22.4117,0.422249
22.416,0.426351
22.4203,0.430492
22.4246,0.434672
22.4289,0.438892
22.4334,0.443151
22.4378,0.447451
22.4423,0.451791
22.4468,0.456171
22.4514,0.460593
22.4561,0.465055
22.4607,0.46956
22.4654,0.474106
22.4702,0.478694
22.475,0.483325
22.4799,0.487998
22.4848,0.492715
22.4897,0.497475
22.4947,0.502279
22.4998,0.507127
22.5049,0.512019
22.51,0.516955
22.5152,0.521937
22.5205,0.526963
22.5258,0.532036
22.5311,0.537154
22.5365,0.542318
22.5419,0.547528
22.5474,0.552785
22.553,0.558089
22.5586,0.56344
22.5643,0.568839
22.57,0.574286
22.5758,0.57978
22.5816,0.585323
22.5875,0.590915
22.5934,0.596555
22.5994,0.602245
22.6054,0.607984
22.6116,0.613773
22.6177,0.619612
22.6239,0.625501
22.6302,0.63144
22.6366,0.63743
22.643,0.643471
22.6494,0.649563
22.656,0.655706
22.6626,0.661901
22.6692,0.668148
22.6759,0.674447
22.6827,0.680798
22.6895,0.687202
22.6964,0.693658
22.7034,0.700167
22.7104,0.706729
22.7175,0.713345
22.7247,0.720013
22.7319,0.726735
22.7392,0.733511
22.7466,0.74034
22.7541,0.747223
22.7616,0.754161
22.7691,0.761152
22.7768,0.768198
22.7845,0.775298
22.7923,0.782452
22.8002,0.789661
22.8081,0.796924
22.8161,0.804242
22.8242,0.811614
22.8323,0.819041
22.8406,0.826523
22.8489,0.834059
22.8572,0.84165
22.8657,0.849295
22.8742,0.856995
22.8828,0.864749
22.8915,0.872558
22.9003,0.88042
22.9091,0.888337
22.918,0.896308
22.927,0.904332
22.9361,0.91241
22.9453,0.920542
22.9545,0.928727
22.9639,0.936965
22.9733,0.945255
22.9828,0.953598
22.9924,0.961994
23.002,0.970441
23.0118,0.978939
23.0216,0.987489
23.0315,0.99609
23.0415,1.00474
23.0516,1.01344
23.0618,1.02219
23.0721,1.03099
23.0824,1.03984
23.0928,1.04874
23.1034,1.05768
23.114,1.06667
23.1247,1.07571
23.1355,1.08479
23.1464,1.09391
23.1574,1.10309
23.1685,1.1123
23.1796,1.12156
23.1909,1.13086
23.2023,1.1402
23.2137,1.14958
23.2253,1.159
23.2369,1.16845
23.2486,1.17795
23.2604,1.18748
23.2724,1.19705
23.2844,1.20665
23.2965,1.21628
23.3087,1.22595
23.321,1.23564
23.3334,1.24537
23.3459,1.25512
23.3585,1.2649
23.3712,1.27471
23.384,1.28454
23.3969,1.29439
23.4099,1.30427
23.423,1.31416
23.4362,1.32407
23.4495,1.334
23.4629,1.34395
23.4764,1.3539
23.49,1.36387
23.5036,1.37385
23.5174,1.38384
23.5313,1.39383
23.5453,1.40383
23.5594,1.41383
23.5736,1.42383
23.5879,1.43383
23.6023,1.44382
23.6167,1.45381
23.6313,1.46379
23.646,1.47376
23.6608,1.48372
23.6757,1.49366
23.6907,1.50359
23.7058,1.51349
23.721,1.52338
23.7362,1.53324
23.7516,1.54308
23.7671,1.55288
23.7827,1.56266
23.7984,1.5724
23.8141,1.5821
23.83,1.59176
23.846,1.60138
23.862,1.61096
23.8782,1.62049
23.8944,1.62997
23.9108,1.63939
23.9272,1.64876
23.9438,1.65807
23.9604,1.66732
23.9771,1.6765
23.9939,1.68562
24.0108,1.69467
24.0278,1.70364
24.0449,1.71253
24.0621,1.72135
24.0793,1.73008
24.0967,1.73873
24.1141,1.74729
24.1316,1.75576
24.1492,1.76413
24.1669,1.77241
24.1846,1.78058
24.2025,1.78865
24.2204,1.79662
24.2384,1.80447
24.2565,1.81221
24.2747,1.81983
24.2929,1.82734
24.3112,1.83472
24.3296,1.84198
24.3481,1.84911
24.3666,1.85611
24.3852,1.86298
24.4038,1.86971
24.4226,1.8763
24.4414,1.88275
24.4602,1.88905
24.4791,1.89521
24.4981,1.90121
24.5172,1.90706
24.5363,1.91276
24.5554,1.9183
24.5746,1.92367
24.5939,1.92889
24.6132,1.93394
24.6326,1.93882
24.652,1.94353
24.6714,1.94806
24.6909,1.95243
24.7105,1.95661
24.7301,1.96062
24.7497,1.96445
24.7694,1.9681
24.7891,1.97156
24.8088,1.97484
24.8286,1.97793
24.8484,1.98083
24.8682,1.98354
24.888,1.98605
24.9079,1.98838
24.9278,1.99051
24.9477,1.99245
24.9676,1.99419
24.9876,1.99574
25.0076,1.99709
25.0275,1.99823
25.0475,1.99919
25.0675,1.99994
25.0875,2.00049
25.1075,2.00084
25.1275,2.00099
25.1475,2.00095
25.1676,2.0007
25.1876,2.00025
25.2076,1.9996
25.2275,1.99875
25.2475,1.99771
25.2675,1.99646
25.2875,1.99502
25.3074,1.99338
25.3273,1.99155
25.3472,1.98952
25.3671,1.98729
25.387,1.98487
25.4068,1.98226
25.4266,1.97946
25.4464,1.97647
25.4662,1.97329
25.4859,1.96992
25.5055,1.96637
25.5252,1.96264
25.5448,1.95872
25.5644,1.95463
25.5839,1.95036
25.6034,1.94591
25.6228,1.94129
25.6422,1.9365
25.6615,1.93154
25.6808,1.92641
25.7001,1.92112
25.7193,1.91566
25.7384,1.91005
25.7575,1.90428
25.7765,1.89835
25.7954,1.89227
25.8143,1.88605
25.8331,1.87967
25.8519,1.87316
25.8706,1.8665
25.8892,1.8597
25.9078,1.85277
25.9263,1.84571
25.9447,1.83852
25.9631,1.8312
25.9813,1.82376
25.9995,1.81619
26.0177,1.80851
26.0357,1.80072
26.0537,1.79281
26.0716,1.78479
26.0894,1.77667
26.1071,1.76845
26.1247,1.76013
26.1423,1.75171
26.1598,1.7432
26.1772,1.7346
26.1945,1.72591
26.2117,1.71713
26.2288,1.70828
26.2458,1.69935
26.2628,1.69034
26.2796,1.68126
26.2964,1.67211
26.3131,1.66289
26.3297,1.65362
26.3462,1.64428
26.3626,1.63488
26.3789,1.62543
26.3951,1.61593
26.4112,1.60637
26.4272,1.59678
26.4431,1.58713
26.4589,1.57745
26.4747,1.56773
26.4903,1.55797
26.5058,1.54818
26.5213,1.53836
26.5366,1.52852
26.5518,1.51864
26.567,1.50875
26.582,1.49883
26.5969,1.48889
26.6118,1.47894
26.6265,1.46898
26.6412,1.459
26.6557,1.44902
26.6701,1.43903
26.6845,1.42903
26.6987,1.41903
26.7129,1.40903
26.7269,1.39903
26.7408,1.38904
26.7547,1.37905
26.7684,1.36906
26.7821,1.35909
26.7956,1.34913
26.809,1.33918
26.8224,1.32924
26.8356,1.31932
26.8488,1.30941
26.8618,1.29953
26.8748,1.28966
26.8876,1.27982
26.9004,1.27
26.913,1.26021
26.9256,1.25044
26.938,1.2407
26.9504,1.23099
26.9626,1.22131
26.9748,1.21166
26.9869,1.20204
26.9988,1.19245
27.0107,1.1829
27.0225,1.17339
27.0342,1.16391
27.0458,1.15447
27.0573,1.14507
27.0687,1.13571
27.08,1.12639
27.0912,1.11711
27.1023,1.10788
27.1134,1.09868
27.1243,1.08953
27.1352,1.08043
27.1459,1.07137
27.1566,1.06235
27.1672,1.05338
27.1777,1.04446
27.1881,1.03559
27.1984,1.02677
27.2086,1.01799
27.2187,1.00926
27.2288,1.00059
27.2387,0.991959
27.2486,0.983383
27.2584,0.974857
27.2681,0.966383
27.2777,0.957961
27.2873,0.949591
27.2967,0.941273
27.3061,0.933008
27.3154,0.924795
27.3246,0.916636
27.3337,0.90853
27.3428,0.900477
27.3517,0.892479
27.3606,0.884534
27.3694,0.876643
27.3781,0.868806
27.3868,0.861024
27.3954,0.853296
27.4039,0.845622
27.4123,0.838003
27.4206,0.830438
27.4289,0.822928
27.4371,0.815473
27.4452,0.808072
27.4532,0.800726
27.4612,0.793434
27.4691,0.786197
27.4769,0.779014
27.4847,0.771886
27.4924,0.764812
27.5,0.757793
27.5075,0.750827
27.515,0.743916
27.5224,0.737058
27.5297,0.730255
27.537,0.723505
27.5442,0.716808
27.5513,0.710166
27.5584,0.703576
27.5654,0.697039
27.5724,0.690556
27.5792,0.684125
27.586,0.677746
27.5928,0.67142
27.5995,0.665146
27.6061,0.658924
27.6126,0.652754
27.6191,0.646635
27.6256,0.640567
27.632,0.634551
27.6383,0.628585
27.6445,0.62267
27.6507,0.616805
27.6569,0.610991
27.6629,0.605226
27.669,0.59951
27.6749,0.593844
27.6808,0.588227
27.6867,0.582659
27.6925,0.577139
27.6982,0.571668
27.7039,0.566244
27.7096,0.560868
27.7152,0.55554
27.7207,0.550258
27.7262,0.545024
27.7316,0.539836
27.737,0.534694
27.7423,0.529598
27.7475,0.524547
27.7528,0.519542
27.7579,0.514582
27.7631,0.509667
27.7681,0.504796
27.7732,0.49997
27.7781,0.495187
27.7831,0.490448
27.7879,0.485752
27.7928,0.481099
27.7976,0.476488
27.8023,0.47192
27.807,0.467394
27.8117,0.46291
27.8163,0.458467
27.8208,0.454065
27.8253,0.449704
27.8298,0.445384
27.8342,0.441104
27.8386,0.436863
27.843,0.432663
27.8473,0.428501
27.8516,0.424379
27.8558,0.420295
27.86,0.41625
27.8641,0.412243
27.8682,0.408273
27.8723,0.404342
27.8763,0.400447
27.8803,0.396589
27.8842,0.392768
27.8881,0.388983
27.892,0.385234
27.8958,0.381521
27.8996,0.377844
27.9034,0.374201
27.9071,0.370594
27.9108,0.367021
27.9145,0.363482
27.9181,0.359978
27.9217,0.356507
27.9252,0.353069
27.9287,0.349665
27.9322,0.346294
27.9356,0.342955
27.9391,0.339649
27.9424,0.336374
27.9458,0.333132
27.9491,0.329921
27.9524,0.326741
27.9556,0.323592
27.9589,0.320474
27.962,0.317387
27.9652,0.31433
27.9683,0.311302
27.9714,0.308305
27.9745,0.305336
27.9775,0.302397
27.9805,0.299487
27.9835,0.296606
27.9865,0.293752
27.9894,0.290928
27.9923,0.288131
27.9952,0.285361
27.998,0.282619
28.0008,0.279905
28.0036,0.277217
28.0064,0.274556
28.0091,0.271921
28.0118,0.269313
28.0145,0.266731
28.0171,0.264174
28.0198,0.261643
28.0224,0.259137
28.0249,0.256657
28.0275,0.254201
28.03,0.25177
28.0325,0.249363
28.035,0.246981
28.0375,0.244623
28.0399,0.242288
28.0423,0.239977
28.0447,0.237689
28.0471,0.235425
28.0494,0.233183
28.0517,0.230964
28.054,0.228768
28.0563,0.226594
28.0586,0.224442
28.0608,0.222312
28.063,0.220203
28.0652,0.218117
28.0674,0.216051
28.0695,0.214007
28.0717,0.211984
28.0738,0.209981
28.0759,0.207999
28.0779,0.206038
28.08,0.204096
28.082,0.202175
28.084,0.200273
28.086,0.198392
28.088,0.196529
28.0899,0.194686
28.0919,0.192862
28.0938,0.191057
28.0957,0.189271
28.0976,0.187504
28.0995,0.185755
28.1013,0.184024
28.1031,0.182311
28.105,0.180617
28.1068,0.17894
28.1085,0.177281
28.1103,0.175639
28.112,0.174015
28.1138,0.172407
28.1155,0.170817
28.1172,0.169244
28.1189,0.167687
28.1205,0.166147
28.1222,0.164623
28.1238,0.163116
28.1255,0.161625
28.1271,0.16015
28.1287,0.15869
28.1302,0.157246
28.1318,0.155818
28.1334,0.154406
28.1349,0.153008
28.1364,0.151626
28.1379,0.150259
28.1394,0.148906
28.1409,0.147569
28.1424,0.146246
28.1438,0.144937
28.1453,0.143643
28.1467,0.142363
28.1481,0.141097
28.1495,0.139846
28.1509,0.138608
28.1523,0.137384
28.1537,0.136173
28.155,0.134976
28.1564,0.133793
28.1577,0.132622
28.159,0.131465
28.1603,0.130321
28.1616,0.12919
28.1629,0.128072
28.1642,0.126966
28.1655,0.125873
28.1667,0.124793
28.168,0.123725
28.1692,0.122669
28.1704,0.121626
28.1716,0.120594
28.1728,0.119575
28.174,0.118567
28.1752,0.117572
28.1764,0.116588
28.1775,0.115615
28.1787,0.114654
28.1798,0.113705
28.1809,0.112767
28.1821,0.11184
28.1832,0.110924
28.1843,0.110019
28.1854,0.109125
28.1865,0.108242
28.1875,0.10737
28.1886,0.106509
28.1897,0.105658
28.1907,0.104818
28.1918,0.103988
28.1928,0.103168
28.1938,0.102359
28.1949,0.10156
28.1959,0.100771
28.1969,0.0999921
28.1979,0.0992233
28.1989,0.0984643
28.1998,0.0977151
28.2008,0.0969757
28.2018,0.0962459
28.2027,0.0955258
28.2037,0.0948152
28.2046,0.094114
28.2056,0.0934222
28.2065,0.0927398
28.2074,0.0920665
28.2083,0.0914025
28.2093,0.0907476
28.2102,0.0901018
28.2111,0.0894649
28.2119,0.088837
28.2128,0.088218
28.2137,0.0876077
28.2146,0.0870062
28.2155,0.0864134
28.2163,0.0858292
28.2172,0.0852536
28.218,0.0846864
28.2189,0.0841278
28.2197,0.0835775
28.2205,0.0830356
28.2214,0.082502
28.2222,0.0819766
28.223,0.0814594
28.2238,0.0809504
28.2246,0.0804494
28.2254,0.0799564
28.2262,0.0794715
28.227,0.0789945
28.2278,0.0785253
28.2286,0.0780641
28.2294,0.0776106
28.2301,0.0771648
28.2309,0.0767268
28.2317,0.0762965
28.2324,0.0758737
28.2332,0.0754586
28.2339,0.075051
28.2347,0.0746509
28.2354,0.0742582
28.2362,0.073873
28.2369,0.0734951
28.2376,0.0731246
28.2384,0.0727614
28.2391,0.0724055
28.2398,0.0720568
28.2405,0.0717153
28.2413,0.071381
28.242,0.0710538
28.2427,0.0707337
28.2434,0.0704207
28.2441,0.0701147
28.2448,0.0698157
28.2455,0.0695238
28.2462,0.0692387
28.2469,0.0689606
28.2476,0.0686894
28.2482,0.068425
28.2489,0.0681675
28.2496,0.0679168
28.2503,0.0676729
28.251,0.0674357
28.2516,0.0672053
28.2523,0.0669816
28.253,0.0667646
28.2536,0.0665543
28.2543,0.0663507
28.255,0.0661536
28.2556,0.0659632
28.2563,0.0657794
28.2569,0.0656021
28.2576,0.0654315
28.2582,0.0652673
28.2589,0.0651097
28.2595,0.0649586
28.2602,0.064814
28.2608,0.0646759
28.2615,0.0645442
28.2621,0.064419
28.2628,0.0643002
28.2634,0.0641879
28.2641,0.064082
28.2647,0.0639825
28.2653,0.0638894
28.266,0.0638026
28.2666,0.0637223
28.2673,0.0636483
28.2679,0.0635807
28.2685,0.0635195
28.2692,0.0634646
28.2698,0.063416
28.2704,0.0633738
28.2711,0.0633379
28.2717,0.0633084
28.2723,0.0632852
28.273,0.0632683
28.2736,0.0632578
28.2742,0.0632536
28.2749,0.0632557
28.2755,0.0632641
28.2761,0.0632788
28.2768,0.0632999
28.2774,0.0633273
28.278,0.0633611
28.2787,0.0634012
28.2793,0.0634476
28.2799,0.0635003
28.2806,0.0635595
28.2812,0.0636249
28.2818,0.0636968
28.2825,0.063775
28.2831,0.0638596
28.2838,0.0639505
28.2844,0.0640479
28.285,0.0641516
28.2857,0.0642618
28.2863,0.0643784
28.287,0.0645015
28.2876,0.064631
28.2883,0.0647669
28.2889,0.0649094
28.2896,0.0650583
28.2902,0.0652137
28.2909,0.0653757
28.2915,0.0655442
28.2922,0.0657192
28.2928,0.0659008
28.2935,0.066089
28.2941,0.0662838
28.2948,0.0664852
28.2955,0.0666933
28.2961,0.0669081
28.2968,0.0671295
28.2975,0.0673577
28.2982,0.0675926
28.2988,0.0678342
28.2995,0.0680826
28.3002,0.0683379
28.3009,0.0685999
28.3016,0.0688688
28.3023,0.0691446
28.303,0.0694274
28.3037,0.069717
28.3043,0.0700136
28.3051,0.0703173
28.3058,0.0706279
28.3065,0.0709456
28.3072,0.0712704
28.3079,0.0716023
28.3086,0.0719414
28.3093,0.0722877
28.3101,0.0726412
28.3108,0.0730019
28.3115,0.07337
28.3122,0.0737454
28.313,0.0741281
28.3137,0.0745183
28.3145,0.0749159
28.3152,0.075321
28.316,0.0757336
28.3167,0.0761538
28.3175,0.0765816
28.3183,0.077017
28.319,0.0774602
28.3198,0.077911
28.3206,0.0783697
28.3214,0.0788362
28.3222,0.0793106
28.323,0.0797928
28.3238,0.0802831
28.3246,0.0807814
28.3254,0.0812877
28.3262,0.0818022
28.327,0.0823248
28.3279,0.0828557
28.3287,0.0833948
28.3295,0.0839422
28.3304,0.0844981
28.3312,0.0850623
28.3321,0.0856351
28.3329,0.0862164
28.3338,0.0868063
28.3347,0.0874049
28.3355,0.0880122
28.3364,0.0886283
28.3373,0.0892533
28.3382,0.0898871
28.3391,0.0905299
28.34,0.0911818
28.3409,0.0918427
28.3419,0.0925129
28.3428,0.0931922
28.3437,0.0938809
28.3447,0.0945789
28.3456,0.0952863
28.3466,0.0960033
28.3475,0.0967298
28.3485,0.0974659
28.3495,0.0982118
28.3505,0.0989675
28.3515,0.0997331
28.3525,0.100509
28.3535,0.101294
28.3545,0.10209
28.3555,0.102896
28.3565,0.103712
28.3576,0.104538
28.3586,0.105375
28.3597,0.106222
28.3608,0.10708
28.3618,0.107948
28.3629,0.108828
28.364,0.109718
28.3651,0.110619
28.3662,0.111531
28.3673,0.112454
28.3685,0.113389
28.3696,0.114334
28.3708,0.115291
28.3719,0.11626
28.3731,0.11724
28.3743,0.118232
28.3755,0.119235
28.3766,0.120251
28.3779,0.121278
28.3791,0.122318
28.3803,0.123369
28.3815,0.124433
28.3828,0.125509
28.3841,0.126598
28.3853,0.127699
28.3866,0.128813
28.3879,0.12994
28.3892,0.13108
28.3905,0.132233
28.3918,0.133398
28.3932,0.134578
28.3945,0.13577
28.3959,0.136976
28.3973,0.138195
28.3987,0.139429
28.4001,0.140676
28.4015,0.141937
28.4029,0.143212
28.4043,0.144501
28.4058,0.145805
28.4073,0.147123
28.4087,0.148456
28.4102,0.149803
28.4117,0.151165
28.4133,0.152543
28.4148,0.153935
28.4163,0.155343
28.4179,0.156766
28.4195,0.158204
28.4211,0.159658
28.4227,0.161128
28.4243,0.162614
28.4259,0.164116
28.4276,0.165634
28.4292,0.167169
28.4309,0.16872
28.4326,0.170287
28.4343,0.171872
28.436,0.173473
28.4378,0.175092
28.4395,0.176728
28.4413,0.178381
28.4431,0.180052
28.4449,0.181741
28.4467,0.183447
28.4486,0.185172
28.4504,0.186915
28.4523,0.188676
28.4542,0.190456
28.4561,0.192255
28.4581,0.194072
28.46,0.195909
28.462,0.197765
28.464,0.19964
28.466,0.201535
28.468,0.203449
28.47,0.205384
28.4721,0.207339
28.4742,0.209314
28.4763,0.21131
28.4784,0.213326
28.4806,0.215363
28.4827,0.217421
28.4849,0.219501
28.4871,0.221602
28.4893,0.223725
28.4916,0.225869
28.4939,0.228036
28.4962,0.230225
28.4985,0.232436
28.5008,0.23467
28.5032,0.236927
28.5055,0.239207
28.5079,0.24151
28.5104,0.243837
28.5128,0.246187
28.5153,0.248561
28.5178,0.25096
28.5203,0.253383
28.5229,0.25583
28.5254,0.258302
28.528,0.2608
28.5306,0.263322
28.5333,0.26587
28.536,0.268444
28.5387,0.271043
28.5414,0.273669
28.5441,0.276321
28.5469,0.279
28.5497,0.281705
28.5525,0.284438
28.5554,0.287198
28.5583,0.289986
28.5612,0.292802
28.5641,0.295645
28.5671,0.298517
28.5701,0.301418
28.5731,0.304347
28.5762,0.307305
28.5793,0.310293
28.5824,0.313311
28.5856,0.316358
28.5887,0.319435
28.5919,0.322543
28.5952,0.325681
28.5985,0.328851
28.6018,0.332051
28.6051,0.335283
28.6085,0.338547
28.6119,0.341842
28.6153,0.34517
28.6188,0.34853
28.6223,0.351924
28.6258,0.35535
28.6294,0.358809
28.633,0.362303
28.6366,0.36583
28.6403,0.369391
28.644,0.372987
28.6478,0.376618
28.6516,0.380284
28.6554,0.383985
28.6592,0.387722
28.6631,0.391494
28.6671,0.395303
28.671,0.399149
28.675,0.403031
28.6791,0.40695
28.6832,0.410907
28.6873,0.414901
28.6915,0.418934
28.6957,0.423005
28.6999,0.427114
28.7042,0.431262
28.7086,0.43545
28.7129,0.439677
28.7174,0.443944
28.7218,0.44825
28.7263,0.452598
28.7309,0.456986
28.7355,0.461415
28.7401,0.465885
28.7448,0.470397
28.7495,0.474951
28.7543,0.479547
28.7591,0.484186
28.764,0.488867
28.7689,0.493592
28.7738,0.49836
28.7788,0.503172
28.7839,0.508028
28.789,0.512928
28.7942,0.517873
28.7994,0.522863
28.8046,0.527898
28.8099,0.532979
28.8153,0.538105
28.8207,0.543278
28.8261,0.548497
28.8317,0.553763
28.8372,0.559075
28.8428,0.564435
28.8485,0.569843
28.8542,0.575298
28.86,0.580802
28.8658,0.586354
28.8717,0.591954
28.8777,0.597604
28.8837,0.603303
28.8898,0.609051
28.8959,0.614849
28.9021,0.620697
28.9083,0.626595
28.9146,0.632544
28.9209,0.638543
28.9274,0.644594
28.9338,0.650695
28.9404,0.656848
28.947,0.663053
28.9536,0.669309
28.9604,0.675618
28.9671,0.681979
28.974,0.688392
28.9809,0.694858
28.9879,0.701377
28.9949,0.707949
29.0021,0.714574
29.0092,0.721252
29.0165,0.727984
29.0238,0.73477
29.0312,0.741609
29.0386,0.748502
29.0461,0.75545
29.0537,0.762451
29.0614,0.769507
29.0691,0.776617
29.0769,0.783781
29.0848,0.791
29.0927,0.798273
29.1008,0.805601
29.1089,0.812984
29.117,0.820421
29.1253,0.827913
29.1336,0.835459
29.142,0.84306
29.1504,0.850715
29.159,0.858425
29.1676,0.866189
29.1763,0.874008
29.1851,0.88188
29.194,0.889807
29.2029,0.897788
29.2119,0.905822
29.221,0.91391
29.2302,0.922052
29.2394,0.930246
29.2488,0.938494
29.2582,0.946794
29.2677,0.955147
29.2773,0.963552
29.287,0.972009
29.2968,0.980517
29.3066,0.989076
29.3165,0.997686
29.3266,1.00635
29.3367,1.01506
29.3469,1.02382
29.3571,1.03262
29.3675,1.04148
29.378,1.05039
29.3885,1.05934
29.3992,1.06834
29.4099,1.07738
29.4207,1.08647
29.4316,1.09561
29.4426,1.10479
29.4537,1.11401
29.4649,1.12327
29.4762,1.13258
29.4876,1.14193
29.499,1.15132
29.5106,1.16074
29.5222,1.17021
29.534,1.17971
29.5458,1.18925
29.5578,1.19882
29.5698,1.20843
29.5819,1.21806
29.5942,1.22774
29.6065,1.23744
29.6189,1.24717
29.6314,1.25693
29.6441,1.26671
29.6568,1.27652
29.6696,1.28636
29.6825,1.29622
29.6955,1.30609
29.7086,1.31599
29.7218,1.32591
29.7351,1.33584
29.7485,1.34579
29.7621,1.35575
29.7757,1.36572
29.7894,1.3757
29.8032,1.38569
29.8171,1.39568
29.8311,1.40568
29.8452,1.41568
29.8594,1.42568
29.8737,1.43567
29.8881,1.44567
29.9026,1.45566
29.9172,1.46563
29.9319,1.4756
29.9467,1.48556
29.9616,1.4955
29.9767,1.50542
29.9918,1.51532
30.007,1.52521
30.0223,1.53506
30.0377,1.54489
30.0532,1.55469
30.0688,1.56446
30.0844,1.57419
30.1002,1.58389
30.1161,1.59355
30.1321,1.60316
30.1482,1.61273
30.1644,1.62225
30.1806,1.63171
30.197,1.64113
30.2135,1.65049
30.23,1.65979
30.2466,1.66902
30.2634,1.6782
30.2802,1.6873
30.2971,1.69633
30.3141,1.70529
30.3312,1.71417
30.3484,1.72297
30.3657,1.73169
30.3831,1.74032
30.4005,1.74886
30.418,1.75731
30.4356,1.76567
30.4533,1.77393
30.4711,1.78208
30.489,1.79013
30.5069,1.79808
30.5249,1.80591
30.543,1.81363
30.5612,1.82123
30.5795,1.82872
30.5978,1.83608
30.6162,1.84331
30.6347,1.85042
30.6532,1.85739
30.6718,1.86424
30.6905,1.87094
30.7092,1.8775
30.728,1.88393
30.7469,1.8902
30.7658,1.89633
30.7848,1.90231
30.8039,1.90813
30.823,1.9138
30.8422,1.9193
30.8614,1.92465
30.8807,1.92983
30.9,1.93485
30.9193,1.9397
30.9388,1.94438
30.9582,1.94888
30.9777,1.95322
30.9973,1.95737
31.0169,1.96135
31.0365,1.96514
31.0562,1.96875
31.0759,1.97218
31.0956,1.97542
31.1154,1.97848
31.1352,1.98134
31.155,1.98402
31.1749,1.9865
31.1948,1.98879
31.2147,1.99089
31.2346,1.99279
31.2545,1.99449
31.2745,1.996
31.2944,1.99731
31.3144,1.99843
31.3344,1.99934
31.3544,2.00005
31.3744,2.00057
31.3944,2.00088
31.4144,2.001
31.4344,2.00091
31.4544,2.00063
31.4744,2.00014
31.4944,1.99946
31.5144,1.99858
31.5344,1.99749
31.5544,1.99621
31.5743,1.99473
31.5943,1.99306
31.6142,1.99119
31.6341,1.98912
31.654,1.98686
31.6738,1.9844
31.6937,1.98176
31.7135,1.97892
31.7332,1.97589
31.753,1.97268
31.7727,1.96928
31.7924,1.9657
31.812,1.96193
31.8316,1.95798
31.8512,1.95385
31.8707,1.94955
31.8902,1.94507
31.9096,1.94042
31.929,1.93559
31.9483,1.9306
31.9676,1.92544
31.9868,1.92012
32.006,1.91464
32.0251,1.90899
32.0442,1.90319
32.0632,1.89724
32.0821,1.89113
32.101,1.88488
32.1198,1.87848
32.1386,1.87194
32.1572,1.86525
32.1759,1.85843
32.1944,1.85148
32.2129,1.84439
32.2313,1.83717
32.2496,1.82983
32.2679,1.82237
32.2861,1.81478
32.3042,1.80708
32.3222,1.79926
32.3402,1.79134
32.358,1.7833
32.3758,1.77516
32.3935,1.76692
32.4112,1.75858
32.4287,1.75014
32.4462,1.74161
32.4635,1.73299
32.4808,1.72429
32.498,1.7155
32.5151,1.70663
32.5322,1.69769
32.5491,1.68866
32.5659,1.67957
32.5827,1.67041
32.5993,1.66118
32.6159,1.65189
32.6324,1.64254
32.6488,1.63314
32.665,1.62368
32.6812,1.61416
32.6973,1.6046
32.7133,1.595
32.7292,1.58535
32.745,1.57566
32.7607,1.56593
32.7764,1.55617
32.7919,1.54637
32.8073,1.53654
32.8226,1.52669
32.8378,1.51681
32.8529,1.50691
32.868,1.49699
32.8829,1.48706
32.8977,1.4771
32.9124,1.46714
32.927,1.45716
32.9416,1.44717
32.956,1.43718
32.9703,1.42718
32.9845,1.41718
32.9986,1.40718
33.0127,1.39718
33.0266,1.38719
33.0404,1.3772
33.0541,1.36722
33.0678,1.35725
33.0813,1.34729
33.0947,1.33734
33.108,1.3274
33.1213,1.31748
33.1344,1.30758
33.1474,1.2977
33.1603,1.28784
33.1732,1.278
33.1859,1.26819
33.1985,1.2584
33.2111,1.24864
33.2235,1.2389
33.2358,1.22919
33.2481,1.21952
33.2602,1.20987
33.2723,1.20026
33.2842,1.19068
33.2961,1.18114
33.3079,1.17163
33.3195,1.16216
33.3311,1.15273
33.3426,1.14334
33.354,1.13399
33.3653,1.12467
33.3765,1.1154
33.3876,1.10617
33.3986,1.09699
33.4095,1.08785
33.4203,1.07875
33.4311,1.0697
33.4417,1.06069
33.4523,1.05173
33.4628,1.04282
33.4732,1.03396
33.4834,1.02514
33.4937,1.01637
33.5038,1.00765
33.5138,0.998987
33.5238,0.990369
33.5336,0.981802
33.5434,0.973286
33.5531,0.964822
33.5627,0.956409
33.5722,0.948049
33.5816,0.93974
33.591,0.931485
33.6003,0.923282
33.6095,0.915133
33.6186,0.907037
33.6276,0.898994
33.6366,0.891005
33.6454,0.88307
33.6542,0.87519
33.6629,0.867363
33.6716,0.85959
33.6801,0.851872
33.6886,0.844209
33.697,0.8366
33.7053,0.829045
33.7136,0.821545
33.7218,0.8141
33.7299,0.806709
33.7379,0.799373
33.7459,0.792092
33.7537,0.784865
33.7616,0.777692
33.7693,0.770574
33.777,0.76351
