0.8,0.2,0,0.8,0
0.79972,0.20008,4e-05,0.79968,0.00016
0.79888,0.20032,0.00016,0.79872,0.00063972
0.797482,0.200719,0.00036,0.797122,0.00143844
0.795527,0.201277,0.000639999,0.794888,0.00255496
0.793017,0.201992,0.000999998,0.79202,0.00398761
0.789954,0.202863,0.00143999,0.788521,0.00573424
0.786344,0.203888,0.00195998,0.784396,0.00779223
0.782189,0.205066,0.00255996,0.77965,0.0101585
0.777494,0.206393,0.00323992,0.774289,0.0128295
0.772265,0.207868,0.00399984,0.768318,0.0158011
0.766508,0.209486,0.00483972,0.761746,0.0190691
0.760229,0.211246,0.00575953,0.754579,0.0226284
0.753436,0.213143,0.00675924,0.746827,0.0264736
0.746135,0.215173,0.00783881,0.738498,0.0305991
0.738337,0.217333,0.0089982,0.729603,0.0349986
0.730048,0.219618,0.0102374,0.720153,0.0396656
0.721279,0.222024,0.0115562,0.710158,0.0445929
0.71204,0.224544,0.0129546,0.699631,0.0497732
0.702341,0.227176,0.0144326,0.688583,0.0551986
0.692193,0.229912,0.01599,0.677029,0.0608611
0.681608,0.232747,0.0176266,0.664982,0.0667521
0.670597,0.235676,0.0193423,0.652456,0.0728627
0.659173,0.238693,0.0211369,0.639467,0.0791837
0.647349,0.24179,0.0230102,0.626028,0.0857056
0.635138,0.244963,0.024962,0.612158,0.0924185
0.622554,0.248203,0.0269921,0.597871,0.0993123
0.609612,0.251504,0.0291,0.583184,0.106377
0.596324,0.25486,0.0312856,0.568116,0.113601
0.582707,0.258263,0.0335484,0.552684,0.120974
0.568775,0.261706,0.035888,0.536906,0.128484
0.554545,0.265181,0.038304,0.5208,0.136121
0.540032,0.268682,0.0407959,0.504385,0.143873
0.525251,0.272199,0.0433632,0.487681,0.151727
0.51022,0.275727,0.0460053,0.470707,0.159673
0.494955,0.279256,0.0487215,0.453484,0.167698
0.479472,0.282779,0.0515113,0.43603,0.175789
0.46379,0.286289,0.0543738,0.418366,0.183935
0.447925,0.289777,0.0573083,0.400513,0.192122
0.431894,0.293235,0.0603139,0.382491,0.20034
0.415715,0.296655,0.0633898,0.364321,0.208574
0.399405,0.300029,0.0665348,0.346025,0.216812
0.382983,0.30335,0.0697481,0.327622,0.225042
0.366466,0.30661,0.0730286,0.309134,0.23325
0.349871,0.3098,0.0763749,0.290583,0.241426
0.333217,0.312912,0.079786,0.271989,0.249554
0.316522,0.31594,0.0832605,0.253373,0.257624
0.299803,0.318874,0.086797,0.234756,0.265623
0.283077,0.321708,0.090394,0.21616,0.273538
0.266364,0.324435,0.0940501,0.197605,0.281356
0.249679,0.327045,0.0977635,0.179112,0.289066
0.233041,0.329534,0.101533,0.160702,0.296656
0.216468,0.331892,0.105356,0.142394,0.304114
0.199975,0.334114,0.109231,0.12421,0.311427
0.183581,0.336192,0.113156,0.106168,0.318585
0.167301,0.338119,0.11713,0.0882897,0.325576
0.151154,0.33989,0.121149,0.0705933,0.332389
0.135154,0.341498,0.125212,0.0530981,0.339013
0.119318,0.342938,0.129317,0.035823,0.345437
0.103663,0.344202,0.133461,0.0187864,0.351651
0.0882022,0.345285,0.137642,0.0020063,0.357645
0.0729524,0.346183,0.141857,-0.0144996,0.363409
0.0579281,0.34689,0.146103,-0.0307141,0.368934
0.0431437,0.347401,0.150379,-0.0466203,0.37421
0.0286133,0.347711,0.15468,-0.0622021,0.379228
0.0143509,0.347817,0.159005,-0.0774436,0.383981
0.000369631,0.347714,0.16335,-0.0923294,0.388459
-0.0133175,0.347398,0.167713,-0.106845,0.392655
-0.026698,0.346866,0.172089,-0.120975,0.396563
-0.0397598,0.346114,0.176477,-0.134708,0.400173
-0.0524913,0.345141,0.180872,-0.148028,0.403482
-0.0648814,0.343942,0.185272,-0.160925,0.406481
-0.0769194,0.342517,0.189673,-0.173385,0.409165
-0.0885953,0.340863,0.194071,-0.185399,0.41153
-0.0998994,0.338978,0.198463,-0.196954,0.413569
-0.110823,0.336862,0.202846,-0.208041,0.415279
-0.121356,0.334513,0.207215,-0.21865,0.416656
-0.131493,0.331931,0.211567,-0.228774,0.417696
-0.141224,0.329115,0.215899,-0.238403,0.418396
-0.150543,0.326066,0.220205,-0.24753,0.418753
-0.159444,0.322784,0.224483,-0.256149,0.418766
-0.167921,0.31927,0.228729,-0.264254,0.418432
-0.175969,0.315524,0.232937,-0.27184,0.417751
-0.183582,0.311549,0.237106,-0.278901,0.416721
-0.190757,0.307347,0.241229,-0.285434,0.415343
-0.197491,0.302918,0.245304,-0.291435,0.413617
-0.20378,0.298267,0.249326,-0.296903,0.411543
-0.209622,0.293395,0.253291,-0.301836,0.409123
-0.215016,0.288306,0.257194,-0.306232,0.406358
-0.21996,0.283003,0.261032,-0.310091,0.403251
-0.224453,0.27749,0.2648,-0.313414,0.399803
-0.228496,0.271771,0.268495,-0.316201,0.396019
-0.232089,0.265851,0.272111,-0.318455,0.391901
-0.235233,0.259734,0.275645,-0.320178,0.387454
-0.237931,0.253426,0.279093,-0.321373,0.382682
-0.240183,0.246931,0.28245,-0.322044,0.37759
-0.241994,0.240256,0.285712,-0.322195,0.372183
-0.243366,0.233406,0.288875,-0.321832,0.366467
-0.244303,0.226388,0.291935,-0.32096,0.360448
-0.244811,0.219208,0.294887,-0.319587,0.354132
-0.244893,0.211872,0.297729,-0.317718,0.347527
-0.244556,0.204388,0.300455,-0.315363,0.340641
-0.243805,0.196763,0.303062,-0.312528,0.333479
-0.242647,0.189004,0.305546,-0.309224,0.326052
-0.241088,0.181119,0.307903,-0.305459,0.318367
-0.239138,0.173116,0.31013,-0.301244,0.310433
-0.236802,0.165003,0.312222,-0.29659,0.302259
-0.23409,0.156788,0.314176,-0.291506,0.293854
-0.231011,0.148479,0.315989,-0.286006,0.285229
-0.227573,0.140086,0.317657,-0.280101,0.276394
-0.223787,0.131617,0.319177,-0.273804,0.267358
-0.219662,0.123081,0.320546,-0.267128,0.258133
-0.215209,0.114486,0.32176,-0.260086,0.248729
-0.210439,0.105843,0.322816,-0.252693,0.239157
-0.205362,0.09716,0.323713,-0.244962,0.229429
-0.199991,0.0884466,0.324446,-0.236909,0.219556
-0.194336,0.0797122,0.325013,-0.228548,0.209549
-0.18841,0.0709663,0.325413,-0.219895,0.199422
-0.182225,0.0622184,0.325641,-0.210965,0.189185
-0.175794,0.0534781,0.325697,-0.201774,0.178851
-0.169129,0.044755,0.325578,-0.192339,0.168432
-0.162244,0.0360587,0.325282,-0.182676,0.15794
-0.155152,0.0273988,0.324808,-0.172801,0.147389
-0.147865,0.0187848,0.324153,-0.162732,0.136789
-0.140398,0.0102262,0.323317,-0.152485,0.126155
-0.132764,0.00173271,0.322298,-0.142077,0.115498
-0.124977,-0.00668641,0.321096,-0.131525,0.104832
-0.11705,-0.0150217,0.319708,-0.120848,0.0941679
-0.108999,-0.023264,0.318135,-0.110062,0.0835195
-0.100836,-0.031404,0.316376,-0.0991839,0.072899
-0.0925757,-0.0394326,0.31443,-0.0882321,0.0623189
-0.0842323,-0.047341,0.312298,-0.0772235,0.0517916
-0.0758198,-0.0551203,0.309979,-0.0661757,0.0413294
-0.0673521,-0.0627619,0.307474,-0.0551057,0.0309447
-0.0588432,-0.0702572,0.304783,-0.0440308,0.0206493
-0.0503071,-0.077598,0.301906,-0.0329681,0.0104554
-0.0417576,-0.084776,0.298845,-0.0219345,0.000374732
-0.0332085,-0.0917834,0.295601,-0.0109468,-0.00958114
-0.0246733,-0.0986124,0.292173,-2.15393e-05,-0.0194007
-0.0161656,-0.105256,0.288565,0.0108249,-0.0290729
-0.00769864,-0.111706,0.284778,0.0215763,-0.0385865
0.000714355,-0.117955,0.280813,0.0322168,-0.0479308
0.00906044,-0.123998,0.276673,0.0427307,-0.0570953
0.0173269,-0.129828,0.272359,0.0531027,-0.0660698
0.0255011,-0.135437,0.267874,0.0633178,-0.0748442
0.0335708,-0.140822,0.263221,0.0733613,-0.0834089
0.041524,-0.145974,0.258403,0.0832187,-0.0917545
0.0493489,-0.15089,0.253422,0.0928762,-0.0998719
0.0570341,-0.155564,0.248282,0.10232,-0.107752
0.0645683,-0.159992,0.242986,0.111537,-0.115388
0.0719407,-0.164169,0.237538,0.120515,-0.122769
0.0791409,-0.16809,0.231941,0.129241,-0.12989
0.0861585,-0.171753,0.226201,0.137703,-0.136742
0.0929839,-0.175153,0.220319,0.14589,-0.143319
0.0996075,-0.178288,0.214302,0.153792,-0.149614
0.10602,-0.181155,0.208154,0.161396,-0.155621
0.112214,-0.183751,0.201879,0.168695,-0.161335
0.118179,-0.186075,0.195482,0.175678,-0.166749
0.123909,-0.188124,0.188969,0.182336,-0.171859
0.129396,-0.189897,0.182343,0.188662,-0.176661
0.134633,-0.191395,0.175612,0.194647,-0.18115
0.139613,-0.192614,0.16878,0.200284,-0.185323
0.14433,-0.193557,0.161853,0.205567,-0.189176
0.148779,-0.194222,0.154837,0.21049,-0.192708
0.152954,-0.19461,0.147737,0.215047,-0.195915
0.15685,-0.194723,0.14056,0.219233,-0.198795
0.160463,-0.194561,0.133312,0.223044,-0.201349
0.16379,-0.194125,0.125999,0.226476,-0.203573
0.166827,-0.193419,0.118628,0.229527,-0.205468
0.169571,-0.192443,0.111206,0.232194,-0.207035
0.172019,-0.191202,0.103737,0.234474,-0.208272
0.17417,-0.189697,0.0962307,0.236368,-0.209182
0.176023,-0.187932,0.0886922,0.237873,-0.209764
0.177575,-0.185911,0.0811287,0.238989,-0.210022
0.178827,-0.183638,0.0735473,0.239719,-0.209958
0.179778,-0.181117,0.0659548,0.240061,-0.209573
0.18043,-0.178352,0.0583582,0.240019,-0.20887
0.180782,-0.17535,0.0507647,0.239594,-0.207854
0.180836,-0.172115,0.0431812,0.238789,-0.206529
0.180594,-0.168652,0.035615,0.237608,-0.204897
0.180059,-0.164968,0.0280732,0.236054,-0.202965
0.179232,-0.161069,0.0205629,0.234133,-0.200737
0.178117,-0.156962,0.0130912,0.231848,-0.198218
0.176718,-0.152652,0.00566527,0.229206,-0.195415
0.175038,-0.148147,-0.00170775,0.226213,-0.192333
0.173082,-0.143454,-0.00902079,0.222875,-0.18898
0.170854,-0.138581,-0.0162668,0.219199,-0.185361
0.16836,-0.133535,-0.0234388,0.215194,-0.181485
0.165606,-0.128324,-0.0305298,0.210866,-0.177358
0.162597,-0.122957,-0.0375329,0.206225,-0.17299
0.159339,-0.117442,-0.0444413,0.20128,-0.168387
0.15584,-0.111786,-0.0512483,0.196039,-0.163558
0.152106,-0.105999,-0.0579472,0.190513,-0.158512
0.148144,-0.10009,-0.0645314,0.184711,-0.153259
0.143963,-0.0940672,-0.0709945,0.178645,-0.147807
0.139569,-0.0879401,-0.0773302,0.172325,-0.142165
0.134972,-0.0817177,-0.0835321,0.165762,-0.136344
0.13018,-0.0754093,-0.0895944,0.158968,-0.130353
0.125202,-0.0690244,-0.0955109,0.151955,-0.124202
0.120045,-0.0625724,-0.101276,0.144735,-0.117903
0.114721,-0.0560628,-0.106884,0.137319,-0.111464
0.109238,-0.0495053,-0.112329,0.129722,-0.104897
0.103606,-0.0429094,-0.117606,0.121956,-0.0982124
0.0978346,-0.0362847,-0.12271,0.114033,-0.0914209
0.0919337,-0.029641,-0.127636,0.105967,-0.0845335
0.0859137,-0.0229879,-0.132379,0.0977714,-0.0775611
0.0797848,-0.0163349,-0.136935,0.0894597,-0.0705148
0.0735572,-0.00969178,-0.141298,0.0810455,-0.0634057
0.0672416,-0.00306796,-0.145466,0.0725425,-0.0562449
0.0608485,0.00352703,-0.149434,0.0639645,-0.0490436
0.0543885,0.0100838,-0.153198,0.0553254,-0.0418129
0.0478723,0.0165929,-0.156755,0.046639,-0.0345639
0.0413107,0.0230453,-0.160101,0.0379193,-0.0273077
0.0347142,0.0294317,-0.163234,0.0291801,-0.0200555
0.0280938,0.0357431,-0.166151,0.0204352,-0.012818
0.02146,0.0419708,-0.168849,0.0116985,-0.00560637
0.0148236,0.0481059,-0.171325,0.00298364,0.00156874
0.00819526,0.05414,-0.173578,-0.00569571,0.00869659
0.00158546,0.0600646,-0.175606,-0.0143261,0.0157666
-0.00499529,0.0658715,-0.177408,-0.0228941,0.0227684
-0.0115366,0.0715529,-0.178982,-0.0313865,0.0296916
-0.0180282,0.0771008,-0.180327,-0.0397903,0.0365262
-0.0244599,0.0825077,-0.181442,-0.0480926,0.0432622
-0.0308218,0.0877662,-0.182327,-0.0562809,0.0498899
-0.0371039,0.0928693,-0.182981,-0.0643427,0.0563999
-0.0432967,0.0978101,-0.183406,-0.0722658,0.0627828
-0.0493906,0.102582,-0.1836,-0.0800385,0.0690295
-0.0553764,0.107179,-0.183565,-0.0876491,0.0751313
-0.061245,0.111594,-0.183302,-0.0950864,0.0810797
-0.0669875,0.115822,-0.182811,-0.102339,0.0868663
-0.0725954,0.119858,-0.182094,-0.109397,0.0924832
-0.0780603,0.123696,-0.181153,-0.11625,0.0979226
-0.0833741,0.127331,-0.17999,-0.122887,0.103177
-0.0885291,0.130759,-0.178606,-0.1293,0.10824
-0.0935176,0.133976,-0.177005,-0.135479,0.113104
-0.0983325,0.136978,-0.175189,-0.141415,0.117764
-0.102967,0.13976,-0.17316,-0.147101,0.122212
-0.107414,0.14232,-0.170923,-0.152527,0.126443
-0.111668,0.144655,-0.168481,-0.157687,0.130452
-0.115723,0.146762,-0.165837,-0.162574,0.134234
-0.119572,0.14864,-0.162996,-0.167181,0.137784
-0.123211,0.150285,-0.159961,-0.171501,0.141098
-0.126636,0.151697,-0.156738,-0.175531,0.144171
-0.12984,0.152874,-0.15333,-0.179263,0.147002
-0.132821,0.153816,-0.149743,-0.182693,0.149585
-0.135574,0.154521,-0.145982,-0.185818,0.15192
-0.138097,0.154991,-0.142051,-0.188634,0.154002
-0.140385,0.155224,-0.137958,-0.191137,0.155831
-0.142436,0.155222,-0.133707,-0.193325,0.157405
-0.144249,0.154985,-0.129304,-0.195195,0.158722
-0.145821,0.154515,-0.124755,-0.196746,0.159782
-0.14715,0.153813,-0.120067,-0.197977,0.160584
-0.148236,0.152882,-0.115246,-0.198887,0.161129
-0.149078,0.151722,-0.110299,-0.199475,0.161417
-0.149675,0.150338,-0.105232,-0.199743,0.161448
-0.150028,0.148731,-0.100052,-0.199691,0.161225
-0.150136,0.146905,-0.0947662,-0.19932,0.160748
-0.150002,0.144864,-0.089382,-0.198633,0.160019
-0.149626,0.142611,-0.0839064,-0.197631,0.159041
-0.149009,0.140151,-0.0783467,-0.196317,0.157816
-0.148155,0.137487,-0.0727105,-0.194695,0.156348
-0.147064,0.134625,-0.0670053,-0.192768,0.15464
-0.145739,0.13157,-0.0612386,-0.190541,0.152696
-0.144185,0.128327,-0.0554182,-0.188018,0.150519
-0.142404,0.124902,-0.0495518,-0.185204,0.148115
-0.140399,0.1213,-0.0436471,-0.182106,0.145488
-0.138176,0.117527,-0.037712,-0.178728,0.142643
-0.135737,0.11359,-0.0317543,-0.175077,0.139586
-0.13309,0.109495,-0.0257819,-0.171161,0.136322
-0.130237,0.105249,-0.0198027,-0.166986,0.132857
-0.127185,0.100858,-0.0138245,-0.162559,0.129198
-0.123939,0.0963308,-0.00785516,-0.15789,0.125352
-0.120505,0.0916736,-0.00190251,-0.152985,0.121324
-0.11689,0.0868941,0.00402566,-0.147855,0.117123
-0.1131,0.082,0.00992161,-0.142507,0.112755
-0.109141,0.076999,0.0157777,-0.13695,0.108229
-0.105021,0.0718991,0.0215862,-0.131196,0.103551
-0.100747,0.0667083,0.0273396,-0.125252,0.09873
-0.096326,0.0614348,0.0330306,-0.11913,0.0937739
-0.0917659,0.0560868,0.0386516,-0.11284,0.0886912
-0.0870745,0.0506727,0.0441955,-0.106392,0.0834902
-0.0822597,0.0452009,0.049655,-0.0997973,0.0781796
-0.0773298,0.03968,0.0550233,-0.0930665,0.0727682
-0.0722931,0.0341183,0.0602934,-0.0862109,0.0672649
-0.0671581,0.0285246,0.0654585,-0.0792418,0.0616787
-0.0619332,0.0229074,0.0705121,-0.0721707,0.0560187
-0.0566272,0.0172752,0.0754478,-0.0650091,0.050294
-0.0512489,0.0116368,0.0802592,-0.0577686,0.0445138
-0.0458071,0.0060007,0.0849403,-0.0504611,0.0386876
-0.0403108,0.000375427,0.0894853,-0.0430983,0.0328245
-0.034769,-0.00523048,0.0938883,-0.0356922,0.0269339
-0.0291907,-0.0108086,0.0981439,-0.0282545,0.0210251
-0.023585,-0.0163504,0.102247,-0.0207972,0.0151075
-0.0179609,-0.0218477,0.106192,-0.0133322,0.00919049
-0.0123275,-0.0272923,0.109975,-0.00587136,0.0032832
-0.0066938,-0.032676,0.11359,0.00157354,-0.00260508
-0.00106888,-0.0379907,0.117033,0.00899073,-0.0084652
0.00453832,-0.0432288,0.120301,0.0163685,-0.0142881
0.0101189,-0.0483823,0.123389,0.0236954,-0.0200647
0.015664,-0.0534437,0.126294,0.0309599,-0.0257863
0.0211649,-0.0584056,0.129012,0.0381507,-0.0314439
0.0266129,-0.0632607,0.131539,0.0452566,-0.0370291
0.0319995,-0.0680019,0.133874,0.0522667,-0.0425332
0.0373163,-0.0726225,0.136014,0.0591701,-0.047948
0.0425551,-0.0771156,0.137956,0.0659562,-0.0532654
0.0477077,-0.0814748,0.139698,0.0726148,-0.0584772
0.0527661,-0.0856939,0.141238,0.0791355,-0.0635759
0.0577226,-0.0897669,0.142576,0.0855086,-0.0685537
0.0625697,-0.0936879,0.143708,0.0917244,-0.0734033
0.0672998,-0.0974516,0.144636,0.0977736,-0.0781175
0.0719059,-0.101052,0.145357,0.103647,-0.0826896
0.0763811,-0.104486,0.145873,0.109336,-0.0871128
0.0807184,-0.107746,0.146181,0.114832,-0.0913807
0.0849116,-0.11083,0.146284,0.120127,-0.0954871
0.0889544,-0.113733,0.14618,0.125213,-0.0994263
0.0928407,-0.11645,0.145872,0.130084,-0.103193
0.096565,-0.118979,0.145359,0.13473,-0.106781
0.100122,-0.121317,0.144644,0.139148,-0.110186
0.103506,-0.123459,0.143727,0.143328,-0.113403
0.106712,-0.125403,0.142612,0.147267,-0.116428
0.109737,-0.127148,0.141299,0.150958,-0.119257
0.112575,-0.12869,0.139791,0.154397,-0.121886
0.115223,-0.130029,0.138091,0.157578,-0.124311
0.117677,-0.131162,0.136203,0.160498,-0.12653
0.119933,-0.132089,0.134128,0.163152,-0.12854
0.12199,-0.132808,0.131871,0.165538,-0.130338
0.123844,-0.13332,0.129434,0.167652,-0.131922
0.125492,-0.133624,0.126824,0.169491,-0.133291
0.126934,-0.133719,0.124042,0.171055,-0.134442
0.128166,-0.133608,0.121094,0.17234,-0.135376
0.129189,-0.13329,0.117984,0.173346,-0.136091
0.130001,-0.132767,0.114717,0.174072,-0.136588
0.1306,-0.132039,0.111299,0.174518,-0.136865
0.130988,-0.131109,0.107734,0.174683,-0.136923
0.131164,-0.129979,0.104027,0.174569,-0.136763
0.131128,-0.128651,0.100185,0.174177,-0.136387
0.130882,-0.127127,0.0962138,0.173508,-0.135794
0.130425,-0.125411,0.0921184,0.172563,-0.134988
0.12976,-0.123506,0.0879055,0.171346,-0.133969
0.128888,-0.121414,0.0835812,0.169858,-0.132741
0.127812,-0.119141,0.0791521,0.168104,-0.131306
0.126533,-0.116689,0.0746246,0.166086,-0.129666
0.125054,-0.114064,0.0700055,0.163808,-0.127826
0.123379,-0.11127,0.0653015,0.161276,-0.125789
0.12151,-0.108311,0.0605197,0.158493,-0.123558
0.119451,-0.105192,0.055667,0.155466,-0.121138
0.117206,-0.101919,0.0507505,0.152198,-0.118533
0.114779,-0.098498,0.0457775,0.148697,-0.115749
0.112175,-0.0949337,0.040755,0.144969,-0.112789
0.109398,-0.0912322,0.0356905,0.14102,-0.109659
0.106453,-0.0873998,0.0305912,0.136856,-0.106365
0.103345,-0.0834426,0.0254646,0.132486,-0.102913
0.10008,-0.0793671,0.020318,0.127917,-0.0993077
0.096664,-0.07518,0.0151588,0.123156,-0.0955563
0.0931021,-0.0708881,0.00999458,0.118212,-0.0916649
0.0894006,-0.0664982,0.0048326,0.113093,-0.0876402
0.085566,-0.0620174,-0.000319718,0.107808,-0.0834889
0.0816047,-0.057453,-0.00545501,0.102366,-0.0792179
0.0775235,-0.0528121,-0.010566,0.096775,-0.0748344
0.0733293,-0.0481022,-0.0156453,0.0910452,-0.0703458
0.069029,-0.0433307,-0.0206858,0.0851858,-0.0657594
0.0646299,-0.0385053,-0.0256803,0.0792066,-0.0610828
0.0601392,-0.0336334,-0.0306218,0.0731174,-0.0563237
0.0555645,-0.0287229,-0.0355032,0.0669282,-0.0514898
0.0509132,-0.0237813,-0.0403178,0.0606491,-0.0465891
0.0461931,-0.0188165,-0.0450588,0.0542903,-0.0416295
0.0414118,-0.0138362,-0.0497194,0.0478622,-0.036619
0.0365772,-0.00884816,-0.0542933,0.0413752,-0.0315658
0.0316972,-0.00386011,-0.058774,0.0348397,-0.0264779
0.0267797,0.0011202,-0.0631553,0.0282663,-0.0213636
0.0218327,0.00608506,-0.0674311,0.0216656,-0.0162309
0.0168642,0.0110268,-0.0715955,0.015048,-0.0110881
0.0118822,0.0159379,-0.0756428,0.00842421,-0.00594338
0.00689461,0.0208107,-0.0795675,0.00180474,-0.000804838
0.00190955,0.0256378,-0.083364,-0.00479989,0.00431938
-0.00306507,0.0304118,-0.0870273,-0.0113792,0.00942121
-0.0080213,0.0351254,-0.0905525,-0.0179228,0.0144926
-0.0129513,0.0397716,-0.0939346,-0.0244204,0.0195257
-0.0178472,0.0443431,-0.0971693,-0.0308618,0.0245126
-0.0227013,0.0488332,-0.100252,-0.0372369,0.0294455
-0.0275059,0.0532351,-0.103179,-0.0435356,0.0343168
-0.0322535,0.0575421,-0.105946,-0.0497483,0.039119
-0.0369366,0.0617478,-0.10855,-0.0558652,0.0438446
-0.041548,0.065846,-0.110987,-0.0618768,0.0484863
-0.0460804,0.0698304,-0.113254,-0.0677739,0.0530372
-0.0505268,0.0736953,-0.115348,-0.0735474,0.0574901
-0.0548804,0.0774349,-0.117266,-0.0791884,0.0618384
-0.0591343,0.0810437,-0.119007,-0.0846882,0.0660755
-0.0632821,0.0845164,-0.120568,-0.0900386,0.0701949
-0.0673174,0.087848,-0.121947,-0.0952313,0.0741905
-0.071234,0.0910337,-0.123143,-0.100259,0.0780563
-0.0750261,0.0940688,-0.124155,-0.105113,0.0817866
-0.0786877,0.0969489,-0.124981,-0.109787,0.0853757
-0.0822136,0.0996701,-0.12562,-0.114273,0.0888185
-0.0855983,0.102228,-0.126073,-0.118566,0.0921098
-0.0888368,0.10462,-0.126338,-0.122658,0.095245
-0.0919243,0.106842,-0.126416,-0.126544,0.0982194
-0.0948562,0.108892,-0.126308,-0.130218,0.101029
-0.0976283,0.110766,-0.126014,-0.133674,0.103669
-0.100237,0.112461,-0.125535,-0.136909,0.106137
-0.102677,0.113977,-0.124871,-0.139916,0.108428
-0.104947,0.11531,-0.124025,-0.142693,0.110541
-0.107042,0.11646,-0.122998,-0.145234,0.112471
-0.10896,0.117424,-0.121792,-0.147537,0.114216
-0.110699,0.118202,-0.12041,-0.149599,0.115774
-0.112255,0.118793,-0.118853,-0.151417,0.117144
-0.113627,0.119197,-0.117124,-0.152988,0.118323
-0.114813,0.119413,-0.115227,-0.154311,0.11931
-0.115812,0.119442,-0.113164,-0.155384,0.120104
-0.116622,0.119283,-0.110939,-0.156206,0.120704
-0.117243,0.118938,-0.108555,-0.156776,0.12111
-0.117675,0.118408,-0.106018,-0.157095,0.121322
-0.117916,0.117693,-0.103329,-0.157162,0.12134
-0.117968,0.116796,-0.100495,-0.156978,0.121164
-0.117829,0.115718,-0.0975193,-0.156543,0.120795
-0.117502,0.114461,-0.0944066,-0.155859,0.120235
-0.116988,0.113028,-0.0911619,-0.154928,0.119484
-0.116286,0.111421,-0.0877904,-0.153751,0.118545
-0.1154,0.109644,-0.0842974,-0.152332,0.117419
-0.11433,0.107699,-0.0806883,-0.150672,0.116109
-0.11308,0.105589,-0.0769686,-0.148776,0.114617
-0.111651,0.10332,-0.0731442,-0.146646,0.112946
-0.110046,0.100894,-0.069221,-0.144288,0.1111
-0.108269,0.0983149,-0.065205,-0.141704,0.109081
-0.106321,0.0955883,-0.0611023,-0.1389,0.106893
-0.104208,0.0927183,-0.0569192,-0.13588,0.104541
-0.101933,0.0897096,-0.0526622,-0.132651,0.102027
-0.0994992,0.0865673,-0.0483376,-0.129217,0.0993578
-0.0969117,0.0832967,-0.0439522,-0.125585,0.0965366
-0.0941746,0.0799031,-0.0395124,-0.12176,0.0935687
-0.0912929,0.0763922,-0.0350251,-0.11775,0.0904591
-0.0882714,0.0727696,-0.0304969,-0.113561,0.0872132
-0.0851153,0.0690413,-0.0259348,-0.109201,0.0838364
-0.08183,0.0652133,-0.0213456,-0.104676,0.0803344
-0.078421,0.0612919,-0.0167361,-0.0999935,0.0767132
-0.0748941,0.0572835,-0.0121132,-0.0951626,0.0729787
-0.0712551,0.0531944,-0.00748398,-0.0901906,0.0691372
-0.0675103,0.0490313,-0.00285518,-0.085086,0.065195
-0.0636658,0.0448008,0.00176625,-0.079857,0.0611588
-0.0597279,0.0405097,0.00637346,-0.0745124,0.057035
-0.0557033,0.0361649,0.0109596,-0.0690608,0.0528306
-0.0515985,0.0317732,0.0155179,-0.0635113,0.0485523
-0.0474204,0.0273417,0.0200416,-0.0578728,0.0442072
-0.0431756,0.0228774,0.0245241,-0.0521547,0.0398023
-0.0388713,0.0183873,0.0289587,-0.046366,0.0353448
-0.0345144,0.0138786,0.033339,-0.0405163,0.0308419
-0.030112,0.00935823,0.0376584,-0.034615,0.0263008
-0.0256712,0.00483344,0.0419108,-0.0286716,0.021729
-0.0211993,0.000311272,0.0460899,-0.0226956,0.0171336
-0.0167035,-0.00420119,0.0501896,-0.0166967,0.0125221
-0.0121909,-0.00869689,0.0542039,-0.0106845,0.00790182
-0.00766897,-0.0131688,0.0581271,-0.00466855,0.00328017
-0.00314482,-0.0176101,0.0619534,0.00134155,-0.00133552
0.00137427,-0.0220137,0.0656774,0.00733621,-0.00593793
0.00588109,-0.0263729,0.0692937,0.0133059,-0.0105198
0.0103684,-0.030681,0.0727971,0.0192413,-0.0150738
0.0148292,-0.0349312,0.0761826,0.0251328,-0.0195929
0.0192563,-0.0391171,0.0794453,0.0309713,-0.0240698
0.0236427,-0.0432322,0.0825808,0.0367475,-0.0284977
0.0279815,-0.0472703,0.0855845,0.0424524,-0.0328696
0.0322659,-0.0512251,0.0884522,0.048077,-0.0371786
0.0364892,-0.0550907,0.0911799,0.0536126,-0.041418
0.0406446,-0.0588612,0.0937637,0.0590506,-0.0455814
0.0447258,-0.0625308,0.0962002,0.0643824,-0.0496622
0.0487263,-0.066094,0.098486,0.0695998,-0.0536541
0.0526399,-0.0695455,0.100618,0.0746947,-0.057551
0.0564606,-0.0728801,0.102593,0.0796594,-0.0613469
0.0601825,-0.0760928,0.104409,0.084486,-0.0650361
0.0637998,-0.0791787,0.106063,0.0891674,-0.0686129
0.0673069,-0.0821334,0.107553,0.0936963,-0.0720718
0.0706985,-0.0849525,0.108878,0.0980657,-0.0754076
0.0739695,-0.0876318,0.110035,0.102269,-0.0786154
0.0771147,-0.0901674,0.111023,0.1063,-0.0816903
0.0801296,-0.0925556,0.111841,0.110153,-0.0846277
0.0830095,-0.094793,0.112488,0.113822,-0.0874233
0.0857501,-0.0968764,0.112964,0.117301,-0.0900729
0.0883474,-0.0988029,0.113268,0.120585,-0.0925727
0.0907975,-0.10057,0.1134,0.123669,-0.094919
0.0930967,-0.102174,0.11336,0.12655,-0.0971084
0.0952418,-0.103615,0.113149,0.129222,-0.0991379
0.0972296,-0.104889,0.112767,0.131682,-0.101004
0.0990573,-0.105995,0.112215,0.133926,-0.102706
0.100722,-0.106932,0.111495,0.135952,-0.104239
0.102222,-0.107699,0.110607,0.137757,-0.105602
0.103555,-0.108294,0.109554,0.139337,-0.106794
0.104719,-0.108717,0.108337,0.140692,-0.107813
0.105713,-0.108969,0.106959,0.141819,-0.108657
0.106535,-0.109048,0.105422,0.142717,-0.109326
0.107184,-0.108955,0.103728,0.143385,-0.109819
0.107661,-0.10869,0.101881,0.143822,-0.110135
0.107963,-0.108255,0.0998837,0.144029,-0.110275
0.108092,-0.10765,0.0977391,0.144005,-0.110238
0.108047,-0.106877,0.0954508,0.143751,-0.110026
0.10783,-0.105936,0.0930228,0.143268,-0.109638
0.107439,-0.104831,0.0904588,0.142557,-0.109076
0.106877,-0.103563,0.0877631,0.141619,-0.108341
0.106145,-0.102134,0.08494,0.140457,-0.107435
0.105244,-0.100547,0.0819941,0.139073,-0.106359
0.104177,-0.0988041,0.0789299,0.13747,-0.105116
0.102944,-0.0969094,0.0757525,0.135649,-0.103707
0.101549,-0.0948657,0.0724668,0.133616,-0.102136
0.0999935,-0.0926766,0.069078,0.131374,-0.100405
0.0982811,-0.0903456,0.0655915,0.128925,-0.098518
0.0964145,-0.0878769,0.0620127,0.126276,-0.0964773
0.094397,-0.0852745,0.0583472,0.12343,-0.094287
0.0922322,-0.0825428,0.0546008,0.120392,-0.0919507
0.0899239,-0.0796864,0.0507792,0.117169,-0.0894725
0.087476,-0.0767099,0.0468886,0.113764,-0.0868568
0.0848926,-0.0736184,0.0429347,0.110184,-0.0841079
0.0821783,-0.0704168,0.0389239,0.106435,-0.0812304
0.0793376,-0.0671105,0.0348623,0.102523,-0.0782293
0.0763754,-0.0637048,0.0307561,0.098455,-0.0751096
0.0732965,-0.0602053,0.0266117,0.0942376,-0.0718765
0.0701061,-0.0566177,0.0224354,0.0898779,-0.0685354
0.0668096,-0.0529478,0.0182336,0.085383,-0.0650918
0.0634125,-0.0492015,0.0140128,0.0807604,-0.0615515
0.0599204,-0.0453849,0.00977948,0.0760177,-0.0579202
0.056339,-0.0415042,0.00554,0.0711627,-0.0542039
0.0526742,-0.0375655,0.00130086,0.0662033,-0.0504088
0.0489322,-0.0335751,-0.0029315,0.0611477,-0.046541
0.0451189,-0.0295395,-0.00715067,0.056004,-0.0426069
0.0412407,-0.0254651,-0.0113502,0.0507808,-0.0386128
0.0373039,-0.0213583,-0.0155239,0.0454864,-0.0345652
0.0333149,-0.0172258,-0.0196652,0.0401294,-0.0304708
0.0292802,-0.013074,-0.0237681,0.0347186,-0.026336
0.0252062,-0.00890953,-0.0278263,0.0292625,-0.0221677
0.0210997,-0.004739,-0.0318338,0.0237701,-0.0179724
0.0169673,-0.000568976,-0.0357845,0.0182501,-0.0137569
0.0128155,0.00359398,-0.0396725,0.0127114,-0.009528
0.00865107,0.00774332,-0.043492,0.00716292,-0.00529244
0.00448073,0.0118725,-0.0472373,0.00161344,-0.00105698
0.000311127,0.0159751,-0.0509029,-0.00392817,0.00317163
-0.00385107,0.0200447,-0.0544833,-0.00945307,0.00738669
-0.00799921,0.024075,-0.0579732,-0.0149525,0.0115815
-0.0121267,0.0280596,-0.0613675,-0.0204177,0.0157494
-0.016227,0.0319923,-0.0646611,-0.02584,0.0198838
-0.0202935,0.0358672,-0.0678493,-0.031211,0.0239782
-0.0243199,0.039678,-0.0709272,-0.036522,0.0280262
-0.0282997,0.0434191,-0.0738906,-0.0417648,0.0320214
-0.0322267,0.0470845,-0.0767349,-0.0469311,0.0359575
-0.0360948,0.0506687,-0.0794562,-0.0520127,0.0398284
-0.0398977,0.0541662,-0.0820504,-0.0570019,0.043628
-0.0436297,0.0575715,-0.0845139,-0.0618908,0.0473505
-0.0472848,0.0608796,-0.0868431,-0.0666717,0.05099
-0.0508573,0.0640853,-0.0890348,-0.0713372,0.054541
-0.0543417,0.0671838,-0.0910857,-0.0758802,0.0579978
-0.0577326,0.0701704,-0.0929931,-0.0802935,0.0613553
-0.0610247,0.0730406,-0.0947542,-0.0845705,0.0646082
-0.0642129,0.0757901,-0.0963666,-0.0887044,0.0677516
-0.0672923,0.0784147,-0.0978282,-0.0926891,0.0707807
-0.0702583,0.0809106,-0.099137,-0.0965183,0.0736909
-0.0731062,0.0832739,-0.100291,-0.100186,0.0764777
-0.0758317,0.0855014,-0.101289,-0.103688,0.0791369
-0.0784308,0.0875896,-0.10213,-0.107017,0.0816647
-0.0808994,0.0895355,-0.102813,-0.110169,0.0840571
-0.0832339,0.0913363,-0.103336,-0.113139,0.0863107
-0.0854307,0.0929894,-0.1037,-0.115923,0.088422
-0.0874867,0.0944926,-0.103904,-0.118517,0.0903881
-0.0893987,0.0958436,-0.103949,-0.120917,0.0922061
-0.091164,0.0970406,-0.103833,-0.123119,0.0938733
-0.0927801,0.0980819,-0.103558,-0.125121,0.0953874
-0.0942445,0.0989663,-0.103125,-0.126919,0.0967462
-0.0955553,0.0996927,-0.102534,-0.12851,0.0979479
-0.0967106,0.10026,-0.101787,-0.129894,0.0989909
-0.0977089,0.100668,-0.100885,-0.131068,0.0998737
-0.0985488,0.100916,-0.0998295,-0.13203,0.100595
-0.0992293,0.101003,-0.0986225,-0.132779,0.101155
-0.0997496,0.100931,-0.0972662,-0.133314,0.101552
-0.100109,0.100699,-0.0957629,-0.133636,0.101786
-0.100307,0.100309,-0.0941152,-0.133744,0.101857
-0.100345,0.0997602,-0.0923259,-0.133637,0.101765
-0.100221,0.0990547,-0.0903978,-0.133317,0.101511
-0.0999373,0.0981938,-0.0883343,-0.132785,0.101095
-0.0994938,0.097179,-0.0861388,-0.132041,0.100518
-0.0988916,0.0960123,-0.0838147,-0.131088,0.0997815
-0.098132,0.0946957,-0.081366,-0.129926,0.0988872
-0.0972164,0.0932315,-0.0787965,-0.128559,0.0978365
-0.0961467,0.0916224,-0.0761105,-0.126989,0.0966314
-0.0949248,0.0898711,-0.0733123,-0.125219,0.0952742
-0.0935529,0.0879806,-0.0704063,-0.123251,0.0937673
-0.0920335,0.0859542,-0.0673972,-0.12109,0.0921133
-0.0903692,0.0837952,-0.0642898,-0.118739,0.0903151
-0.088563,0.0815074,-0.061089,-0.116203,0.0883759
-0.0866181,0.0790945,-0.0577999,-0.113484,0.0862991
-0.0845377,0.0765606,-0.0544278,-0.11059,0.0840881
-0.0823254,0.0739099,-0.0509779,-0.107523,0.0817468
-0.0799851,0.0711467,-0.0474556,-0.10429,0.0792791
-0.0775205,0.0682757,-0.0438666,-0.100895,0.0766892
-0.074936,0.0653015,-0.0402164,-0.0973455,0.0739814
-0.0722359,0.062229,-0.0365107,-0.093646,0.0711602
-0.0694246,0.0590632,-0.0327555,-0.0898031,0.0682305
-0.0665069,0.0558093,-0.0289564,-0.0858232,0.0651969
-0.0634876,0.0524726,-0.0251194,-0.0817128,0.0620647
-0.0603717,0.0490585,-0.0212506,-0.0774787,0.0588388
-0.0571643,0.0455725,-0.0173558,-0.073128,0.0555246
-0.0538708,0.0420202,-0.0134412,-0.0686676,0.0521277
-0.0504966,0.0384075,-0.00951275,-0.064105,0.0486534
-0.0470471,0.0347399,-0.0055766,-0.0594476,0.0451076
-0.0435281,0.0310236,-0.00163878,-0.0547029,0.0414959
-0.0399452,0.0272644,0.00229463,-0.0498787,0.0378243
-0.0363044,0.0234683,0.00621757,-0.0449829,0.0340988
-0.0326114,0.0196414,0.010124,-0.0400232,0.0303252
-0.0288725,0.0157898,0.014008,-0.0350079,0.0265099
-0.0250935,0.0119196,0.0178636,-0.0299449,0.0226589
-0.0212806,0.00803698,0.0216848,-0.0248425,0.0187783
-0.01744,0.0041481,0.0254659,-0.0197088,0.0148746
-0.0135778,0.00025912,0.0292011,-0.014552,0.0109538
-0.00970021,-0.00362382,0.0328847,-0.00938054,0.0070224
-0.00581355,-0.0074946,0.0365111,-0.00420256,0.00308656
-0.001924,-0.0113471,0.0400748,0.000973629,-0.000847401
0.00196222,-0.0151753,0.0435704,0.00613977,-0.00477322
0.00583888,-0.0189731,0.0469926,0.0112876,-0.00868464
0.00969981,-0.0227346,0.0503364,0.016409,-0.0125755
0.0135389,-0.0264539,0.0535965,0.0214958,-0.0164395
0.0173499,-0.0301252,0.0567682,0.02654,-0.0202706
0.021127,-0.0337428,0.0598467,0.0315335,-0.0240628
0.024864,-0.037301,0.0628274,0.0364685,-0.0278101
0.0285551,-0.0407942,0.0657059,0.0413372,-0.0315065
0.0321944,-0.0442172,0.0684778,0.046132,-0.0351463
0.0357762,-0.0475645,0.0711391,0.0508452,-0.0387238
0.039295,-0.050831,0.0736858,0.0554696,-0.0422333
0.042745,-0.0540117,0.0761141,0.0599978,-0.0456694
0.046121,-0.0571016,0.0784206,0.0644228,-0.0490267
0.0494177,-0.0600961,0.0806019,0.0687378,-0.0523
0.0526299,-0.0629904,0.0826547,0.072936,-0.0554842
0.0557526,-0.0657803,0.0845761,0.0770108,-0.0585744
0.0587809,-0.0684614,0.0863634,0.080956,-0.0615658
0.0617103,-0.0710298,0.0880139,0.0847656,-0.0644538
0.0645361,-0.0734814,0.0895254,0.0884335,-0.067234
0.067254,-0.0758126,0.0908958,0.0919543,-0.0699022
0.0698598,-0.07802,0.0921231,0.0953224,-0.0724541
0.0723496,-0.0801001,0.0932057,0.0985329,-0.0748861
0.0747195,-0.08205,0.0941421,0.101581,-0.0771943
0.0769659,-0.0838667,0.0949311,0.104461,-0.0793754
0.0790855,-0.0855475,0.0955717,0.107171,-0.081426
0.0810751,-0.0870901,0.0960632,0.109704,-0.0833431
0.0829316,-0.0884922,0.096405,0.112058,-0.0851238
0.0846524,-0.0897517,0.0965968,0.11423,-0.0867656
0.0862348,-0.090867,0.0966386,0.116215,-0.0882661
0.0876767,-0.0918365,0.0965305,0.118012,-0.089623
0.0889758,-0.0926588,0.096273,0.119617,-0.0908345
0.0901304,-0.0933329,0.0958666,0.121028,-0.0918989
0.0911388,-0.093858,0.0953122,0.122243,-0.0928146
0.0919996,-0.0942334,0.0946109,0.123262,-0.0935806
0.0927117,-0.0944588,0.0937641,0.124082,-0.0941957
0.0932742,-0.0945341,0.0927732,0.124702,-0.0946593
0.0936865,-0.0944593,0.09164,0.125121,-0.094971
0.093948,-0.0942349,0.0903665,0.125341,-0.0951303
0.0940587,-0.0938614,0.0889548,0.125359,-0.0951373
0.0940185,-0.0933396,0.0874074,0.125177,-0.0949923
0.0938278,-0.0926705,0.0857269,0.124795,-0.0946958
0.0934871,-0.0918556,0.083916,0.124214,-0.0942484
0.0929972,-0.0908962,0.0819778,0.123436,-0.0936511
0.0923591,-0.0897941,0.0799154,0.122461,-0.0929051
0.0915741,-0.0885513,0.0777323,0.121293,-0.0920118
0.0906436,-0.08717,0.075432,0.119932,-0.0909729
0.0895693,-0.0856525,0.0730183,0.118381,-0.0897902
0.0883532,-0.0840014,0.070495,0.116644,-0.088466
0.0869975,-0.0822197,0.0678663,0.114723,-0.0870025
0.0855045,-0.0803102,0.0651364,0.112621,-0.0854022
0.0838768,-0.0782763,0.0623096,0.110342,-0.0836681
0.0821173,-0.0761212,0.0593905,0.107891,-0.0818029
0.0802289,-0.0738487,0.0563838,0.105271,-0.07981
0.0782149,-0.0714625,0.0532942,0.102486,-0.0776927
0.0760787,-0.0689665,0.0501266,0.0995417,-0.0754545
0.0738239,-0.0663649,0.0468862,0.0964428,-0.0730993
0.0714542,-0.0636619,0.043578,0.0931943,-0.0706309
0.0689737,-0.060862,0.0402072,0.0898018,-0.0680536
0.0663864,-0.0579697,0.0367792,0.0862707,-0.0653715
0.0636967,-0.0549898,0.0332995,0.0826071,-0.0625891
0.060909,-0.0519271,0.0297733,0.0788168,-0.059711
0.058028,-0.0487866,0.0262064,0.0749063,-0.056742
0.0550583,-0.0455734,0.0226043,0.0708818,-0.0536869
0.0520049,-0.0422927,0.0189726,0.06675,-0.0505508
0.0488728,-0.0389498,0.015317,0.0625176,-0.0473387
0.045667,-0.03555,0.0116433,0.0581915,-0.044056
0.0423929,-0.0320989,0.00795712,0.0537788,-0.0407079
0.0390558,-0.028602,0.00426426,0.0492867,-0.0372999
0.035661,-0.0250648,0.000570455,0.0447224,-0.0338375
0.0322142,-0.0214932,-0.00311856,0.0400933,-0.0303264
0.0287209,-0.0178927,-0.00679707,0.035407,-0.0267722
0.0251868,-0.0142691,-0.0104594,0.030671,-0.0231806
0.0216175,-0.0106282,-0.0140998,0.0258928,-0.0195575
0.0180188,-0.00697578,-0.0177127,0.0210803,-0.0159087
0.0143966,-0.00331768,-0.0212926,0.0162411,-0.01224
0.0107567,0.00034032,-0.0248338,0.0113831,-0.00855732
0.00710485,0.00399242,-0.028331,0.00651387,-0.00486657
0.00344699,0.00763283,-0.0317789,0.00164137,-0.00117364
-0.000211057,0.0112558,-0.035172,-0.00322667,0.00251556
-0.00386342,0.0148556,-0.0385052,-0.00808248,0.00619517
-0.00750428,0.0184266,-0.0417734,-0.0129183,0.00985932
-0.0111278,0.0219632,-0.0449717,-0.0177265,0.0135022
-0.0147283,0.0254597,-0.0480951,-0.0224994,0.017118
-0.0182999,0.0289108,-0.0511389,-0.0272295,0.020701
-0.0218371,0.0323109,-0.0540985,-0.0319091,0.0242455
-0.0253342,0.0356549,-0.0569694,-0.0365311,0.027746
-0.0287856,0.0389374,-0.0597473,-0.041088,0.0311969
-0.032186,0.0421533,-0.0624279,-0.0455726,0.0345928
-0.03553,0.0452977,-0.0650073,-0.049978,0.0379283
-0.0388122,0.0483656,-0.0674815,-0.0542972,0.0411983
-0.0420276,0.0513524,-0.069847,-0.0585234,0.0443975
-0.045171,0.0542533,-0.0721,-0.06265,0.047521
-0.0482377,0.0570639,-0.0742374,-0.0666705,0.050564
-0.0512227,0.0597799,-0.0762559,-0.0705788,0.0535216
-0.0541214,0.0623971,-0.0781525,-0.0743687,0.0563893
-0.0569293,0.0649115,-0.0799246,-0.0780343,0.0591627
-0.059642,0.0673192,-0.0815694,-0.0815699,0.0618374
-0.0622554,0.0696166,-0.0830846,-0.0849702,0.0644093
-0.0647654,0.0718002,-0.0844681,-0.0882298,0.0668745
-0.0671681,0.0738667,-0.0857178,-0.0913438,0.0692292
-0.0694599,0.0758129,-0.0868321,-0.0943073,0.0714699
-0.0716372,0.077636,-0.0878093,-0.0971159,0.073593
-0.0736967,0.0793333,-0.0886481,-0.0997653,0.0755953
-0.0756353,0.0809021,-0.0893475,-0.102251,0.077474
-0.07745,0.0823402,-0.0899064,-0.104571,0.0792261
-0.0791382,0.0836455,-0.0903243,-0.10672,0.080849
-0.0806973,0.0848162,-0.0906007,-0.108695,0.0823403
-0.082125,0.0858505,-0.0907354,-0.110493,0.0836978
-0.0834192,0.086747,-0.0907283,-0.112113,0.0849197
-0.084578,0.0875044,-0.0905796,-0.113551,0.086004
-0.0855997,0.0881218,-0.0902898,-0.114806,0.0869493
-0.086483,0.0885984,-0.0898595,-0.115875,0.0877542
-0.0872266,0.0889336,-0.0892896,-0.116757,0.0884177
-0.0878294,0.089127,-0.0885812,-0.117452,0.088939
-0.0882908,0.0891786,-0.0877355,-0.117958,0.0893174
-0.0886102,0.0890885,-0.0867541,-0.118274,0.0895524
-0.0887872,0.0888569,-0.0856386,-0.118402,0.089644
-0.0888219,0.0884846,-0.0843911,-0.118339,0.0895922
-0.0887142,0.0879721,-0.0830135,-0.118088,0.0893972
-0.0884647,0.0873206,-0.0815083,-0.117648,0.0890596
-0.0880738,0.0865313,-0.079878,-0.11702,0.0885802
-0.0875425,0.0856056,-0.0781253,-0.116207,0.0879598
-0.0868718,0.0845452,-0.076253,-0.115209,0.0871998
-0.0860628,0.0833519,-0.0742643,-0.114027,0.0863014
-0.0851172,0.0820278,-0.0721624,-0.112666,0.0852664
-0.0840366,0.0805752,-0.0699507,-0.111126,0.0840965
-0.0828228,0.0789965,-0.0676329,-0.10941,0.0827939
-0.0814782,0.0772945,-0.0652127,-0.107522,0.0813607
-0.0800049,0.075472,-0.062694,-0.105464,0.0797996
-0.0784055,0.0735321,-0.0600809,-0.103241,0.078113
-0.0766827,0.0714779,-0.0573776,-0.100856,0.076304
-0.0748395,0.069313,-0.0545884,-0.0983122,0.0743756
-0.072879,0.0670408,-0.0517178,-0.0956151,0.0723309
-0.0708044,0.0646652,-0.0487704,-0.0927687,0.0701735
-0.0686193,0.06219,-0.0457508,-0.0897779,0.0679069
-0.0663273,0.0596194,-0.042664,-0.0866475,0.065535
-0.0639321,0.0569574,-0.0395147,-0.0833828,0.0630615
-0.0614378,0.0542086,-0.036308,-0.0799892,0.0604908
-0.0588485,0.0513772,-0.0330491,-0.0764722,0.0578268
-0.0561684,0.0484681,-0.0297429,-0.0728377,0.0550742
-0.053402,0.0454858,-0.0263948,-0.0690916,0.0522373
-0.0505538,0.0424352,-0.0230101,-0.06524,0.0493208
-0.0476284,0.0393212,-0.019594,-0.0612892,0.0463295
-0.0446307,0.0361489,-0.016152,-0.0572457,0.0432683
-0.0415656,0.0329234,-0.0126894,-0.0531161,0.0401421
-0.0384379,0.0296498,-0.00921178,-0.048907,0.036956
-0.0352529,0.0263335,-0.00572448,-0.0446253,0.0337152
-0.0320157,0.0229797,-0.00223299,-0.0402779,0.030425
-0.0287315,0.0195938,0.00125724,-0.0358718,0.0270906
-0.0254056,0.0161813,0.00474075,-0.0314143,0.0237175
-0.0220435,0.0127476,0.0082121,-0.0269123,0.020311
-0.0186505,0.00929809,0.0116659,-0.0223733,0.0168767
-0.0152322,0.00583839,0.0150967,-0.0178044,0.0134201
-0.0117939,0.00237396,0.0184993,-0.0132131,0.00994676
-0.00834127,-0.00108968,0.0218684,-0.00860662,0.0064622
-0.00487982,-0.00454704,0.0251987,-0.00399245,0.00297202
-0.00141511,-0.00799263,0.028485,0.000622085,-0.00051819
0.00204734,-0.011421,0.0317224,0.0052296,-0.00400287
0.00550198,-0.0148267,0.0349057,0.00982276,-0.00747645
0.0089433,-0.0182045,0.0380302,0.0143942,-0.0109334
0.0123658,-0.0215488,0.0410909,0.0189367,-0.0143683
0.0157641,-0.0248546,0.0440832,0.0234431,-0.0177755
0.0191327,-0.0281165,0.0470025,0.0279061,-0.0211498
0.0224663,-0.0313295,0.0498444,0.0323188,-0.0244858
0.0257595,-0.0344885,0.0526044,0.036674,-0.0277781
0.0290073,-0.0375886,0.0552784,0.040965,-0.0310217
0.0322045,-0.0406249,0.0578623,0.045185,-0.0342114
0.0353459,-0.0435927,0.0603521,0.0493273,-0.0373421
0.0384267,-0.0464873,0.0627442,0.0533854,-0.040409
0.0414421,-0.0493043,0.0650348,0.057353,-0.0434072
0.0443872,-0.0520393,0.0672206,0.0612238,-0.046332
0.0472574,-0.054688,0.0692982,0.0649917,-0.049179
0.0500483,-0.0572464,0.0712645,0.0686509,-0.0519435
0.0527555,-0.0597104,0.0731167,0.0721957,-0.0546214
0.0553748,-0.0620764,0.0748518,0.0756205,-0.0572084
0.057902,-0.0643406,0.0764675,0.0789201,-0.0597006
0.0603334,-0.0664996,0.0779612,0.0820893,-0.062094
0.0626651,-0.06855,0.0793309,0.0851232,-0.0643851
0.0648934,-0.0704889,0.0805745,0.0880171,-0.0665702
0.0670151,-0.0723132,0.0816903,0.0907667,-0.068646
0.0690267,-0.0740202,0.0826766,0.0933677,-0.0706094
0.0709253,-0.0756073,0.0835321,0.0958162,-0.0724574
0.072708,-0.0770722,0.0842556,0.0981083,-0.0741871
0.074372,-0.0784126,0.0848461,0.100241,-0.075796
0.0759148,-0.0796266,0.0853029,0.10221,-0.0772816
0.0773341,-0.0807125,0.0856255,0.104014,-0.0786417
0.0786279,-0.0816686,0.0858134,0.105649,-0.0798744
0.0797942,-0.0824936,0.0858666,0.107113,-0.0809777
0.0808312,-0.0831864,0.0857852,0.108404,-0.0819502
0.0817376,-0.083746,0.0855695,0.10952,-0.0827905
0.0825119,-0.0841717,0.0852199,0.110459,-0.0834973
0.0831532,-0.084463,0.0847371,0.111221,-0.0840697
0.0836606,-0.0846196,0.0841222,0.111804,-0.0845069
0.0840334,-0.0846414,0.0833762,0.112208,-0.0848086
0.0842713,-0.0845285,0.0825005,0.112431,-0.0849742
0.0843739,-0.0842813,0.0814965,0.112475,-0.0850038
0.0843414,-0.0839004,0.0803661,0.112339,-0.0848975
0.0841738,-0.0833864,0.0791111,0.112023,-0.0846555
0.0838718,-0.0827405,0.0777337,0.111528,-0.0842786
0.0834358,-0.0819638,0.0762361,0.110856,-0.0837674
0.0828668,-0.0810576,0.074621,0.110008,-0.0831229
0.0821659,-0.0800236,0.0728909,0.108985,-0.0823464
0.0813343,-0.0788636,0.0710487,0.107788,-0.0814392
0.0803735,-0.0775795,0.0690975,0.106421,-0.0804029
0.0792853,-0.0761737,0.0670403,0.104885,-0.0792394
0.0780715,-0.0746483,0.0648807,0.103184,-0.0779507
0.0767342,-0.0730061,0.062622,0.10132,-0.076539
0.0752757,-0.0712498,0.0602681,0.0992957,-0.0750068
0.0736985,-0.0693822,0.0578225,0.0971154,-0.0733565
0.0720053,-0.0674065,0.0552894,0.0947825,-0.071591
0.0701988,-0.0653261,0.0526728,0.092301,-0.0697133
0.0682823,-0.0631442,0.0499769,0.0896749,-0.0677265
0.0662587,-0.0608645,0.047206,0.0869086,-0.0656339
0.0641316,-0.0584907,0.0443645,0.0840068,-0.063439
0.0619044,-0.0560268,0.0414571,0.0809741,-0.0611454
0.0595808,-0.0534767,0.0384883,0.0778157,-0.0587569
0.0571647,-0.0508446,0.0354628,0.0745367,-0.0562774
0.05466,-0.0481348,0.0323856,0.0711426,-0.053711
0.0520708,-0.0453517,0.0292615,0.0676388,-0.0510619
0.0494015,-0.0424998,0.0260954,0.064031,-0.0483345
0.0466563,-0.0395837,0.0228923,0.0603253,-0.0455332
0.0438397,-0.0366081,0.0196574,0.0565276,-0.0426625
0.0409564,-0.0335778,0.0163958,0.0526441,-0.0397272
0.038011,-0.0304978,0.0131125,0.0486811,-0.0367319
0.0350082,-0.0273729,0.00981286,0.0446451,-0.0336816
0.0319531,-0.0242081,0.00650197,0.0405425,-0.0305812
0.0288505,-0.0210086,0.00318508,0.03638,-0.0274357
0.0257055,-0.0177796,-0.000132596,0.0321644,-0.0242502
0.022523,-0.014526,-0.00344585,0.0279023,-0.0210298
0.0193084,-0.0112532,-0.00674949,0.0236008,-0.0177797
0.0160666,-0.00796641,-0.0100383,0.0192667,-0.0145051
0.0128031,-0.00467082,-0.0133072,0.0149069,-0.0112113
0.00952293,-0.00137168,-0.0165511,0.0105285,-0.00790362
0.00623145,0.00192574,-0.0197648,0.00613847,-0.00458727
0.00293392,0.0052162,-0.0229433,0.00174386,-0.0012676
-0.000364381,0.00849449,-0.0260818,-0.00264831,0.0020501
-0.00365817,0.0117554,-0.0291753,-0.00703103,0.00536052
-0.00694219,0.0149938,-0.032219,-0.0113973,0.00865839
-0.0102112,0.0182045,-0.0352082,-0.0157402,0.0119385
-0.01346,0.0213825,-0.0381383,-0.0200528,0.0151955
-0.0166834,0.0245228,-0.0410047,-0.0243282,0.0184244
-0.0198762,0.0276204,-0.0438029,-0.0285596,0.0216199
-0.0230335,0.0306704,-0.0465287,-0.0327404,0.0247771
-0.0261502,0.033668,-0.0491779,-0.036864,0.0278909
-0.0292213,0.0366086,-0.0517463,-0.0409237,0.0309564
-0.032242,0.0394876,-0.0542301,-0.0449132,0.0339689
-0.0352076,0.0423003,-0.0566254,-0.0488262,0.0369234
-0.0381133,0.0450425,-0.0589285,-0.0526565,0.0398154
-0.0409546,0.0477099,-0.061136,-0.0563982,0.0426404
-0.043727,0.0502983,-0.0632445,-0.0600453,0.0453938
-0.0464262,0.0528036,-0.0652507,-0.0635921,0.0480715
-0.0490479,0.0552221,-0.0671516,-0.067033,0.0506692
-0.0515879,0.0575499,-0.0689444,-0.0703628,0.0531829
-0.0540425,0.0597834,-0.0706263,-0.0735761,0.0556086
-0.0564076,0.0619193,-0.0721948,-0.0766681,0.0579426
-0.0586797,0.0639542,-0.0736476,-0.0796338,0.0601812
-0.0608553,0.0658851,-0.0749825,-0.0824688,0.0623211
-0.0629308,0.0677089,-0.0761975,-0.0851685,0.0643589
-0.0649032,0.0694229,-0.0772909,-0.087729,0.0662915
-0.0667694,0.0710245,-0.078261,-0.0901462,0.0681159
-0.0685266,0.0725113,-0.0791065,-0.0924164,0.0698293
-0.070172,0.073881,-0.0798262,-0.0945361,0.0714292
-0.0717032,0.0751317,-0.080419,-0.0965023,0.0729131
-0.0731178,0.0762614,-0.0808841,-0.0983118,0.0742787
-0.0744137,0.0772685,-0.081221,-0.099962,0.0755242
-0.0755889,0.0781516,-0.0814293,-0.10145,0.0766475
-0.0766418,0.0789094,-0.0815087,-0.102775,0.0776471
-0.0775708,0.0795407,-0.0814593,-0.103933,0.0785215
-0.0783745,0.0800449,-0.0812813,-0.104924,0.0792694
-0.0790518,0.0804212,-0.080975,-0.105746,0.0798899
-0.0796018,0.0806691,-0.0805411,-0.106398,0.0803821
-0.0800237,0.0807885,-0.0799804,-0.106879,0.0807453
-0.0803169,0.0807793,-0.0792939,-0.107189,0.0809791
-0.0804812,0.0806416,-0.0784828,-0.107326,0.0810834
-0.0805165,0.0803758,-0.0775485,-0.107292,0.081058
-0.0804228,0.0799825,-0.0764925,-0.107086,0.0809033
-0.0802004,0.0794625,-0.0753167,-0.10671,0.0806195
-0.0798498,0.0788167,-0.074023,-0.106162,0.0802073
-0.0793718,0.0780463,-0.0726136,-0.105446,0.0796676
-0.0787672,0.0771527,-0.0710907,-0.104562,0.0790013
-0.0780372,0.0761375,-0.0694569,-0.103511,0.0782096
-0.0771829,0.0750024,-0.0677148,-0.102296,0.077294
-0.0762061,0.0737493,-0.0658673,-0.100919,0.0762561
-0.0751083,0.0723804,-0.0639174,-0.0993813,0.0750976
-0.0738914,0.0708981,-0.0618682,-0.0976867,0.0738207
-0.0725575,0.0693047,-0.059723,-0.0958376,0.0724273
-0.071109,0.0676029,-0.0574853,-0.0938372,0.0709201
-0.0695481,0.0657957,-0.0551586,-0.0916889,0.0693013
-0.0678776,0.063886,-0.0527468,-0.0893962,0.0675739
-0.0661002,0.0618769,-0.0502535,-0.086963,0.0657407
-0.0642189,0.0597718,-0.0476829,-0.0843933,0.0638047
-0.0622368,0.0575741,-0.0450391,-0.0816913,0.0617692
-0.0601571,0.0552874,-0.0423261,-0.0788615,0.0596375
-0.0579834,0.0529156,-0.0395484,-0.0759086,0.0574131
-0.0557192,0.0504624,-0.0367104,-0.0728374,0.0550998
-0.0533682,0.0479319,-0.0338164,-0.069653,0.0527013
-0.0509343,0.0453281,-0.0308712,-0.0663605,0.0502216
-0.0484214,0.0426554,-0.0278793,-0.0629653,0.0476647
-0.0458337,0.0399181,-0.0248455,-0.0594729,0.0450349
-0.0431753,0.0371205,-0.0217746,-0.0558891,0.0423363
-0.0404506,0.0342673,-0.0186713,-0.0522197,0.0395735
-0.037664,0.0313631,-0.0155406,-0.0484705,0.0367509
-0.03482,0.0284124,-0.0123873,-0.0446477,0.0338731
-0.0319233,0.0254202,-0.00921651,-0.0407574,0.0309447
-0.0289785,0.0223912,-0.00603305,-0.036806,0.0279706
-0.0259904,0.0193302,-0.00284192,-0.0327997,0.0249555
-0.0229638,0.0162423,0.000351881,-0.0287451,0.0219043
-0.0199035,0.0131323,0.00354338,-0.0246487,0.018822
-0.0168146,0.0100053,0.00672762,-0.020517,0.0157135
-0.0137019,0.00686627,0.00989964,-0.0163567,0.0125838
-0.0105705,0.0037202,0.0130545,-0.0121745,0.00943794
-0.00742535,0.000572148,0.0161874,-0.00797693,0.00628103
-0.00427153,-0.00257285,0.0192933,-0.00377085,0.00311812
-0.00111407,-0.00570979,0.0223676,0.000437059,-4.57167e-05
0.00204197,-0.00883366,0.0254055,0.00464009,-0.0032054
0.00519157,-0.0119395,0.0284023,0.00883155,-0.00635588
0.0083297,-0.0150223,0.0313533,0.0130048,-0.00949211
0.0114514,-0.0180773,0.0342542,0.0171531,-0.0126091
0.0145516,-0.0210995,0.0371003,0.0212699,-0.0157018
0.0176255,-0.0240842,0.0398874,0.0253488,-0.0187653
0.0206681,-0.0270266,0.0426112,0.0293832,-0.0217948
0.0236747,-0.0299221,0.0452676,0.0333668,-0.0247854
0.0266404,-0.032766,0.0478525,0.0372932,-0.0277323
0.0295607,-0.035554,0.0503621,0.0411563,-0.0306309
0.0324308,-0.0382816,0.0527924,0.04495,-0.0334766
0.0352463,-0.0409445,0.0551399,0.0486683,-0.0362649
0.0380027,-0.0435384,0.0574011,0.0523053,-0.0389913
0.0406958,-0.0460594,0.0595725,0.0558554,-0.0416515
0.0433211,-0.0485034,0.0616509,0.0593131,-0.0442413
0.0458748,-0.0508667,0.0636333,0.0626728,-0.0467567
0.0483527,-0.0531455,0.0655166,0.0659294,-0.0491936
0.050751,-0.0553362,0.0672982,0.0690777,-0.0515483
0.0530659,-0.0574354,0.0689755,0.072113,-0.053817
0.0552939,-0.0594399,0.0705459,0.0750304,-0.0559961
0.0574316,-0.0613465,0.0720073,0.0778255,-0.0580823
0.0594755,-0.0631523,0.0733576,0.080494,-0.0600723
0.0614225,-0.0648544,0.0745948,0.0830317,-0.061963
0.0632697,-0.0664503,0.0757173,0.0854347,-0.0637513
0.0650142,-0.0679374,0.0767235,0.0876995,-0.0654347
0.0666534,-0.0693135,0.077612,0.0898225,-0.0670103
0.0681847,-0.0705764,0.0783817,0.0918005,-0.0684759
0.0696059,-0.0717243,0.0790317,0.0936306,-0.0698291
0.0709148,-0.0727553,0.0795611,0.09531,-0.0710678
0.0721094,-0.073668,0.0799694,0.0968362,-0.0721902
0.0731881,-0.0744609,0.0802562,0.0982069,-0.0731945
0.0741491,-0.0751329,0.0804212,0.0994203,-0.0740793
0.0749912,-0.075683,0.0804646,0.100474,-0.0748431
0.075713,-0.0761104,0.0803865,0.101368,-0.0754849
0.0763137,-0.0764144,0.0801872,0.1021,-0.0760037
0.0767923,-0.0765948,0.0798674,0.102668,-0.0763988
0.0771484,-0.0766512,0.0794278,0.103074,-0.0766696
0.0773814,-0.0765836,0.0788695,0.103315,-0.0768157
0.0774912,-0.0763924,0.0781935,0.103392,-0.0768371
0.0774777,-0.0760777,0.0774013,0.103305,-0.0767338
0.0773411,-0.0756403,0.0764942,0.103054,-0.0765059
0.0770818,-0.0750808,0.0754742,0.102641,-0.076154
0.0767003,-0.0744003,0.074343,0.102065,-0.0756786
0.0761975,-0.0735998,0.0731027,0.101327,-0.0750807
0.0755742,-0.0726807,0.0717556,0.100431,-0.0743612
0.0748317,-0.0716446,0.070304,0.0993757,-0.0735214
0.0739713,-0.0704932,0.0687507,0.0981646,-0.0725626
0.0729945,-0.0692282,0.0670982,0.0967995,-0.0714864
0.0719031,-0.0678519,0.0653495,0.0952828,-0.0702947
0.0706988,-0.0663664,0.0635077,0.0936171,-0.0689893
0.0693839,-0.0647741,0.0615759,0.0918053,-0.0675725
0.0679606,-0.0630776,0.0595575,0.0898504,-0.0660465
0.0664312,-0.0612797,0.057456,0.0877559,-0.0644137
0.0647985,-0.0593832,0.055275,0.0855252,-0.0626769
0.063065,-0.0573912,0.0530182,0.0831622,-0.0608389
0.0612339,-0.0553069,0.0506895,0.0806707,-0.0589026
0.0593081,-0.0531335,0.0482929,0.078055,-0.0568711
0.0572909,-0.0508747,0.0458323,0.0753194,-0.0547477
0.0551856,-0.0485338,0.0433121,0.0724686,-0.0525357
0.0529957,-0.0461148,0.0407365,0.0695072,-0.0502388
0.0507249,-0.0436214,0.0381099,0.0664401,-0.0478606
0.0483769,-0.0410576,0.0354366,0.0632725,-0.0454049
0.0459557,-0.0384274,0.0327213,0.0600096,-0.0428755
0.0434652,-0.035735,0.0299685,0.0566568,-0.0402766
0.0409095,-0.0329846,0.0271828,0.0532196,-0.0376122
0.0382929,-0.0301806,0.024369,0.0497036,-0.0348865
0.0356196,-0.0273275,0.0215318,0.0461147,-0.032104
0.032894,-0.0244296,0.0186759,0.0424587,-0.0292689
0.0301207,-0.0214915,0.0158063,0.0387417,-0.0263857
0.0273041,-0.0185179,0.0129277,0.0349696,-0.0234591
0.0244489,-0.0155134,0.0100449,0.0311488,-0.0204935
0.0215597,-0.0124827,0.00716292,0.0272855,-0.0174937
0.0186413,-0.00943047,0.0042865,0.0233859,-0.0144643
0.0156984,-0.00636155,0.00142052,0.0194564,-0.0114101
0.0127359,-0.00328071,-0.00143019,0.0155035,-0.00833598
0.00975852,-0.000192714,-0.00426081,0.0115337,-0.0052466
0.00677117,0.00289763,-0.00706657,0.00755322,-0.00214683
0.0037787,0.00598554,-0.00984272,0.00356875,0.000958505
0.000785992,0.00906624,-0.0125846,-0.000413297,0.00406458
-0.0022021,0.012135,-0.0152875,-0.00438643,0.00716656
-0.00518071,0.015187,-0.0179468,-0.00834418,0.0102596
-0.00814499,0.0182176,-0.0205581,-0.0122801,0.0133391
-0.0110901,0.0212222,-0.0231169,-0.0161879,0.0164
-0.0140114,0.0241961,-0.0256188,-0.0200611,0.0194379
-0.016904,0.0271348,-0.0280595,-0.0238935,0.0224479
-0.0197632,0.0300339,-0.0304349,-0.0276788,0.0254254
-0.0225844,0.0328888,-0.0327409,-0.0314109,0.028366
-0.0253631,0.0356953,-0.0349735,-0.0350838,0.0312651
-0.0280947,0.0384491,-0.0371288,-0.0386914,0.0341183
-0.0307748,0.0411461,-0.0392031,-0.0422281,0.0369212
-0.033399,0.0437822,-0.0411928,-0.0456879,0.0396697
-0.0359632,0.0463534,-0.0430943,-0.0490653,0.0423595
-0.0384631,0.0488559,-0.0449043,-0.0523548,0.0449866
-0.0408948,0.051286,-0.0466196,-0.0555512,0.0475471
-0.0432542,0.0536401,-0.0482371,-0.0586491,0.0500371
-0.0455375,0.0559146,-0.0497539,-0.0616436,0.052453
-0.047741,0.0581064,-0.0511672,-0.0645298,0.0547911
-0.0498612,0.0602121,-0.0524744,-0.067303,0.057048
-0.0518947,0.0622287,-0.0536731,-0.0699588,0.0592204
-0.053838,0.0641533,-0.0547609,-0.0724927,0.0613052
-0.0556881,0.0659832,-0.0557358,-0.0749008,0.0632993
-0.057442,0.0677157,-0.0565958,-0.077179,0.0651998
-0.0590967,0.0693485,-0.0573391,-0.0793236,0.0670041
-0.0606497,0.0708792,-0.0579641,-0.0813311,0.0687096
-0.0620983,0.0723058,-0.0584695,-0.0831983,0.0703139
-0.0634402,0.0736263,-0.058854,-0.084922,0.0718147
-0.0646732,0.074839,-0.0591165,-0.0864995,0.0732102
-0.0657952,0.0759423,-0.0592562,-0.0879281,0.0744983
-0.0668044,0.0769349,-0.0592724,-0.0892055,0.0756774
-0.0676992,0.0778155,-0.0591647,-0.0903295,0.076746
-0.068478,0.0785832,-0.0589326,-0.0912982,0.0777028
-0.0691395,0.079237,-0.0585762,-0.09211,0.0785467
-0.0696826,0.0797764,-0.0580954,-0.0927635,0.0792766
-0.0701064,0.0802008,-0.0574906,-0.0932575,0.0798918
-0.07041,0.0805101,-0.0567621,-0.0935911,0.0803918
-0.070593,0.0807041,-0.0559107,-0.0937637,0.0807762
-0.0706549,0.0807829,-0.054937,-0.0937749,0.0810448
-0.0705956,0.0807469,-0.0538422,-0.0936245,0.0811976
-0.070415,0.0805966,-0.0526275,-0.0933126,0.0812347
-0.0701134,0.0803325,-0.051294,-0.0928396,0.0811566
-0.0696911,0.0799557,-0.0498435,-0.0922061,0.0809639
-0.0691487,0.0794671,-0.0482776,-0.0914129,0.0806573
-0.068487,0.078868,-0.0465981,-0.0904612,0.0802377
-0.0677069,0.0781597,-0.0448072,-0.0893523,0.0797063
-0.0668094,0.0773439,-0.042907,-0.0880877,0.0790644
-0.065796,0.0764224,-0.0409,-0.0866694,0.0783135
-0.064668,0.0753971,-0.0387886,-0.0850993,0.0774554
-0.0634272,0.0742701,-0.0365755,-0.0833798,0.0764918
-0.0620753,0.0730437,-0.0342636,-0.0815134,0.0754248
-0.0606144,0.0717203,-0.0318557,-0.0795029,0.0742566
-0.0590467,0.0703026,-0.0293552,-0.0773512,0.0729895
-0.0573744,0.0687933,-0.0267651,-0.0750616,0.0716262
-0.0556,0.0671953,-0.0240889,-0.0726373,0.0701693
-0.0537263,0.0655117,-0.02133,-0.0700821,0.0686216
-0.0517559,0.0637457,-0.0184921,-0.0673997,0.0669861
-0.0496918,0.0619006,-0.0155788,-0.0645941,0.0652661
-0.0475371,0.0599799,-0.0125941,-0.0616695,0.0634647
-0.0452951,0.0579871,-0.00954188,-0.0586302,0.0615854
-0.0429689,0.0559261,-0.00642609,-0.0554807,0.0596317
-0.0405622,0.0538005,-0.00325087,-0.0522258,0.0576074
-0.0380785,0.0516144,-2.04099e-05,-0.0488703,0.0555161
-0.0355215,0.0493718,0.00326103,-0.0454192,0.0533618
-0.0328949,0.0470767,0.00658912,-0.0418775,0.0511486
-0.0302028,0.0447335,0.00995947,-0.0382506,0.0488804
-0.0274491,0.0423464,0.0133677,-0.0345438,0.0465616
-0.0246378,0.0399198,0.0168092,-0.0307626,0.0441963
-0.0217732,0.0374582,0.0202796,-0.0269126,0.0417891
-0.0188595,0.034966,0.0237742,-0.0229995,0.0393442
-0.015901,0.0324478,0.0272885,-0.0190291,0.0368662
-0.012902,0.0299082,0.030818,-0.0150072,0.0343596
-0.00986707,0.0273518,0.0343579,-0.0109397,0.0318291
-0.00680053,0.0247833,0.0379037,-0.00683258,0.0292794
-0.00370692,0.0222075,0.0414509,-0.0026919,0.026715
-0.000590785,0.019629,0.0449947,0.00147632,0.0241407
0.00254333,0.0170526,0.0485308,0.00566598,0.0215614
0.00569086,0.0144829,0.0520544,0.00987099,0.0189816
0.00884722,0.0119248,0.0555611,0.0140852,0.0164062
0.0120078,0.00938283,0.0590465,0.0183026,0.01384
0.0151681,0.00686182,0.0625061,0.0225171,0.0112876
0.0183235,0.00436639,0.0659356,0.0267225,0.00875382
0.0214696,0.00190117,0.0693307,0.0309128,0.00624339
0.0246017,-0.000529262,0.0726871,0.0350821,0.00376097
0.0277154,-0.00292036,0.0760006,0.0392244,0.00131119
0.0308063,-0.00526763,0.0792673,0.0433339,-0.00110135
0.03387,-0.00756667,0.0824832,0.0474046,-0.00347211
0.0369022,-0.00981312,0.0856442,0.0514309,-0.0057966
0.0398987,-0.0120027,0.0887467,0.0554072,-0.0080704
0.0428552,-0.0141312,0.091787,0.0593278,-0.0102892
0.0457676,-0.0161946,0.0947614,0.0631874,-0.0124487
0.048632,-0.0181888,0.0976666,0.0669806,-0.0145447
0.0514444,-0.02011,0.100499,0.0707023,-0.0165733
0.054201,-0.0219543,0.103256,0.0743474,-0.0185302
0.056898,-0.0237181,0.105934,0.0779109,-0.0204119
0.0595319,-0.0253977,0.10853,0.0813881,-0.0222143
0.0620991,-0.0269899,0.111041,0.0847744,-0.023934
0.0645963,-0.0284912,0.113465,0.0880653,-0.0255673
0.0670202,-0.0298985,0.115799,0.0912566,-0.0271109
0.0693677,-0.0312087,0.118042,0.0943441,-0.0285616
0.0716358,-0.0324191,0.120189,0.0973239,-0.0299161
0.0738216,-0.0335268,0.122241,0.100192,-0.0311717
0.0759226,-0.0345292,0.124194,0.102946,-0.0323253
0.0779361,-0.035424,0.126047,0.105581,-0.0333744
0.0798597,-0.0362089,0.127799,0.108095,-0.0343164
0.0816912,-0.0368818,0.129448,0.110485,-0.035149
0.0834286,-0.0374407,0.130993,0.112747,-0.0358699
0.0850699,-0.0378839,0.132433,0.11488,-0.0364772
0.0866134,-0.0382098,0.133767,0.116882,-0.036969
0.0880576,-0.038417,0.134994,0.11875,-0.0373437
0.0894011,-0.0385043,0.136114,0.120482,-0.0375997
0.0906426,-0.0384706,0.137127,0.122078,-0.0377356
0.0917811,-0.038315,0.138032,0.123535,-0.0377504
0.0928158,-0.0380368,0.13883,0.124852,-0.0376431
0.093746,-0.0376356,0.13952,0.12603,-0.0374129
0.0945712,-0.037111,0.140104,0.127066,-0.0370591
0.095291,-0.0364628,0.140581,0.127962,-0.0365815
0.0959055,-0.0356911,0.140953,0.128716,-0.0359797
0.0964145,-0.0347962,0.14122,0.129329,-0.0352537
0.0968184,-0.0337783,0.141383,0.129802,-0.0344037
0.0971176,-0.0326382,0.141444,0.130134,-0.0334299
0.0973127,-0.0313766,0.141404,0.130327,-0.0323329
0.0974045,-0.0299944,0.141264,0.130383,-0.0311133
0.097394,-0.0284927,0.141027,0.130301,-0.0297721
0.0972822,-0.0268729,0.140694,0.130084,-0.0283103
0.0970705,-0.0251364,0.140268,0.129734,-0.0267291
0.0967605,-0.0232849,0.13975,0.129253,-0.0250299
0.0963537,-0.0213202,0.139142,0.128643,-0.0232143
0.095852,-0.0192442,0.138449,0.127906,-0.0212841
0.0952575,-0.0170591,0.137671,0.127045,-0.0192411
0.0945723,-0.0147673,0.136811,0.126064,-0.0170875
0.0937986,-0.012371,0.135874,0.124965,-0.0148255
0.0929391,-0.00987304,0.134861,0.123751,-0.0124574
0.0919963,-0.00727604,0.133776,0.122427,-0.00998586
0.090973,-0.00458293,0.132621,0.120996,-0.00741356
0.0898721,-0.00179672,0.131401,0.119462,-0.00474335
0.0886968,0.00107942,0.130119,0.117829,-0.00197819
0.0874501,0.00404221,0.128779,0.116101,0.000878776
0.0861355,0.00708825,0.127383,0.114283,0.00382431
0.0847563,0.010214,0.125936,0.11238,0.00685504
0.0833161,0.0134159,0.124441,0.110395,0.00996746
0.0818187,0.0166901,0.122903,0.108335,0.013158
0.0802677,0.0200329,0.121326,0.106204,0.0164229
0.0786672,0.0234402,0.119712,0.104007,0.0197583
0.0770209,0.0269082,0.118067,0.10175,0.0231604
0.0753331,0.0304326,0.116395,0.0994385,0.0266251
0.0736079,0.0340094,0.114699,0.0970773,0.0301484
0.0718494,0.0376343,0.112984,0.0946723,0.0337261
0.0700621,0.0413031,0.111254,0.0922293,0.037354
0.0682501,0.0450113,0.109513,0.089754,0.0410278
0.0664179,0.0487546,0.107766,0.0872524,0.044743
0.0645701,0.0525285,0.106016,0.0847303,0.0484954
0.0627109,0.0563287,0.104268,0.0821937,0.0522805
0.0608451,0.0601506,0.102526,0.0796486,0.0560938
0.0589771,0.0639897,0.100794,0.077101,0.0599309
0.0571114,0.0678416,0.0990771,0.0745571,0.0637871
0.0552528,0.0717016,0.0973783,0.0720228,0.067658
0.0534056,0.0755654,0.0957022,0.0695042,0.0715389
0.0515746,0.0794283,0.0940527,0.0670074,0.0754255
0.0497643,0.0832859,0.0924338,0.0645384,0.079313
0.0479792,0.0871338,0.0908496,0.0621033,0.0831971
0.0462238,0.0909676,0.0893038,0.0597079,0.0870732
0.0445027,0.0947827,0.0878002,0.0573583,0.0909368
0.0428203,0.098575,0.0863427,0.0550604,0.0947835
0.0411809,0.10234,0.0849347,0.0528198,0.0986089
0.039589,0.106074,0.0835798,0.0506424,0.102409
0.0380487,0.109772,0.0822816,0.0485338,0.106179
0.0365645,0.11343,0.0810432,0.0464996,0.109914
0.0351403,0.117045,0.0798681,0.0445451,0.113612
0.0337802,0.120612,0.0787592,0.0426759,0.117267
0.0324883,0.124127,0.0777196,0.0408969,0.120876
0.0312683,0.127588,0.0767522,0.0392135,0.124434
0.0301242,0.130989,0.0758596,0.0376305,0.127938
0.0290595,0.134329,0.0750447,0.0361527,0.131385
0.0280778,0.137602,0.0743097,0.0347848,0.13477
0.0271827,0.140806,0.073657,0.0335314,0.13809
0.0263773,0.143938,0.0730889,0.0323967,0.141342
0.0256649,0.146995,0.0726073,0.0313849,0.144523
0.0250486,0.149973,0.0722142,0.0305001,0.147629
0.0245313,0.15287,0.0719113,0.0297459,0.150657
0.0241157,0.155684,0.0717002,0.0291261,0.153605
0.0238046,0.158411,0.0715822,0.028644,0.156469
0.0236003,0.16105,0.0715586,0.0283029,0.159248
0.0235053,0.163598,0.0716305,0.0281058,0.161938
0.0235217,0.166053,0.0717987,0.0280553,0.164538
0.0236515,0.168413,0.0720641,0.0281542,0.167045
0.0238965,0.170677,0.0724272,0.0284048,0.169458
0.0242585,0.172843,0.0728883,0.0288092,0.171774
0.0247388,0.17491,0.0734477,0.0293692,0.173992
0.025339,0.176876,0.0741055,0.0300867,0.176111
0.02606,0.17874,0.0748614,0.0309629,0.178128
0.0269029,0.180502,0.0757152,0.0319991,0.180044
0.0278685,0.18216,0.0766663,0.0331962,0.181857
0.0289575,0.183715,0.0777142,0.034555,0.183566
0.0301701,0.185165,0.078858,0.0360759,0.18517
0.0315067,0.186511,0.0800966,0.0377591,0.186669
0.0329674,0.187752,0.081429,0.0396047,0.188064
0.034552,0.188888,0.0828537,0.0416124,0.189353
0.0362602,0.189921,0.0843692,0.0437816,0.190537
0.0380916,0.19085,0.0859738,0.0461118,0.191615
0.0400456,0.191676,0.0876658,0.0486017,0.192589
0.0421211,0.192399,0.089443,0.0512503,0.193459
0.0443173,0.193022,0.0913033,0.0540561,0.194226
0.0466329,0.193544,0.0932445,0.0570174,0.19489
0.0490666,0.193967,0.095264,0.0601322,0.195453
0.0516168,0.194293,0.0973591,0.0633985,0.195916
0.0542817,0.194523,0.0995272,0.0668137,0.19628
0.0570596,0.194659,0.101765,0.0703754,0.196547
0.0599482,0.194703,0.104071,0.0740806,0.196718
0.0629455,0.194656,0.10644,0.0779263,0.196796
0.0660489,0.194522,0.108869,0.0819093,0.196781
0.0692561,0.194302,0.111356,0.0860262,0.196678
0.0725642,0.193999,0.113896,0.0902731,0.196487
0.0759704,0.193615,0.116486,0.0946464,0.196211
0.0794718,0.193153,0.119123,0.0991419,0.195853
0.0830652,0.192616,0.121801,0.103755,0.195415
0.0867473,0.192007,0.124518,0.108482,0.194901
0.0905148,0.19133,0.12727,0.113319,0.194312
0.0943641,0.190586,0.130052,0.118259,0.193653
0.0982916,0.189779,0.13286,0.123299,0.192926
0.102294,0.188913,0.13569,0.128433,0.192134
0.106366,0.187991,0.138537,0.133656,0.191281
0.110505,0.187017,0.141398,0.138963,0.19037
0.114707,0.185994,0.144267,0.144349,0.189405
0.118967,0.184925,0.147141,0.149807,0.188389
0.123281,0.183815,0.150015,0.155332,0.187326
0.127645,0.182668,0.152884,0.160919,0.18622
0.132055,0.181486,0.155744,0.166562,0.185074
0.136505,0.180275,0.15859,0.172253,0.183892
0.140992,0.179037,0.161418,0.177989,0.182677
0.145511,0.177777,0.164223,0.183762,0.181435
0.150057,0.176498,0.167,0.189566,0.180169
0.154626,0.175206,0.169746,0.195395,0.178882
0.159212,0.173903,0.172455,0.201243,0.177579
0.163812,0.172593,0.175124,0.207104,0.176264
0.168421,0.171281,0.177747,0.212971,0.17494
0.173033,0.16997,0.18032,0.218838,0.173612
0.177644,0.168665,0.18284,0.224699,0.172284
0.182249,0.167369,0.185301,0.230548,0.170959
0.186844,0.166086,0.187699,0.236377,0.169642
0.191424,0.16482,0.19003,0.242182,0.168336
0.195984,0.163575,0.192291,0.247956,0.167045
0.200519,0.162354,0.194477,0.253692,0.165773
0.205025,0.161161,0.196584,0.259385,0.164524
0.209497,0.16,0.198609,0.265028,0.163302
0.213931,0.158875,0.200548,0.270616,0.162109
0.218323,0.157788,0.202396,0.276142,0.160951
0.222667,0.156743,0.204151,0.281602,0.159829
0.22696,0.155743,0.20581,0.286989,0.158748
0.231197,0.154792,0.207368,0.292297,0.157711
0.235374,0.153892,0.208824,0.297521,0.156722
0.239487,0.153047,0.210173,0.302657,0.155782
0.243532,0.152259,0.211414,0.307697,0.154896
0.247505,0.151532,0.212543,0.312639,0.154065
0.251402,0.150867,0.213557,0.317475,0.153294
0.25522,0.150268,0.214456,0.322203,0.152585
0.258954,0.149736,0.215235,0.326817,0.15194
0.262603,0.149274,0.215893,0.331312,0.151361
0.266161,0.148884,0.216429,0.335684,0.150851
0.269626,0.148568,0.21684,0.33993,0.150413
0.272996,0.148328,0.217125,0.344045,0.150047
0.276266,0.148165,0.217283,0.348025,0.149756
0.279434,0.148081,0.217311,0.351867,0.149542
0.282498,0.148077,0.21721,0.355568,0.149407
0.285455,0.148155,0.216978,0.359124,0.14935
0.288303,0.148315,0.216615,0.362532,0.149375
0.291039,0.148558,0.216119,0.36579,0.149482
0.293661,0.148886,0.215492,0.368895,0.149671
0.296168,0.149297,0.214732,0.371845,0.149944
0.298558,0.149794,0.213839,0.374637,0.150301
0.300829,0.150376,0.212814,0.377269,0.150743
0.30298,0.151043,0.211658,0.379741,0.15127
0.305009,0.151795,0.21037,0.38205,0.151882
0.306916,0.152632,0.208951,0.384195,0.152578
0.308699,0.153553,0.207403,0.386175,0.15336
0.310358,0.154558,0.205727,0.38799,0.154225
0.311893,0.155645,0.203924,0.389638,0.155174
0.313302,0.156814,0.201995,0.39112,0.156206
0.314586,0.158064,0.199942,0.392435,0.15732
0.315744,0.159393,0.197766,0.393584,0.158515
0.316777,0.1608,0.195471,0.394566,0.159789
0.317685,0.162283,0.193058,0.395382,0.161142
0.318468,0.163841,0.190529,0.396033,0.162571
0.319126,0.165471,0.187887,0.396521,0.164075
0.319662,0.167172,0.185134,0.396845,0.165652
0.320074,0.168941,0.182274,0.397008,0.1673
0.320366,0.170775,0.17931,0.39701,0.169016
0.320536,0.172673,0.176243,0.396855,0.170799
0.320588,0.174631,0.173079,0.396543,0.172645
0.320522,0.176647,0.169819,0.396078,0.174553
0.320341,0.178718,0.166469,0.39546,0.176519
0.320045,0.180841,0.16303,0.394694,0.178541
0.319637,0.183012,0.159508,0.393781,0.180615
0.319118,0.185229,0.155905,0.392725,0.182739
0.318492,0.187487,0.152227,0.391528,0.184908
0.317759,0.189784,0.148476,0.390195,0.18712
0.316924,0.192115,0.144658,0.388727,0.189371
0.315987,0.194477,0.140777,0.387129,0.191658
0.314952,0.196866,0.136837,0.385405,0.193976
0.313821,0.199279,0.132842,0.383558,0.196322
0.312598,0.201711,0.128797,0.381592,0.198693
0.311284,0.204157,0.124708,0.379512,0.201083
0.309884,0.206615,0.120577,0.377321,0.20349
0.3084,0.20908,0.116411,0.375024,0.205909
0.306835,0.211548,0.112214,0.372625,0.208335
0.305193,0.214014,0.10799,0.370128,0.210765
0.303476,0.216474,0.103746,0.367539,0.213195
0.301689,0.218923,0.099485,0.364861,0.215619
0.299833,0.221358,0.0952127,0.3621,0.218034
0.297914,0.223774,0.0909339,0.35926,0.220436
0.295935,0.226167,0.0866537,0.356346,0.222819
0.293898,0.228531,0.0823769,0.353363,0.22518
0.291807,0.230863,0.0781086,0.350316,0.227513
0.289666,0.233159,0.0738536,0.347209,0.229816
0.287479,0.235413,0.0696169,0.344048,0.232082
0.285249,0.237622,0.0654034,0.340837,0.234308
0.282979,0.239781,0.0612179,0.337582,0.23649
0.280674,0.241886,0.0570654,0.334287,0.238623
0.278336,0.243933,0.0529505,0.330957,0.240703
0.275969,0.245917,0.048878,0.327597,0.242725
0.273577,0.247834,0.0448525,0.324212,0.244685
0.271163,0.24968,0.0408787,0.320807,0.246579
0.268731,0.251451,0.036961,0.317386,0.248403
0.266284,0.253144,0.033104,0.313954,0.250153
0.263825,0.254753,0.0293119,0.310515,0.251825
0.261357,0.256276,0.0255891,0.307075,0.253415
0.258885,0.257709,0.0219397,0.303637,0.254919
0.25641,0.259048,0.0183678,0.300206,0.256333
0.253936,0.26029,0.0148774,0.296787,0.257655
0.251467,0.261431,0.0114723,0.293382,0.258879
0.249004,0.262468,0.00815621,0.289997,0.260004
0.246551,0.263398,0.00493277,0.286635,0.261025
0.24411,0.264218,0.00180545,0.2833,0.26194
0.241685,0.264925,-0.00122239,0.279995,0.262745
0.239278,0.265516,-0.00414754,0.276725,0.263438
0.23689,0.265989,-0.00696695,0.273492,0.264015
0.234525,0.266341,-0.00967768,0.270301,0.264475
0.232185,0.26657,-0.012277,0.267152,0.264814
0.229871,0.266673,-0.0147622,0.264051,0.26503
0.227587,0.266649,-0.0171309,0.260999,0.265121
0.225333,0.266497,-0.0193807,0.257999,0.265086
0.223111,0.266213,-0.0215095,0.255053,0.264922
0.220923,0.265797,-0.0235154,0.252164,0.264627
0.218771,0.265247,-0.0253965,0.249334,0.2642
0.216655,0.264563,-0.0271512,0.246564,0.26364
0.214578,0.263743,-0.0287779,0.243856,0.262945
0.212539,0.262786,-0.0302755,0.241212,0.262114
0.21054,0.261691,-0.0316426,0.238633,0.261147
0.208582,0.260459,-0.0328785,0.23612,0.260043
0.206666,0.259089,-0.0339823,0.233674,0.2588
0.204791,0.257581,-0.0349534,0.231296,0.25742
0.202958,0.255935,-0.0357914,0.228986,0.255902
0.201168,0.25415,-0.036496,0.226745,0.254246
0.19942,0.252229,-0.0370671,0.224572,0.252452
0.197714,0.25017,-0.0375048,0.222468,0.25052
0.196051,0.247976,-0.0378094,0.220432,0.248452
0.194429,0.245646,-0.0379813,0.218464,0.246247
0.192848,0.243182,-0.0380212,0.216563,0.243907
0.191308,0.240586,-0.0379297,0.214729,0.241434
0.189808,0.237859,-0.0377079,0.21296,0.238827
0.188346,0.235002,-0.0373569,0.211255,0.236089
0.186923,0.232018,-0.0368779,0.209613,0.233222
0.185535,0.228908,-0.0362724,0.208032,0.230227
0.184183,0.225675,-0.0355419,0.20651,0.227106
0.182865,0.22232,-0.0346883,0.205046,0.223862
0.181579,0.218847,-0.0337134,0.203637,0.220496
0.180323,0.215259,-0.0326192,0.202282,0.217011
0.179096,0.211557,-0.031408,0.200976,0.213411
0.177896,0.207745,-0.0300821,0.199719,0.209697
0.176721,0.203825,-0.0286439,0.198508,0.205872
0.175567,0.199802,-0.0270962,0.197339,0.201941
0.174435,0.195679,-0.0254415,0.196209,0.197905
0.17332,0.191459,-0.0236827,0.195115,0.193768
0.17222,0.187145,-0.0218229,0.194054,0.189535
0.171133,0.182742,-0.0198652,0.193023,0.185208
0.170057,0.178253,-0.0178126,0.192018,0.180791
0.168988,0.173682,-0.0156686,0.191035,0.176288
0.167924,0.169034,-0.0134364,0.190071,0.171703
0.166862,0.164312,-0.0111197,0.189122,0.167041
0.165799,0.159522,-0.00872199,0.188183,0.162305
0.164732,0.154666,-0.00624692,0.187252,0.157499
0.163658,0.14975,-0.00369824,0.186323,0.152629
0.162574,0.144779,-0.00107977,0.185393,0.147698
0.161477,0.139756,0.00160463,0.184457,0.142711
0.160364,0.134686,0.00435103,0.183512,0.137673
0.159231,0.129575,0.00715543,0.182552,0.132588
0.158076,0.124426,0.0100138,0.181574,0.127461
0.156896,0.119246,0.0129221,0.180574,0.122297
0.155686,0.114037,0.0158762,0.179546,0.1171
0.154444,0.108807,0.018872,0.178487,0.111877
0.153167,0.103558,0.0219054,0.177392,0.10663
0.151852,0.0982968,0.0249721,0.176258,0.101366
0.150495,0.0930275,0.0280679,0.175079,0.0960885
0.149093,0.0877553,0.0311888,0.173851,0.0908035
0.147643,0.0824849,0.0343305,0.17257,0.0855156
0.146143,0.0772214,0.0374889,0.171232,0.0802297
0.144588,0.0719695,0.0406598,0.169833,0.0749507
0.142977,0.0667342,0.0438391,0.168368,0.0696835
0.141305,0.0615202,0.0470227,0.166834,0.0644331
0.139572,0.0563323,0.0502065,0.165226,0.0592042
0.137772,0.0511752,0.0533865,0.163542,0.0540016
0.135905,0.0460537,0.0565587,0.161776,0.0488302
0.133967,0.0409723,0.0597192,0.159926,0.0436945
0.131955,0.0359356,0.0628641,0.157987,0.0385993
0.129868,0.030948,0.0659896,0.155957,0.0335492
0.127702,0.0260141,0.0690919,0.153832,0.0285486
0.125457,0.021138,0.0721673,0.151609,0.0236021
0.123129,0.0163241,0.0752123,0.149285,0.0187139
0.120716,0.0115764,0.0782234,0.146857,0.0138883
0.118217,0.00689909,0.081197,0.144322,0.00912944
0.11563,0.00229598,0.0841299,0.141677,0.00444147
0.112953,-0.00222908,0.0870187,0.138921,-0.000171678
0.110185,-0.00667237,0.0898605,0.136051,-0.00470616
0.107324,-0.0110303,0.0926519,0.133065,-0.00915824
0.104369,-0.0152995,0.0953903,0.129961,-0.0135243
0.101319,-0.0194765,0.0980726,0.126737,-0.0178009
0.0981732,-0.0235582,0.100696,0.123392,-0.0219846
0.0949307,-0.0275415,0.103259,0.119925,-0.0260722
0.0915907,-0.0314235,0.105757,0.116335,-0.0300606
0.0881529,-0.0352014,0.108189,0.11262,-0.0339469
0.0846169,-0.0388727,0.110553,0.10878,-0.0377283
0.0809826,-0.0424348,0.112847,0.104814,-0.0414022
0.0772501,-0.0458854,0.115068,0.100722,-0.0449659
0.0734193,-0.0492224,0.117214,0.0965048,-0.0484173
0.0694908,-0.0524438,0.119285,0.0921617,-0.0517542
0.0654651,-0.0555478,0.121277,0.0876932,-0.0549744
0.0613427,-0.0585326,0.123191,0.0831001,-0.0580762
0.0571247,-0.0613968,0.125024,0.0783831,-0.0610578
0.052812,-0.064139,0.126775,0.0735433,-0.0639178
0.0484059,-0.0667581,0.128444,0.068582,-0.0666547
0.0439076,-0.0692531,0.130029,0.0635008,-0.0692674
0.0393189,-0.0716231,0.13153,0.0583013,-0.0717549
0.0346414,-0.0738675,0.132945,0.0529855,-0.0741163
0.0298769,-0.0759857,0.134275,0.0475556,-0.076351
0.0250277,-0.0779776,0.13552,0.042014,-0.0784584
0.0200958,-0.0798428,0.136677,0.0363633,-0.0804382
0.0150838,-0.0815815,0.137749,0.0306065,-0.0822902
0.00999421,-0.0831938,0.138735,0.0247464,-0.0840145
0.00482973,-0.08468,0.139634,0.0187865,-0.0856112
-0.000406717,-0.0860408,0.140447,0.0127303,-0.0870807
-0.00571207,-0.0872767,0.141175,0.00658128,-0.0884235
-0.0110831,-0.0883886,0.141819,0.000343484,-0.0896402
-0.0165165,-0.0893775,0.142378,-0.00597902,-0.0907317
-0.0220087,-0.0902446,0.142853,-0.012382,-0.091699
-0.0275561,-0.0909912,0.143246,-0.0188609,-0.0925433
-0.0331548,-0.0916187,0.143557,-0.025411,-0.0932658
-0.0388009,-0.0921288,0.143788,-0.0320277,-0.0938681
-0.0444904,-0.0925232,0.14394,-0.0387058,-0.0943517
-0.0502191,-0.0928037,0.144014,-0.0454401,-0.0947184
-0.0559825,-0.0929726,0.144011,-0.0522254,-0.0949701
-0.0617764,-0.0930319,0.143933,-0.0590561,-0.0951089
-0.067596,-0.0929839,0.143782,-0.0659266,-0.095137
-0.0734368,-0.092831,0.143559,-0.0728311,-0.0950566
-0.0792941,-0.0925758,0.143266,-0.0797637,-0.0948702
-0.0851628,-0.092221,0.142905,-0.0867184,-0.0945803
-0.0910382,-0.0917694,0.142478,-0.0936889,-0.0941897
-0.0969151,-0.0912237,0.141987,-0.100669,-0.0937011
-0.102788,-0.090587,0.141434,-0.107653,-0.0931175
-0.108653,-0.0898625,0.140821,-0.114633,-0.0924418
-0.114504,-0.0890532,0.140149,-0.121603,-0.0916771
-0.120335,-0.0881623,0.139423,-0.128557,-0.0908267
-0.126141,-0.0871934,0.138643,-0.135488,-0.0898937
-0.131918,-0.0861496,0.137812,-0.14239,-0.0888817
-0.137659,-0.0850346,0.136932,-0.149254,-0.0877939
-0.143359,-0.0838519,0.136006,-0.156075,-0.0866339
-0.149012,-0.082605,0.135036,-0.162846,-0.0854054
-0.154614,-0.0812977,0.134025,-0.16956,-0.0841118
-0.160158,-0.0799335,0.132975,-0.176209,-0.0827569
-0.165638,-0.0785163,0.131888,-0.182788,-0.0813444
-0.171051,-0.0770498,0.130767,-0.189288,-0.0798781
-0.176389,-0.0755377,0.129614,-0.195704,-0.0783618
-0.181648,-0.0739839,0.128432,-0.202028,-0.0767992
-0.186821,-0.0723923,0.127223,-0.208254,-0.0751943
-0.191905,-0.0707665,0.12599,-0.214374,-0.0735508
-0.196892,-0.0691105,0.124735,-0.220383,-0.0718727
-0.201779,-0.0674281,0.12346,-0.226272,-0.0701638
-0.206559,-0.0657231,0.122168,-0.232037,-0.068428
-0.211227,-0.0639992,0.12086,-0.23767,-0.0666691
-0.215779,-0.0622603,0.119541,-0.243165,-0.0648909
-0.220209,-0.06051,0.11821,-0.248515,-0.0630973
-0.224512,-0.0587522,0.116871,-0.253715,-0.0612921
-0.228684,-0.0569904,0.115527,-0.258758,-0.059479
-0.232719,-0.0552283,0.114177,-0.263639,-0.0576616
-0.236613,-0.0534694,0.112826,-0.268351,-0.0558438
-0.240362,-0.0517172,0.111475,-0.272889,-0.0540289
-0.243961,-0.0499752,0.110125,-0.277248,-0.0522207
-0.247405,-0.0482468,0.108778,-0.281421,-0.0504226
-0.250691,-0.0465352,0.107437,-0.285405,-0.0486381
-0.253815,-0.0448436,0.106102,-0.289193,-0.0468703
-0.256772,-0.0431753,0.104776,-0.292782,-0.0451227
-0.259559,-0.0415332,0.10346,-0.296166,-0.0433984
-0.262172,-0.0399204,0.102155,-0.299341,-0.0417005
-0.264609,-0.0383396,0.100862,-0.302303,-0.040032
-0.266865,-0.0367936,0.0995826,-0.305048,-0.0383958
-0.268938,-0.0352851,0.0983183,-0.307572,-0.0367947
-0.270824,-0.0338165,0.0970697,-0.309872,-0.0352313
-0.272521,-0.0323905,0.0958378,-0.311943,-0.0337083
-0.274027,-0.0310092,0.0946234,-0.313784,-0.0322282
-0.275339,-0.0296748,0.0934271,-0.315391,-0.0307933
-0.276455,-0.0283894,0.0922496,-0.316762,-0.0294058
-0.277372,-0.027155,0.0910914,-0.317894,-0.0280678
-0.27809,-0.0259734,0.0899529,-0.318785,-0.0267814
-0.278607,-0.0248462,0.0888343,-0.319434,-0.0255484
-0.278921,-0.0237751,0.0877358,-0.319838,-0.0243704
-0.279031,-0.0227614,0.0866575,-0.319997,-0.0232492
-0.278936,-0.0218064,0.0855994,-0.319909,-0.0221861
-0.278636,-0.0209113,0.0845613,-0.319573,-0.0211826
-0.278129,-0.0200771,0.0835429,-0.31899,-0.0202397
-0.277417,-0.0193047,0.082544,-0.318158,-0.0193585
-0.276498,-0.0185948,0.0815641,-0.317078,-0.0185399
-0.275372,-0.0179479,0.0806025,-0.31575,-0.0177847
-0.274041,-0.0173646,0.0796588,-0.314175,-0.0170936
-0.272504,-0.0168451,0.078732,-0.312353,-0.0164669
-0.270762,-0.0163897,0.0778214,-0.310285,-0.0159051
-0.268817,-0.0159983,0.076926,-0.307974,-0.0154083
-0.266669,-0.0156708,0.0760448,-0.30542,-0.0149766
-0.26432,-0.0154071,0.0751766,-0.302625,-0.0146099
-0.261772,-0.0152066,0.0743203,-0.299593,-0.014308
-0.259026,-0.015069,0.0734745,-0.296324,-0.0140706
-0.256085,-0.0149936,0.0726378,-0.292822,-0.0138971
-0.25295,-0.0149795,0.0718088,-0.289089,-0.0137869
-0.249625,-0.0150258,0.070986,-0.28513,-0.0137393
-0.246111,-0.0151316,0.0701676,-0.280947,-0.0137533
-0.242412,-0.0152957,0.0693522,-0.276544,-0.013828
-0.238531,-0.0155167,0.0685378,-0.271925,-0.0139621
-0.234471,-0.0157933,0.0677228,-0.267094,-0.0141545
-0.230235,-0.016124,0.0669052,-0.262056,-0.0144037
-0.225827,-0.016507,0.0660832,-0.256816,-0.0147083
-0.221251,-0.0169408,0.0652548,-0.251377,-0.0150666
-0.216511,-0.0174234,0.0644179,-0.245746,-0.0154768
-0.211611,-0.0179529,0.0635706,-0.239928,-0.0159372
-0.206555,-0.0185272,0.0627108,-0.233927,-0.0164457
-0.201348,-0.0191443,0.0618363,-0.227751,-0.0170005
-0.195994,-0.0198018,0.0609451,-0.221404,-0.0175992
-0.190499,-0.0204975,0.060035,-0.214893,-0.0182398
-0.184866,-0.021229,0.0591038,-0.208224,-0.0189198
-0.179102,-0.0219938,0.0581494,-0.201403,-0.019637
-0.173211,-0.0227894,0.0571696,-0.194438,-0.0203888
-0.167199,-0.0236131,0.0561623,-0.187334,-0.0211726
-0.161071,-0.0244624,0.0551252,-0.180099,-0.021986
-0.154832,-0.0253345,0.0540562,-0.17274,-0.0228262
-0.14849,-0.0262266,0.0529532,-0.165263,-0.0236905
-0.142048,-0.027136,0.0518141,-0.157676,-0.0245761
-0.135513,-0.0280597,0.0506368,-0.149987,-0.0254803
-0.128892,-0.0289949,0.0494192,-0.142203,-0.0264001
-0.122189,-0.0299387,0.0481594,-0.134331,-0.0273326
-0.115412,-0.0308882,0.0468553,-0.126379,-0.028275
-0.108565,-0.0318404,0.045505,-0.118355,-0.0292243
-0.101657,-0.0327924,0.0441067,-0.110267,-0.0301775
-0.0946923,-0.0337411,0.0426586,-0.102122,-0.0311317
-0.0876779,-0.0346836,0.0411589,-0.0939276,-0.0320839
-0.08062,-0.035617,0.039606,-0.0856926,-0.033031
-0.0735251,-0.0365384,0.0379982,-0.0774246,-0.0339702
-0.0663996,-0.0374447,0.036334,-0.0691314,-0.0348984
-0.0592499,-0.0383331,0.034612,-0.0608211,-0.0358126
-0.0520825,-0.0392006,0.0328309,-0.0525016,-0.0367101
-0.0449037,-0.0400445,0.0309893,-0.0441807,-0.0375878
-0.0377201,-0.040862,0.0290861,-0.0358663,-0.0384429
-0.030538,-0.0416502,0.0271203,-0.0275663,-0.0392726
-0.0233639,-0.0424065,0.0250909,-0.0192885,-0.040074
-0.0162041,-0.0431281,0.022997,-0.0110405,-0.0408445
-0.00906486,-0.0438126,0.0208379,-0.00283023,-0.0415813
-0.00195255,-0.0444572,0.0186129,0.00533486,-0.0422818
0.00512663,-0.0450597,0.0163216,0.0134472,-0.0429434
0.0121665,-0.0456176,0.0139636,0.0214994,-0.0435637
0.019161,-0.0461285,0.0115386,0.029484,-0.0441402
0.0261041,-0.0465902,0.00904651,0.0373939,-0.0446706
0.0329897,-0.0470006,0.00648725,0.0452219,-0.0451525
0.0398122,-0.0473576,0.00386099,0.052961,-0.0455839
0.0465656,-0.0476593,0.00116797,0.0606044,-0.0459627
0.0532443,-0.0479037,-0.00159139,0.0681453,-0.0462868
0.0598427,-0.0480892,-0.00441657,0.0755772,-0.0465543
0.0663555,-0.0482141,-0.0073069,0.0828937,-0.0467635
0.0727771,-0.0482767,-0.0102616,0.0900883,-0.0469127
0.0791025,-0.0482758,-0.0132796,0.0971552,-0.0470003
0.0853265,-0.0482099,-0.01636,0.104088,-0.0470248
0.0914442,-0.0480779,-0.0195013,0.110882,-0.0469849
0.0974506,-0.0478786,-0.0227024,0.117531,-0.0468793
0.103341,-0.0476111,-0.0259616,0.124029,-0.046707
0.109112,-0.0472747,-0.0292773,0.130372,-0.0464668
0.114757,-0.0468684,-0.0326477,0.136554,-0.0461581
0.120273,-0.0463919,-0.0360709,0.142571,-0.0457799
0.125657,-0.0458445,-0.0395447,0.148418,-0.0453318
0.130903,-0.0452261,-0.0430669,0.154091,-0.0448132
0.136009,-0.0445363,-0.0466352,0.159586,-0.0442237
0.14097,-0.0437752,-0.0502471,0.164899,-0.0435632
0.145784,-0.0429428,-0.0538999,0.170027,-0.0428316
0.150447,-0.0420393,-0.057591,0.174965,-0.0420288
0.154956,-0.041065,-0.0613173,0.179711,-0.0411551
0.159308,-0.0400204,-0.0650759,0.184261,-0.0402108
0.1635,-0.0389061,-0.0688636,0.188614,-0.0391963
0.16753,-0.0377229,-0.0726772,0.192767,-0.0381121
0.171397,-0.0364715,-0.0765134,0.196717,-0.0369591
0.175096,-0.0351531,-0.0803685,0.200462,-0.0357379
0.178627,-0.0337686,-0.0842391,0.204001,-0.0344497
0.181988,-0.0323194,-0.0881214,0.207332,-0.0330954
0.185178,-0.0308067,-0.0920116,0.210454,-0.0316763
0.188194,-0.0292322,-0.0959059,0.213366,-0.0301937
0.191036,-0.0275974,-0.0998001,0.216068,-0.0286492
0.193702,-0.025904,-0.10369,0.218558,-0.0270442
0.196192,-0.0241539,-0.107572,0.220836,-0.0253806
0.198506,-0.022349,-0.111442,0.222903,-0.02366
0.200643,-0.0204915,-0.115295,0.224758,-0.0218845
0.202602,-0.0185834,-0.119126,0.226402,-0.0200561
0.204383,-0.0166271,-0.122933,0.227836,-0.018177
0.205987,-0.0146249,-0.126709,0.22906,-0.0162493
0.207414,-0.0125793,-0.13045,0.230075,-0.0142756
0.208664,-0.0104928,-0.134153,0.230884,-0.0122581
0.209739,-0.00836818,-0.137811,0.231487,-0.0101995
0.210638,-0.00620808,-0.141421,0.231887,-0.00810243
0.211363,-0.00401534,-0.144979,0.232084,-0.00596955
0.211914,-0.00179283,-0.148478,0.232082,-0.00380367
0.212294,0.000456477,-0.151915,0.231882,-0.00160768
0.212504,0.00272957,-0.155285,0.231488,0.00061548
0.212545,0.00502336,-0.158583,0.230902,0.00286281
0.212419,0.00733471,-0.161804,0.230126,0.00513124
0.212129,0.00966043,-0.164945,0.229165,0.00741763
0.211675,0.0119973,-0.168,0.228021,0.00971883
0.211061,0.014342,-0.170964,0.226698,0.0120316
0.210288,0.0166913,-0.173833,0.225199,0.0143527
0.20936,0.0190419,-0.176603,0.223529,0.0166787
0.208279,0.0213902,-0.179269,0.22169,0.0190065
0.207047,0.0237331,-0.181827,0.219688,0.0213326
0.205667,0.0260671,-0.184272,0.217526,0.0236537
0.204143,0.0283888,-0.1866,0.215209,0.0259663
0.202477,0.0306948,-0.188807,0.21274,0.0282672
0.200673,0.0329817,-0.190889,0.210125,0.0305528
0.198734,0.0352461,-0.192842,0.207368,0.0328198
0.196663,0.0374847,-0.194661,0.204475,0.0350649
0.194463,0.0396941,-0.196344,0.201449,0.0372846
0.192139,0.0418711,-0.197886,0.198295,0.0394757
0.189694,0.0440122,-0.199285,0.195019,0.0416347
0.187131,0.0461142,-0.200535,0.191626,0.0437585
0.184455,0.0481741,-0.201635,0.188121,0.0458438
0.181668,0.0501885,-0.202581,0.184508,0.0478873
0.178776,0.0521544,-0.203369,0.180794,0.0498859
0.175781,0.0540687,-0.203998,0.176983,0.0518365
0.172688,0.0559285,-0.204465,0.17308,0.0537361
0.169501,0.0577309,-0.204766,0.169092,0.0555817
0.166223,0.059473,-0.2049,0.165022,0.0573703
0.162859,0.061152,-0.204864,0.160877,0.0590992
0.159413,0.0627653,-0.204656,0.156661,0.0607655
0.155889,0.0643104,-0.204274,0.152381,0.0623666
0.152291,0.0657846,-0.203718,0.148041,0.0639
0.148623,0.0671856,-0.202984,0.143646,0.065363
0.144889,0.0685112,-0.202072,0.139202,0.0667534
0.141093,0.069759,-0.200982,0.134714,0.0680687
0.13724,0.0709272,-0.199711,0.130187,0.0693069
0.133332,0.0720136,-0.198259,0.125626,0.0704658
0.129375,0.0730164,-0.196626,0.121036,0.0715435
0.125373,0.0739339,-0.194812,0.116422,0.0725381
0.121329,0.0747646,-0.192816,0.111789,0.0734479
0.117246,0.0755068,-0.190638,0.107141,0.0742713
0.113131,0.0761592,-0.18828,0.102484,0.0750067
0.108984,0.0767207,-0.18574,0.0978222,0.0756528
0.104812,0.0771902,-0.183021,0.0931599,0.0762084
0.100617,0.0775666,-0.180123,0.0885016,0.0766724
0.0964039,0.0778491,-0.177048,0.0838518,0.0770439
0.0921752,0.0780371,-0.173796,0.0792146,0.0773219
0.0879349,0.0781301,-0.17037,0.0745941,0.0775058
0.0836864,0.0781276,-0.166771,0.0699945,0.0775951
0.0794333,0.0780294,-0.163001,0.0654196,0.0775894
0.0751789,0.0778353,-0.159063,0.0608732,0.0774884
0.0709265,0.0775454,-0.15496,0.0563588,0.0772919
0.0666793,0.0771599,-0.150693,0.0518801,0.077
0.0624403,0.0766791,-0.146266,0.0474405,0.0766129
0.0582128,0.0761034,-0.141682,0.0430431,0.0761309
0.0539995,0.0754335,-0.136945,0.0386911,0.0755544
0.0498035,0.07467,-0.132057,0.0343875,0.0748841
0.0456274,0.0738139,-0.127023,0.0301351,0.0741206
0.041474,0.0728662,-0.121847,0.0259366,0.0732648
0.0373458,0.0718281,-0.116532,0.0217946,0.0723178
0.0332454,0.0707008,-0.111084,0.0177115,0.0712808
0.0291752,0.0694859,-0.105506,0.0136895,0.0701549
0.0251375,0.0681849,-0.0998028,0.00973083,0.0689418
0.0211346,0.0667994,-0.0939801,0.00583736,0.0676428
0.0171685,0.0653314,-0.0880426,0.00201097,0.0662598
0.0132413,0.0637828,-0.0819955,-0.00174668,0.0647946
0.00935493,0.0621557,-0.0758441,-0.00543403,0.0632491
0.00551123,0.0604522,-0.069594,-0.0090497,0.0616254
0.00171194,0.0586748,-0.0632509,-0.0125924,0.0599256
-0.00204128,0.0568258,-0.0568206,-0.0160611,0.0581522
-0.00574688,0.0549078,-0.0503089,-0.0194548,0.0563076
-0.00940342,0.0529235,-0.0437221,-0.0227726,0.0543942
-0.0130095,0.0508756,-0.0370663,-0.0260138,0.0524148
-0.0165639,0.048767,-0.0303479,-0.029178,0.0503721
-0.0200653,0.0466006,-0.0235733,-0.0322646,0.0482689
-0.0235128,0.0443795,-0.0167489,-0.0352733,0.0461083
-0.0269053,0.0421068,-0.00988158,-0.038204,0.0438931
-0.0302419,0.0397857,-0.0029779,-0.0410567,0.0416267
-0.0335217,0.0374195,0.00395531,-0.0438313,0.039312
-0.036744,0.0350115,0.0109112,-0.0465281,0.0369525
-0.0399081,0.0325652,0.0178828,-0.0491474,0.0345515
-0.0430135,0.030084,0.0248631,-0.0516895,0.0321124
-0.0460596,0.0275715,0.0318451,-0.054155,0.0296386
-0.049046,0.0250313,0.0388217,-0.0565444,0.0271338
-0.0519722,0.0224669,0.0457859,-0.0588585,0.0246014
-0.0548381,0.0198821,0.0527305,-0.0610982,0.022045
-0.0576433,0.0172806,0.0596483,-0.0632641,0.0194685
-0.0603877,0.0146661,0.0665322,-0.0653574,0.0168754
-0.0630712,0.0120422,0.0733751,-0.0673791,0.0142694
-0.0656938,0.00941289,0.0801699,-0.0693302,0.0116544
-0.0682553,0.00678181,0.0869094,-0.071212,0.00903399
-0.0707559,0.00415276,0.0935866,-0.0730257,0.00641202
-0.0731957,0.00152953,0.100194,-0.0747727,0.00379224
-0.0755748,-0.00108413,0.106726,-0.0764542,0.00117842
-0.0778934,-0.00368446,0.113174,-0.0780717,-0.00142569
-0.0801518,-0.00626774,0.119532,-0.0796267,-0.00401634
-0.0823501,-0.00883025,0.125793,-0.0811206,-0.0065898
-0.0844887,-0.0113683,0.131951,-0.0825549,-0.00914238
-0.086568,-0.0138783,0.137998,-0.0839313,-0.0116704
-0.0885882,-0.0163566,0.143929,-0.0852513,-0.0141703
-0.0905498,-0.0187998,0.149736,-0.0865164,-0.0166384
-0.0924531,-0.0212042,0.155414,-0.0877283,-0.0190712
-0.0942985,-0.0235664,0.160956,-0.0888886,-0.0214652
-0.0960865,-0.0258832,0.166356,-0.0899989,-0.023817
-0.0978175,-0.0281511,0.171609,-0.0910608,-0.0261232
-0.099492,-0.030367,0.176708,-0.0920759,-0.0283805
-0.10111,-0.0325277,0.181649,-0.0930458,-0.0305858
-0.102673,-0.0346302,0.186425,-0.0939721,-0.0327359
-0.104181,-0.0366715,0.191031,-0.0948562,-0.0348277
-0.105634,-0.0386488,0.195463,-0.0956999,-0.0368583
-0.107032,-0.0405592,0.199714,-0.0965045,-0.0388249
-0.108377,-0.0424001,0.203782,-0.0972714,-0.0407246
-0.109668,-0.0441689,0.20766,-0.0980022,-0.0425547
-0.110906,-0.0458632,0.211345,-0.0986981,-0.0443129
-0.112091,-0.0474806,0.214832,-0.0993606,-0.0459965
-0.113225,-0.0490189,0.218118,-0.0999909,-0.0476034
-0.114306,-0.0504761,0.221199,-0.10059,-0.0491312
-0.115336,-0.0518502,0.224071,-0.10116,-0.0505779
-0.116314,-0.0531393,0.226731,-0.1017,-0.0519415
-0.117241,-0.0543418,0.229177,-0.102213,-0.0532203
-0.118118,-0.055456,0.231404,-0.1027,-0.0544125
-0.118944,-0.0564805,0.233411,-0.10316,-0.0555165
-0.11972,-0.0574141,0.235196,-0.103596,-0.056531
-0.120445,-0.0582555,0.236755,-0.104007,-0.0574547
-0.12112,-0.0590039,0.238088,-0.104395,-0.0582863
-0.121746,-0.0596583,0.239193,-0.10476,-0.059025
-0.122321,-0.0602179,0.240068,-0.105103,-0.0596699
-0.122847,-0.0606824,0.240713,-0.105424,-0.0602202
-0.123322,-0.0610511,0.241126,-0.105723,-0.0606755
-0.123748,-0.0613239,0.241307,-0.106001,-0.0610352
-0.124124,-0.0615006,0.241256,-0.106257,-0.0612992
-0.124449,-0.0615813,0.240972,-0.106493,-0.0614673
-0.124724,-0.0615661,0.240456,-0.106708,-0.0615396
-0.124949,-0.0614554,0.239708,-0.106901,-0.0615163
-0.125123,-0.0612496,0.238729,-0.107074,-0.0613976
-0.125245,-0.0609494,0.23752,-0.107225,-0.0611841
-0.125317,-0.0605556,0.236081,-0.107355,-0.0608765
-0.125337,-0.060069,0.234416,-0.107462,-0.0604754
-0.125304,-0.0594907,0.232525,-0.107547,-0.0599819
-0.125219,-0.0588219,0.230409,-0.107609,-0.059397
-0.125082,-0.0580641,0.228073,-0.107647,-0.0587219
-0.124891,-0.0572186,0.225517,-0.107661,-0.057958
-0.124646,-0.0562871,0.222745,-0.10765,-0.0571067
-0.124346,-0.0552713,0.21976,-0.107612,-0.0561698
-0.123992,-0.0541732,0.216564,-0.107548,-0.0551489
-0.123583,-0.0529947,0.213161,-0.107455,-0.0540459
-0.123117,-0.0517379,0.209556,-0.107334,-0.0528629
-0.122595,-0.0504053,0.205751,-0.107182,-0.0516021
-0.122015,-0.048999,0.201751,-0.106999,-0.0502656
-0.121378,-0.0475217,0.19756,-0.106784,-0.0488559
-0.120682,-0.0459759,0.193183,-0.106534,-0.0473755
-0.119926,-0.0443643,0.188624,-0.10625,-0.045827
-0.119111,-0.0426897,0.183888,-0.105929,-0.044213
-0.118236,-0.0409551,0.178981,-0.10557,-0.0425365
-0.117299,-0.0391635,0.173908,-0.105172,-0.0408003
-0.1163,-0.0373178,0.168674,-0.104733,-0.0390074
-0.115239,-0.0354214,0.163284,-0.104251,-0.037161
-0.114114,-0.0334774,0.157746,-0.103726,-0.0352641
-0.112926,-0.0314892,0.152064,-0.103155,-0.03332
-0.111674,-0.0294602,0.146244,-0.102537,-0.0313322
-0.110356,-0.0273938,0.140294,-0.10187,-0.0293038
-0.108973,-0.0252934,0.134219,-0.101153,-0.0272385
-0.107524,-0.0231628,0.128027,-0.100384,-0.0251397
-0.106007,-0.0210054,0.121723,-0.0995622,-0.023011
-0.104424,-0.0188249,0.115314,-0.0986851,-0.0208559
-0.102773,-0.0166251,0.108808,-0.0977515,-0.0186781
-0.101054,-0.0144095,0.102211,-0.0967598,-0.0164813
-0.0992668,-0.0121819,0.0955307,-0.0957085,-0.0142691
-0.0974104,-0.00994607,0.0887738,-0.0945962,-0.0120453
-0.095485,-0.00770574,0.0819476,-0.0934213,-0.00981372
-0.0934901,-0.00546466,0.0750596,-0.0921825,-0.00757796
-0.0914257,-0.00322658,0.0681169,-0.0908784,-0.00534182
-0.0892916,-0.000995242,0.0611271,-0.0895078,-0.00310904
-0.0870877,0.00122563,0.0540974,-0.0880692,-0.000883358
-0.084814,0.00343232,0.0470355,-0.0865616,0.00133151
-0.0824706,0.00562117,0.0399487,-0.0849839,0.00353187
-0.0800575,0.0077885,0.0328444,-0.0833348,0.00571403
-0.077575,0.00993073,0.0257303,-0.0816136,0.00787438
-0.0750233,0.0120443,0.0186138,-0.0798192,0.0100093
-0.0724028,0.0141256,0.0115023,-0.0779508,0.0121152
-0.0697138,0.0161713,0.00440334,-0.0760077,0.0141887
-0.066957,0.018178,-0.00267579,-0.0739892,0.0162262
-0.0641328,0.0201422,-0.00972768,-0.0718948,0.0182244
-0.061242,0.0220608,-0.016745,-0.0697241,0.0201799
-0.0582853,0.0239306,-0.0237206,-0.0674766,0.0220896
-0.0552636,0.0257484,-0.0306472,-0.0651522,0.0239501
-0.0521777,0.0275113,-0.0375176,-0.0627507,0.0257586
-0.0490289,0.0292163,-0.044325,-0.0602722,0.0275118
-0.0458181,0.0308605,-0.0510624,-0.0577167,0.029207
-0.0425467,0.0324414,-0.0577229,-0.0550844,0.0308414
-0.0392159,0.0339562,-0.0642998,-0.0523757,0.0324121
-0.0358272,0.0354024,-0.0707864,-0.0495911,0.0339166
-0.0323822,0.0367777,-0.0771765,-0.0467312,0.0353525
-0.0288824,0.0380797,-0.0834634,-0.0437967,0.0367173
-0.0253295,0.0393064,-0.0896412,-0.0407885,0.0380088
-0.0217255,0.0404556,-0.0957036,-0.0377076,0.0392248
-0.0180722,0.0415255,-0.101645,-0.0345552,0.0403634
-0.0143718,0.0425143,-0.107459,-0.0313325,0.0414226
-0.0106263,0.0434204,-0.11314,-0.0280409,0.0424007
-0.00683791,0.0442422,-0.118684,-0.0246819,0.0432961
-0.00300908,0.0449785,-0.124084,-0.0212574,0.0441072
0.000857774,0.0456279,-0.129336,-0.0177691,0.0448329
0.00476012,0.0461895,-0.134434,-0.014219,0.0454718
0.00869532,0.0466623,-0.139375,-0.0106091,0.0460229
0.0126606,0.0470454,-0.144152,-0.00694187,0.0464853
0.0166532,0.0473384,-0.148764,-0.00321954,0.0468582
0.0206701,0.0475406,-0.153204,0.000555311,0.0471411
0.0247084,0.0476518,-0.157469,0.00438003,0.0473334
0.0287649,0.0476718,-0.161556,0.00825182,0.047435
0.0328364,0.0476006,-0.165461,0.0121678,0.0474455
0.0369196,0.0474382,-0.169181,0.0161248,0.047365
0.0410112,0.047185,-0.172712,0.0201197,0.0471937
0.0451078,0.0468414,-0.176053,0.0241492,0.0469317
0.0492058,0.0464079,-0.1792,0.0282098,0.0465797
0.0533016,0.0458853,-0.182151,0.0322981,0.0461382
0.0573916,0.0452745,-0.184904,0.0364102,0.0456079
0.0614719,0.0445765,-0.187457,0.0405426,0.0449897
0.065539,0.0437924,-0.189808,0.0446911,0.0442846
0.0695888,0.0429236,-0.191956,0.048852,0.043494
0.0736176,0.0419716,-0.1939,0.053021,0.042619
0.0776212,0.0409378,-0.195639,0.0571941,0.0416612
0.0815958,0.0398241,-0.197172,0.0613668,0.0406221
0.0855373,0.0386324,-0.198499,0.0655349,0.0395036
0.0894417,0.0373645,-0.199618,0.0696939,0.0383075
0.0933047,0.0360227,-0.200532,0.0738393,0.0370358
0.0971223,0.0346092,-0.201238,0.0779666,0.0356907
0.10089,0.0331264,-0.201739,0.082071,0.0342744
0.104605,0.0315767,-0.202035,0.0861478,0.0327893
0.108261,0.0299628,-0.202125,0.0901924,0.031238
0.111855,0.0282875,-0.202013,0.0941998,0.0296231
0.115383,0.0265534,-0.201699,0.0981654,0.0279472
0.11884,0.0247636,-0.201184,0.102084,0.0262132
0.122223,0.022921,-0.20047,0.105951,0.0244241
0.125527,0.0210288,-0.19956,0.109762,0.0225829
0.128748,0.0190902,-0.198455,0.113511,0.0206927
0.131882,0.0171084,-0.197158,0.117193,0.0187567
0.134924,0.0150868,-0.195671,0.120804,0.0167782
0.137872,0.0130289,-0.193997,0.124339,0.0147606
0.14072,0.0109381,-0.19214,0.127793,0.0127073
0.143465,0.00881797,-0.190102,0.13116,0.0106218
0.146104,0.00667215,-0.187887,0.134437,0.00850761
0.148631,0.00450429,-0.185498,0.137618,0.00636842
0.151044,0.00231807,-0.182938,0.140699,0.00420787
0.153338,0.000117254,-0.180213,0.143675,0.00202964
0.155511,-0.00209441,-0.177325,0.146541,-0.000162516
0.157559,-0.00431312,-0.174279,0.149293,-0.00236484
0.159478,-0.00653506,-0.171079,0.151926,-0.00457353
0.161264,-0.00875642,-0.167729,0.154436,-0.00678479
0.162916,-0.0109734,-0.164235,0.156819,-0.00899479
0.164429,-0.013182,-0.160601,0.15907,-0.0111997
0.165801,-0.0153787,-0.156832,0.161185,-0.0133957
0.167029,-0.0175594,-0.152932,0.163161,-0.015579
0.16811,-0.0197204,-0.148907,0.164993,-0.0177458
0.169041,-0.021858,-0.144762,0.166678,-0.0198922
0.169821,-0.0239684,-0.140502,0.168212,-0.0220146
0.170446,-0.0260479,-0.136132,0.169592,-0.0241092
0.170915,-0.0280928,-0.131659,0.170815,-0.0261723
0.171226,-0.0300996,-0.127087,0.171877,-0.0282003
0.171376,-0.0320646,-0.122422,0.172775,-0.0301895
0.171364,-0.0339844,-0.117669,0.173507,-0.0321365
0.171189,-0.0358555,-0.112835,0.17407,-0.0340377
0.170849,-0.0376746,-0.107924,0.174462,-0.0358897
0.170342,-0.0394384,-0.102944,0.17468,-0.0376892
0.169669,-0.0411438,-0.0978984,0.174722,-0.039433
0.168828,-0.0427875,-0.0927946,0.174586,-0.0411178
0.167818,-0.0443665,-0.087638,0.174271,-0.0427406
0.166639,-0.045878,-0.0824343,0.173775,-0.0442983
0.16529,-0.0473191,-0.0771895,0.173097,-0.0457881
0.163772,-0.0486872,-0.0719093,0.172236,-0.0472072
0.162085,-0.0499795,-0.0665997,0.171192,-0.0485529
0.160229,-0.0511937,-0.0612663,0.169962,-0.0498227
0.158204,-0.0523274,-0.0559149,0.168548,-0.0510139
0.156011,-0.0533783,-0.0505514,0.166948,-0.0521245
0.153651,-0.0543443,-0.0451815,0.165163,-0.053152
0.151126,-0.0552235,-0.0398107,0.163194,-0.0540945
0.148436,-0.0560139,-0.0344447,0.161041,-0.0549501
0.145582,-0.056714,-0.0290891,0.158704,-0.0557168
0.142567,-0.0573221,-0.0237493,0.156184,-0.056393
0.139393,-0.0578369,-0.0184308,0.153484,-0.0569773
0.136061,-0.058257,-0.0131389,0.150603,-0.0574681
0.132574,-0.0585813,-0.00787898,0.147545,-0.0578644
0.128935,-0.0588089,-0.00265609,0.144311,-0.0581649
0.125146,-0.058939,0.00252462,0.140903,-0.0583689
0.121209,-0.0589709,0.00765818,0.137323,-0.0584754
0.117129,-0.058904,0.0127397,0.133575,-0.0584838
0.112908,-0.0587381,0.0177643,0.129661,-0.0583938
0.10855,-0.0584729,0.0227275,0.125584,-0.0582049
0.104058,-0.0581085,0.0276245,0.121348,-0.0579171
0.0994367,-0.0576449,0.032451,0.116956,-0.0575303
0.0946898,-0.0570825,0.0372027,0.112411,-0.0570447
0.0898215,-0.0564216,0.0418754,0.107719,-0.0564606
0.0848363,-0.055663,0.046465,0.102884,-0.0557786
0.0797385,-0.0548073,0.0509676,0.0979089,-0.0549992
0.0745331,-0.0538555,0.0553794,0.0927994,-0.0541233
0.0692249,-0.0528087,0.0596968,0.0875602,-0.0531517
0.0638189,-0.051668,0.0639162,0.0821964,-0.0520857
0.0583204,-0.050435,0.0680343,0.0767133,-0.0509265
0.0527347,-0.049111,0.072048,0.0711164,-0.0496755
0.0470673,-0.0476979,0.075954,0.0654112,-0.0483344
0.0413239,-0.0461974,0.0797497,0.0596037,-0.0469047
0.0355101,-0.0446116,0.0834321,0.0536997,-0.0453884
0.029632,-0.0429425,0.0869987,0.0477056,-0.0437875
0.0236955,-0.0411924,0.0904471,0.0416275,-0.0421041
0.0177067,-0.0393637,0.093775,0.035472,-0.0403406
0.0116719,-0.0374589,0.0969803,0.0292457,-0.0384994
0.00559732,-0.0354807,0.100061,0.0229553,-0.0365829
-0.000510515,-0.0334319,0.103015,0.0166077,-0.034594
-0.00664515,-0.0313153,0.105841,0.01021,-0.0325354
-0.0128,-0.029134,0.108538,0.00376918,-0.03041
-0.0189684,-0.0268911,0.111104,-0.0027075,-0.0282209
-0.0251437,-0.0245899,0.113538,-0.00921275,-0.0259712
-0.0313191,-0.0222336,0.115839,-0.0157392,-0.0236642
-0.0374878,-0.0198258,0.118006,-0.0222793,-0.0213033
-0.0436429,-0.0173699,0.120039,-0.0288255,-0.0188919
-0.0497777,-0.0148695,0.121936,-0.0353704,-0.0164335
-0.0558851,-0.0123284,0.123698,-0.0419062,-0.0139318
-0.0619584,-0.00975032,0.125325,-0.0484252,-0.0113905
-0.0679905,-0.00713908,0.126815,-0.0549199,-0.00881333
-0.0739746,-0.00449862,0.12817,-0.0613823,-0.00620423
-0.0799038,-0.00183287,0.12939,-0.0678049,-0.00356708
-0.0857713,0.000854123,0.130474,-0.0741799,-0.000905861
-0.0915701,0.00355832,0.131424,-0.0804996,0.00177541
-0.0972936,0.0062756,0.13224,-0.0867562,0.00447267
-0.102935,0.00900184,0.132923,-0.0929423,0.00718179
-0.108487,0.0117329,0.133474,-0.09905,0.00989864
-0.113945,0.0144645,0.133893,-0.105072,0.0126191
-0.1193,0.0171926,0.134182,-0.111,0.0153389
-0.124546,0.0199128,0.134343,-0.116828,0.0180538
-0.129678,0.022621,0.134376,-0.122548,0.0207598
-0.134689,0.025313,0.134284,-0.128153,0.0234525
-0.139572,0.0279846,0.134067,-0.133634,0.0261277
-0.144323,0.0306317,0.133728,-0.138987,0.0287814
-0.148934,0.0332499,0.133269,-0.144203,0.0314092
-0.1534,0.0358354,0.132691,-0.149276,0.0340072
-0.157715,0.0383838,0.131996,-0.154199,0.0365711
-0.161874,0.0408913,0.131187,-0.158966,0.0390968
-0.165872,0.0433538,0.130266,-0.163571,0.0415805
-0.169703,0.0457673,0.129236,-0.168006,0.044018
-0.173363,0.0481281,0.128097,-0.172267,0.0464055
-0.176846,0.0504323,0.126855,-0.176348,0.0487391
-0.180147,0.0526761,0.125509,-0.180243,0.051015
-0.183264,0.054856,0.124064,-0.183946,0.0532296
-0.18619,0.0569683,0.122522,-0.187452,0.0553791
-0.188922,0.0590095,0.120886,-0.190758,0.0574601
-0.191457,0.0609764,0.119159,-0.193857,0.0594691
-0.193791,0.0628655,0.117342,-0.196745,0.0614028
-0.19592,0.0646738,0.115441,-0.199419,0.0632579
-0.19784,0.0663982,0.113456,-0.201874,0.0650313
-0.199551,0.0680357,0.111392,-0.204106,0.0667199
-0.201047,0.0695835,0.109251,-0.206112,0.0683209
-0.202328,0.0710389,0.107036,-0.207889,0.0698314
-0.20339,0.0723994,0.104751,-0.209434,0.0712489
-0.204232,0.0736626,0.102399,-0.210744,0.0725707
-0.204853,0.0748261,0.0999817,-0.211817,0.0737946
-0.20525,0.0758878,0.0975035,-0.21265,0.0749183
-0.205422,0.0768457,0.0949672,-0.213243,0.0759396
-0.205369,0.0776979,0.092376,-0.213593,0.0768566
-0.20509,0.0784428,0.0897329,-0.213699,0.0776675
-0.204585,0.0790789,0.0870411,-0.21356,0.0783708
-0.203853,0.0796046,0.0843038,-0.213177,0.0789647
-0.202894,0.0800189,0.0815241,-0.212547,0.0794482
-0.201709,0.0803206,0.0787051,-0.211672,0.0798199
-0.200299,0.0805089,0.0758498,-0.210552,0.0800788
-0.198665,0.080583,0.0729615,-0.209188,0.0802242
-0.196807,0.0805424,0.070043,-0.207579,0.0802553
-0.194728,0.0803866,0.0670974,-0.205728,0.0801717
-0.192428,0.0801155,0.0641278,-0.203637,0.079973
-0.189911,0.079729,0.061137,-0.201306,0.079659
-0.187178,0.0792272,0.058128,-0.198738,0.0792297
-0.184231,0.0786105,0.0551038,-0.195936,0.0786854
-0.181075,0.0778792,0.052067,-0.192902,0.0780263
-0.177711,0.077034,0.0490207,-0.189639,0.077253
-0.174144,0.0760757,0.0459674,-0.186151,0.0763662
-0.170376,0.0750053,0.0429099,-0.182441,0.0753667
-0.166412,0.073824,0.0398509,-0.178513,0.0742556
-0.162255,0.0725329,0.0367929,-0.174372,0.073034
-0.157911,0.0711337,0.0337386,-0.170021,0.0717034
-0.153383,0.0696279,0.0306904,-0.165467,0.0702652
-0.148676,0.0680174,0.0276508,-0.160712,0.0687211
-0.143796,0.066304,0.0246222,-0.155764,0.067073
-0.138747,0.0644899,0.0216068,-0.150627,0.0653229
-0.133535,0.0625774,0.018607,-0.145308,0.063473
-0.128167,0.0605689,0.0156249,-0.139811,0.0615255
-0.122646,0.0584669,0.0126628,-0.134145,0.059483
-0.116981,0.0562741,0.00972258,-0.128314,0.0573481
-0.111176,0.0539935,0.00680639,-0.122326,0.0551234
-0.105239,0.0516279,0.00391613,-0.116187,0.052812
