4888.84
4889.62
4892.61
4894.57
4897.03
4897.10
4898.66
4899.45
4902.63
4904.06
4904.59
4905.06
4906.95
4909.28
4909.56
4909.68
4909.68
4910.04
4911.27
4912.38
4913.85
4914.07
4914.76
4915.19
4915.71
4916.09
4916.17
4916.88
4918.33
4918.37
4918.41
4919.13
4919.62
4919.82
4919.95
4920.05
4920.06
4920.32
4920.74
4921.29
4921.32
4921.80
4921.99
4922.15
4923.05
4923.05
4923.13
4923.27
4923.59
4924.06
4924.31
4924.57
4924.90
4924.94
4925.01
4925.55
4925.65
4925.68
4926.08
4926.10
4926.52
4926.57
4926.60
4926.63
4926.74
4927.05
4927.18
4927.81
4927.88
4927.97
4927.98
4928.16
4928.62
4928.85
4928.92
4928.92
4928.96
4929.03
4929.15
4929.19
4929.43
4929.78
4929.87
4929.93
4930.28
4930.31
4930.54
4930.61
4930.66
4930.78
4930.82
4930.91
4930.98
4931.03
4931.12
4931.37
4931.40
4931.41
4931.46
4931.47
4931.47
4931.81
4932.06
4932.18
4932.29
4932.43
4932.84
4932.91
4932.92
4933.26
4933.29
4933.36
4933.44
4933.44
4933.52
4933.57
4933.57
4933.72
4933.72
4934.02
4934.04
4934.07
4934.23
4934.33
4934.77
4934.83
4935.12
4935.20
4935.25
4935.42
4935.43
4935.47
4935.52
4935.53
4935.55
4935.62
4935.72
4935.80
4935.82
4935.93
4935.98
4936.02
4936.35
4936.37
4936.39
4936.42
4936.46
4936.57
4936.62
4936.79
4936.82
4936.88
4936.92
4936.93
4936.96
4937.14
4937.25
4937.26
4937.29
4937.40
4937.50
4937.65
4937.69
4937.79
4937.82
4937.89
4938.11
4938.24
4938.26
4938.38
4938.41
4938.44
4938.45
4938.48
4938.48
4938.58
4938.58
4938.60
4938.66
4938.72
4938.75
4938.83
4938.92
4938.98
4939.03
4939.16
4939.27
4939.38
4939.52
4939.71
4939.73
4939.74
4939.78
4939.81
4939.87
4939.91
4939.93
4939.94
4939.97
4940.06
4940.08
4940.14
4940.20
4940.22
4940.26
4940.27
4940.30
4940.37
4940.41
4940.45
4940.46
4940.50
4940.51
4940.51
4940.51
4940.62
4940.64
4940.80
4940.81
4941.26
4941.26
4941.32
4941.35
4941.37
4941.53
4941.55
4941.57
4941.57
4941.60
4941.65
4941.79
4941.79
4941.82
4941.91
4942.16
4942.25
4942.26
4942.28
4942.29
4942.35
4942.49
4942.50
4942.51
4942.51
4942.69
4942.79
4942.81
4942.81
4942.86
4942.89
4942.94
4943.02
4943.04
4943.09
4943.12
4943.18
4943.21
4943.29
4943.30
4943.32
4943.33
4943.35
4943.37
4943.57
4943.63
4943.80
4943.85
4943.88
4943.89
4943.93
4943.93
4943.95
4943.99
4944.03
4944.15
4944.17
4944.24
4944.26
4944.36
4944.39
4944.40
4944.50
4944.55
4944.57
4944.69
4944.80
4944.82
4944.90
4944.94
4945.07
4945.09
4945.17
4945.19
4945.20
4945.22
4945.29
4945.38
4945.40
4945.42
4945.42
4945.45
4945.56
4945.60
4945.66
4945.68
4945.69
4945.71
4945.77
4945.79
4945.87
4945.99
4946.07
4946.09
4946.10
4946.12
4946.12
4946.12
4946.19
4946.26
4946.29
4946.30
4946.36
4946.40
4946.44
4946.53
4946.53
4946.55
4946.59
4946.60
4946.63
4946.65
4946.69
4946.70
4946.73
4946.88
4946.89
4946.89
4946.91
4946.97
4947.00
4947.01
4947.03
4947.04
4947.15
4947.19
4947.22
4947.29
4947.33
4947.37
4947.38
4947.40
4947.41
4947.51
4947.53
4947.55
4947.58
4947.63
4947.64
4947.66
4947.67
4947.67
4947.70
4947.71
4947.76
4947.76
4947.82
4947.84
4947.90
4947.91
4947.91
4948.00
4948.07
4948.07
4948.09
4948.21
4948.46
4948.47
4948.48
4948.56
4948.58
4948.61
4948.71
4948.77
4948.77
4948.79
4948.82
4948.82
4948.85
4948.94
4948.94
4948.99
4949.02
4949.04
4949.05
4949.07
4949.10
4949.14
4949.17
4949.31
4949.34
4949.36
4949.37
4949.41
4949.57
4949.64
4949.71
4949.77
4949.78
4949.80
4949.82
4949.84
4949.86
4949.87
4949.89
4949.90
4949.91
4949.99
4950.01
4950.04
4950.08
4950.08
4950.08
4950.11
4950.11
4950.14
4950.15
4950.15
4950.19
4950.20
4950.23
4950.23
4950.24
4950.24
4950.33
4950.34
4950.37
4950.38
4950.38
4950.40
4950.48
4950.48
4950.52
4950.53
4950.54
4950.56
4950.59
4950.61
4950.67
4950.70
4950.72
4950.73
4950.75
4950.80
4950.85
4950.85
4950.86
4950.87
4950.90
4950.93
4950.94
4951.02
4951.04
4951.04
4951.05
4951.05
4951.07
4951.10
4951.10
4951.10
4951.17
4951.17
4951.21
4951.25
4951.30
4951.34
4951.34
4951.34
4951.40
4951.42
4951.43
4951.46
4951.46
4951.46
4951.48
4951.56
4951.56
4951.58
4951.60
4951.66
4951.67
4951.69
4951.69
4951.69
4951.69
4951.71
4951.73
4951.73
4951.85
4951.88
4951.93
4951.93
4951.95
4951.97
4951.99
4952.01
4952.07
4952.08
4952.08
4952.22
4952.23
4952.24
4952.27
4952.29
4952.30
4952.32
4952.36
4952.37
4952.38
4952.40
4952.46
4952.46
4952.48
4952.49
4952.49
4952.49
4952.50
4952.53
4952.54
4952.55
4952.56
4952.59
4952.62
4952.64
4952.64
4952.66
4952.67
4952.69
4952.71
4952.73
4952.76
4952.78
4952.83
4952.85
4952.85
4952.88
4952.89
4952.89
4952.90
4952.94
4952.97
4952.98
4953.03
4953.06
4953.06
4953.16
4953.18
4953.20
4953.21
4953.21
4953.24
4953.28
4953.28
4953.29
4953.31
4953.32
4953.35
4953.35
4953.43
4953.46
4953.47
4953.48
4953.48
4953.53
4953.53
4953.54
4953.57
4953.59
4953.61
4953.69
4953.71
4953.74
4953.76
4953.76
4953.84
4953.85
4953.88
4953.88
4953.89
4953.90
4953.90
4953.94
4953.96
4953.96
4953.98
4953.99
4954.00
4954.01
4954.04
4954.04
4954.08
4954.16
4954.21
4954.23
4954.24
4954.24
4954.28
4954.32
4954.32
4954.32
4954.40
4954.45
4954.46
4954.56
4954.59
4954.68
4954.70
4954.71
4954.72
4954.79
4954.81
4954.83
4954.83
4954.85
4954.87
4954.89
4954.90
4954.91
4954.91
4954.91
4954.93
4954.97
4954.98
4955.02
4955.02
4955.05
4955.05
4955.08
4955.13
4955.15
4955.15
4955.17
4955.18
4955.19
4955.19
4955.22
4955.23
4955.31
4955.34
4955.37
4955.38
4955.40
4955.42
4955.46
4955.48
4955.53
4955.54
4955.54
4955.54
4955.58
4955.63
4955.67
4955.70
4955.76
4955.77
4955.78
4955.81
4955.81
4955.91
4955.92
4956.00
4956.00
4956.08
4956.10
4956.13
4956.13
4956.14
4956.14
4956.20
4956.21
4956.25
4956.25
4956.25
4956.28
4956.31
4956.35
4956.35
4956.38
4956.39
4956.40
4956.41
4956.48
4956.53
4956.57
4956.59
4956.59
4956.61
4956.62
4956.62
4956.64
4956.67
4956.71
4956.72
4956.74
4956.74
4956.74
4956.83
4956.90
4956.93
4956.97
4956.97
4957.05
4957.05
4957.07
4957.10
4957.13
4957.13
4957.15
4957.16
4957.17
4957.20
4957.20
4957.22
4957.24
4957.26
4957.26
4957.27
4957.34
4957.36
4957.37
4957.44
4957.45
4957.46
4957.48
4957.48
4957.49
4957.51
4957.56
4957.57
4957.58
4957.58
4957.63
4957.66
4957.67
4957.67
4957.70
4957.73
4957.74
4957.75
4957.76
4957.77
4957.78
4957.83
4957.85
4957.86
4957.92
4957.93
4957.94
4957.95
4957.95
4957.98
4958.01
4958.01
4958.01
4958.02
4958.04
4958.05
4958.10
4958.12
4958.15
4958.16
4958.16
4958.18
4958.18
4958.24
4958.24
4958.26
4958.29
4958.30
4958.30
4958.31
4958.33
4958.33
4958.33
4958.34
4958.36
4958.37
4958.38
4958.40
4958.41
4958.41
4958.42
4958.44
4958.46
4958.46
4958.46
4958.47
4958.48
4958.49
4958.51
4958.53
4958.57
4958.60
4958.64
4958.67
4958.68
4958.70
4958.71
4958.76
4958.76
4958.79
4958.79
4958.80
4958.81
4958.82
4958.83
4958.85
4958.94
4959.03
4959.06
4959.06
4959.10
4959.10
4959.12
4959.13
4959.14
4959.14
4959.14
4959.16
4959.17
4959.20
4959.25
4959.25
4959.26
4959.26
4959.27
4959.28
4959.33
4959.34
4959.34
4959.34
4959.37
4959.41
4959.42
4959.43
4959.47
4959.48
4959.51
4959.59
4959.63
4959.64
4959.64
4959.65
4959.66
4959.67
4959.68
4959.70
4959.70
4959.73
4959.75
4959.75
4959.79
4959.80
4959.82
4959.82
4959.83
4959.84
4959.85
4959.85
4959.85
4959.87
4959.88
4959.88
4959.89
4959.89
4959.90
4959.92
4959.96
4959.99
4960.05
4960.07
4960.08
4960.09
4960.09
4960.10
4960.11
4960.15
4960.15
4960.16
4960.16
4960.18
4960.20
4960.21
4960.22
4960.24
4960.27
4960.29
4960.32
4960.33
4960.35
4960.37
4960.39
4960.39
4960.40
4960.41
4960.43
4960.48
4960.49
4960.51
4960.51
4960.52
4960.54
4960.54
4960.59
4960.60
4960.63
4960.65
4960.68
4960.72
4960.72
4960.72
4960.73
4960.76
4960.78
4960.80
4960.81
4960.81
4960.84
4960.92
4960.92
4960.94
4960.95
4960.99
4960.99
4960.99
4961.01
4961.01
4961.02
4961.03
4961.03
4961.09
4961.10
4961.14
4961.14
4961.15
4961.17
4961.17
4961.17
4961.19
4961.21
4961.26
4961.29
4961.30
4961.35
4961.36
4961.37
4961.38
4961.38
4961.40
4961.40
4961.43
4961.44
4961.45
4961.46
4961.46
4961.48
4961.49
4961.50
4961.54
4961.54
4961.55
4961.55
4961.58
4961.58
4961.62
4961.63
4961.64
4961.71
4961.72
4961.73
4961.76
4961.77
4961.78
4961.78
4961.79
4961.80
4961.82
4961.82
4961.85
4961.87
4961.91
4961.93
4961.94
4961.95
4961.96
4961.97
4961.98
4962.00
4962.01
4962.02
4962.06
4962.06
4962.08
4962.11
4962.12
4962.14
4962.15
4962.18
4962.21
4962.21
4962.22
4962.24
4962.24
4962.25
4962.36
4962.37
4962.37
4962.38
4962.39
4962.40
4962.41
4962.43
4962.44
4962.45
4962.46
4962.49
4962.50
4962.53
4962.54
4962.61
4962.63
4962.64
4962.66
4962.71
4962.72
4962.78
4962.79
4962.79
4962.82
4962.83
4962.86
4962.88
4962.92
4962.96
4962.96
4962.96
4963.02
4963.03
4963.06
4963.07
4963.09
4963.09
4963.10
4963.14
4963.14
4963.18
4963.18
4963.19
4963.19
4963.19
4963.20
4963.20
4963.22
4963.23
4963.24
4963.24
4963.25
4963.26
4963.27
4963.34
4963.34
4963.35
4963.37
4963.37
4963.41
4963.42
4963.42
4963.42
4963.44
4963.44
4963.45
4963.47
4963.48
4963.48
4963.49
4963.54
4963.55
4963.55
4963.55
4963.57
4963.59
4963.59
4963.61
4963.63
4963.67
4963.69
4963.72
4963.74
4963.74
4963.75
4963.76
4963.77
4963.81
4963.82
4963.86
4963.88
4963.88
4963.91
4963.92
4963.94
4963.95
4963.96
4963.97
4963.97
4964.01
4964.04
4964.04
4964.04
4964.09
4964.10
4964.11
4964.11
4964.12
4964.16
4964.16
4964.20
4964.22
4964.22
4964.24
4964.24
4964.28
4964.31
4964.31
4964.31
4964.32
4964.34
4964.43
4964.44
4964.45
4964.45
4964.45
4964.49
4964.50
4964.51
4964.52
4964.56
4964.63
4964.66
4964.69
4964.71
4964.74
4964.75
4964.75
4964.78
4964.79
4964.79
4964.83
4964.84
4964.87
4964.87
4964.89
4964.90
4964.92
4964.92
4964.92
4964.93
4964.94
4964.95
4964.98
4965.00
4965.02
4965.04
4965.04
4965.08
4965.15
4965.15
4965.16
4965.16
4965.17
4965.18
4965.19
4965.20
4965.20
4965.20
4965.20
4965.20
4965.24
4965.24
4965.24
4965.28
4965.28
4965.35
4965.35
4965.36
4965.37
4965.39
4965.42
4965.42
4965.42
4965.43
4965.43
4965.46
4965.49
4965.50
4965.51
4965.54
4965.55
4965.56
4965.57
4965.58
4965.58
4965.60
4965.62
4965.62
4965.62
4965.63
4965.63
4965.63
4965.63
4965.64
4965.64
4965.65
4965.66
4965.70
4965.71
4965.73
4965.74
4965.75
4965.75
4965.78
4965.78
4965.79
4965.80
4965.81
4965.81
4965.82
4965.83
4965.83
4965.84
4965.85
4965.85
4965.86
4965.88
4965.90
4965.92
4965.92
4965.94
4965.95
4965.95
4965.96
4965.97
4965.98
4965.99
4966.00
4966.01
4966.02
4966.03
4966.04
4966.05
4966.05
4966.07
4966.08
4966.08
4966.10
4966.10
4966.10
4966.10
4966.11
4966.12
4966.14
4966.17
4966.20
4966.21
4966.22
4966.23
4966.23
4966.24
4966.32
4966.37
4966.38
4966.39
4966.42
4966.42
4966.43
4966.44
4966.45
4966.45
4966.46
4966.47
4966.49
4966.49
4966.50
4966.51
4966.52
4966.53
4966.54
4966.54
4966.56
4966.57
4966.63
4966.64
4966.65
4966.65
4966.66
4966.66
4966.66
4966.67
4966.68
4966.69
4966.70
4966.74
4966.74
4966.75
4966.75
4966.75
4966.76
4966.77
4966.78
4966.79
4966.81
4966.81
4966.84
4966.84
4966.84
4966.85
4966.86
4966.86
4966.88
4966.91
4966.91
4966.91
4966.92
4966.92
4966.92
4966.92
4966.94
4966.96
4966.97
4966.97
4966.98
4967.00
4967.01
4967.02
4967.02
4967.05
4967.05
4967.09
4967.09
4967.10
4967.12
4967.13
4967.14
4967.14
4967.16
4967.17
4967.19
4967.19
4967.23
4967.23
4967.26
4967.26
4967.28
4967.28
4967.32
4967.34
4967.38
4967.42
4967.42
4967.43
4967.45
4967.46
4967.46
4967.47
4967.48
4967.51
4967.52
4967.52
4967.52
4967.52
4967.55
4967.58
4967.61
4967.64
4967.65
4967.66
4967.68
4967.70
4967.71
4967.74
4967.74
4967.79
4967.79
4967.79
4967.80
4967.81
4967.83
4967.87
4967.87
4967.88
4967.88
4967.90
4967.91
4967.92
4967.92
4967.92
4967.93
4967.94
4967.95
4967.97
4967.97
4967.98
4967.98
4967.99
4968.00
4968.00
4968.01
4968.01
4968.01
4968.03
4968.03
4968.03
4968.04
4968.04
4968.04
4968.07
4968.08
4968.10
4968.10
4968.12
4968.12
4968.12
4968.19
4968.19
4968.22
4968.27
4968.27
4968.29
4968.29
4968.29
4968.30
4968.33
4968.35
4968.35
4968.35
4968.36
4968.37
4968.38
4968.40
4968.40
4968.40
4968.41
4968.45
4968.45
4968.49
4968.50
4968.50
4968.50
4968.50
4968.50
4968.50
4968.51
4968.51
4968.52
4968.54
4968.54
4968.55
4968.58
4968.60
4968.63
4968.63
4968.65
4968.66
4968.67
4968.68
4968.69
4968.69
4968.70
4968.71
4968.71
4968.73
4968.73
4968.75
4968.77
4968.81
4968.86
4968.87
4968.89
4968.90
4968.91
4968.91
4968.92
4968.93
4968.95
4968.95
4968.96
4968.96
4968.97
4968.98
4968.99
4969.01
4969.01
4969.02
4969.02
4969.03
4969.03
4969.06
4969.06
4969.08
4969.09
4969.09
4969.12
4969.12
4969.12
4969.15
4969.17
4969.21
4969.23
4969.24
4969.25
4969.25
4969.25
4969.27
4969.27
4969.31
4969.31
4969.31
4969.31
4969.33
4969.33
4969.33
4969.34
4969.36
4969.41
4969.41
4969.43
4969.44
4969.46
4969.47
4969.47
4969.54
4969.55
4969.55
4969.56
4969.58
4969.58
4969.60
4969.61
4969.61
4969.62
4969.62
4969.62
4969.64
4969.65
4969.65
4969.66
4969.66
4969.68
4969.68
4969.69
4969.70
4969.72
4969.73
4969.74
4969.77
4969.77
4969.79
4969.80
4969.82
4969.83
4969.91
4969.92
4969.94
4969.96
4969.96
4969.97
4969.99
4970.01
4970.03
4970.06
4970.06
4970.07
4970.07
4970.08
4970.15
4970.15
4970.16
4970.16
4970.17
4970.18
4970.20
4970.25
4970.27
4970.29
4970.30
4970.32
4970.33
4970.34
4970.34
4970.35
4970.36
4970.36
4970.36
4970.38
4970.39
4970.41
4970.41
4970.42
4970.42
4970.43
4970.46
4970.46
4970.47
4970.48
4970.49
4970.49
4970.51
4970.52
4970.53
4970.55
4970.58
4970.58
4970.59
4970.59
4970.60
4970.61
4970.63
4970.65
4970.68
4970.68
4970.68
4970.69
4970.70
4970.75
4970.75
4970.76
4970.76
4970.77
4970.77
4970.77
4970.79
4970.81
4970.83
4970.87
4970.88
4970.90
4970.91
4970.96
4970.96
4970.96
4970.98
4970.98
4970.99
4970.99
4970.99
4971.01
4971.03
4971.05
4971.07
4971.09
4971.11
4971.12
4971.14
4971.14
4971.15
4971.15
4971.18
4971.19
4971.21
4971.23
4971.24
4971.27
4971.28
4971.28
4971.30
4971.33
4971.33
4971.33
4971.36
4971.40
4971.41
4971.41
4971.42
4971.43
4971.43
4971.43
4971.43
4971.43
4971.45
4971.47
4971.47
4971.47
4971.49
4971.51
4971.52
4971.52
4971.52
4971.52
4971.53
4971.55
4971.58
4971.59
4971.60
4971.61
4971.63
4971.64
4971.64
4971.65
4971.65
4971.66
4971.67
4971.68
4971.70
4971.70
4971.72
4971.72
4971.72
4971.73
4971.73
4971.74
4971.78
4971.78
4971.78
4971.80
4971.81
4971.81
4971.82
4971.84
4971.86
4971.87
4971.87
4971.90
4971.90
4971.92
4971.92
4971.92
4971.93
4971.93
4971.93
4971.93
4971.94
4971.95
4971.98
4972.00
4972.00
4972.00
4972.03
4972.03
4972.05
4972.08
4972.08
4972.09
4972.11
4972.13
4972.14
4972.16
4972.17
4972.17
4972.21
4972.22
4972.23
4972.24
4972.24
4972.25
4972.25
4972.27
4972.28
4972.29
4972.29
4972.31
4972.32
4972.32
4972.33
4972.33
4972.34
4972.35
4972.40
4972.40
4972.43
4972.43
4972.45
4972.47
4972.52
4972.52
4972.53
4972.53
4972.54
4972.55
4972.55
4972.57
4972.59
4972.59
4972.60
4972.61
4972.62
4972.65
4972.66
4972.68
4972.68
4972.71
4972.72
4972.73
4972.74
4972.74
4972.74
4972.74
4972.75
4972.77
4972.80
4972.81
4972.82
4972.83
4972.84
4972.86
4972.89
4972.90
4972.91
4972.94
4972.95
4972.98
4973.00
4973.00
4973.01
4973.02
4973.02
4973.03
4973.03
4973.04
4973.04
4973.05
4973.05
4973.08
4973.08
4973.10
4973.15
4973.17
4973.17
4973.18
4973.19
4973.20
4973.21
4973.21
4973.21
4973.21
4973.24
4973.24
4973.25
4973.25
4973.28
4973.28
4973.29
4973.29
4973.29
4973.33
4973.34
4973.36
4973.36
4973.38
4973.41
4973.41
4973.41
4973.41
4973.41
4973.42
4973.43
4973.49
4973.49
4973.50
4973.50
4973.50
4973.53
4973.54
4973.54
4973.57
4973.58
4973.58
4973.58
4973.59
4973.59
4973.65
4973.67
4973.69
4973.71
4973.71
4973.71
4973.73
4973.73
4973.75
4973.76
4973.76
4973.76
4973.77
4973.80
4973.81
4973.83
4973.83
4973.84
4973.84
4973.85
4973.86
4973.88
4973.89
4973.90
4973.90
4973.91
4973.93
4973.93
4973.93
4973.93
4973.94
4973.97
4973.97
4973.98
4973.98
4974.04
4974.04
4974.07
4974.09
4974.10
4974.10
4974.11
4974.11
4974.11
4974.11
4974.11
4974.13
4974.14
4974.14
4974.18
4974.19
4974.20
4974.21
4974.22
4974.22
4974.23
4974.25
4974.25
4974.26
4974.27
4974.28
4974.30
4974.30
4974.31
4974.33
4974.33
4974.34
4974.38
4974.43
4974.45
4974.47
4974.48
4974.49
4974.52
4974.52
4974.53
4974.54
4974.59
4974.60
4974.60
4974.61
4974.61
4974.61
4974.62
4974.63
4974.63
4974.64
4974.66
4974.66
4974.69
4974.69
4974.70
4974.71
4974.71
4974.72
4974.72
4974.72
4974.73
4974.74
4974.74
4974.76
4974.76
4974.82
4974.85
4974.85
4974.86
4974.87
4974.88
4974.89
4974.89
4974.90
4974.90
4974.91
4974.92
4974.93
4974.93
4974.93
4974.94
4974.96
4974.97
4974.97
4974.98
4974.98
4974.99
4974.99
4974.99
4975.02
4975.02
4975.03
4975.03
4975.04
4975.04
4975.05
4975.11
4975.11
4975.11
4975.11
4975.12
4975.12
4975.12
4975.14
4975.14
4975.16
4975.16
4975.17
4975.18
4975.18
4975.19
4975.20
4975.22
4975.22
4975.25
4975.26
4975.27
4975.28
4975.31
4975.31
4975.31
4975.32
4975.32
4975.32
4975.33
4975.34
4975.34
4975.35
4975.36
4975.37
4975.38
4975.38
4975.40
4975.40
4975.42
4975.42
4975.43
4975.44
4975.46
4975.46
4975.48
4975.49
4975.50
4975.50
4975.51
4975.51
4975.51
4975.52
4975.52
4975.53
4975.55
4975.55
4975.55
4975.55
4975.56
4975.56
4975.57
4975.58
4975.59
4975.59
4975.59
4975.61
4975.62
4975.62
4975.62
4975.62
4975.63
4975.63
4975.64
4975.64
4975.65
4975.65
4975.66
4975.66
4975.67
4975.70
4975.70
4975.73
4975.74
4975.75
4975.75
4975.76
4975.77
4975.77
4975.80
4975.81
4975.81
4975.81
4975.82
4975.84
4975.88
4975.89
4975.89
4975.89
4975.90
4975.90
4975.90
4975.91
4975.92
4975.92
4975.94
4975.94
4975.96
4975.96
4975.96
4975.96
4975.96
4975.98
4975.99
4976.02
4976.03
4976.03
4976.04
4976.05
4976.06
4976.06
4976.07
4976.07
4976.07
4976.09
4976.11
4976.13
4976.14
4976.18
4976.19
4976.20
4976.22
4976.22
4976.23
4976.25
4976.25
4976.25
4976.26
4976.28
4976.29
4976.32
4976.38
4976.39
4976.40
4976.40
4976.40
4976.41
4976.41
4976.41
4976.41
4976.43
4976.43
4976.43
4976.44
4976.47
4976.47
4976.47
4976.48
4976.49
4976.49
4976.49
4976.50
4976.52
4976.52
4976.52
4976.52
4976.53
4976.55
4976.57
4976.57
4976.57
4976.58
4976.60
4976.60
4976.61
4976.62
4976.65
4976.67
4976.68
4976.68
4976.68
4976.71
4976.71
4976.73
4976.73
4976.73
4976.73
4976.76
4976.76
4976.77
4976.79
4976.80
4976.80
4976.80
4976.81
4976.81
4976.83
4976.83
4976.83
4976.84
4976.85
4976.85
4976.86
4976.87
4976.88
4976.88
4976.88
4976.88
4976.89
4976.96
4976.97
4977.00
4977.01
4977.02
4977.03
4977.05
4977.07
4977.12
4977.14
4977.14
4977.14
4977.15
4977.16
4977.17
4977.17
4977.17
4977.18
4977.19
4977.19
4977.20
4977.20
4977.20
4977.21
4977.24
4977.24
4977.24
4977.24
4977.25
4977.26
4977.27
4977.28
4977.28
4977.31
4977.31
4977.33
4977.34
4977.35
4977.37
4977.38
4977.39
4977.41
4977.42
4977.42
4977.45
4977.47
4977.48
4977.50
4977.50
4977.50
4977.51
4977.53
4977.54
4977.54
4977.56
4977.57
4977.59
4977.61
4977.61
4977.61
4977.62
4977.62
4977.63
4977.66
4977.66
4977.68
4977.70
4977.71
4977.71
4977.71
4977.73
4977.73
4977.75
4977.76
4977.76
4977.77
4977.79
4977.80
4977.80
4977.81
4977.81
4977.81
4977.81
4977.83
4977.84
4977.84
4977.85
4977.87
4977.87
4977.89
4977.90
4977.92
4977.93
4977.96
4977.96
4977.97
4977.98
4978.00
4978.00
4978.01
4978.05
4978.05
4978.09
4978.10
4978.12
4978.13
4978.17
4978.19
4978.20
4978.21
4978.22
4978.22
4978.22
4978.22
4978.25
4978.25
4978.25
4978.26
4978.26
4978.26
4978.27
4978.30
4978.31
4978.31
4978.32
4978.32
4978.35
4978.36
4978.36
4978.37
4978.38
4978.38
4978.38
4978.39
4978.42
4978.42
4978.43
4978.44
4978.44
4978.45
4978.45
4978.45
4978.46
4978.47
4978.51
4978.51
4978.53
4978.53
4978.53
4978.54
4978.54
4978.56
4978.60
4978.61
4978.62
4978.65
4978.66
4978.67
4978.68
4978.69
4978.70
4978.72
4978.72
4978.73
4978.73
4978.73
4978.74
4978.74
4978.75
4978.78
4978.78
4978.78
4978.79
4978.80
4978.81
4978.82
4978.83
4978.84
4978.88
4978.88
4978.89
4978.89
4978.90
4978.90
4978.93
4978.95
4978.95
4978.98
4978.99
4978.99
4979.01
4979.01
4979.02
4979.03
4979.04
4979.04
4979.05
4979.06
4979.07
4979.07
4979.07
4979.14
4979.15
4979.15
4979.15
4979.15
4979.16
4979.16
4979.17
4979.18
4979.18
4979.19
4979.19
4979.20
4979.20
4979.22
4979.24
4979.25
4979.26
4979.28
4979.29
4979.30
4979.30
4979.31
4979.32
4979.32
4979.33
4979.35
4979.35
4979.36
4979.36
4979.36
4979.37
4979.39
4979.40
4979.41
4979.42
4979.42
4979.43
4979.45
4979.45
4979.46
4979.47
4979.49
4979.50
4979.51
4979.51
4979.53
4979.54
4979.54
4979.56
4979.59
4979.59
4979.59
4979.61
4979.64
4979.64
4979.66
4979.67
4979.68
4979.68
4979.69
4979.69
4979.69
4979.69
4979.69
4979.70
4979.70
4979.71
4979.71
4979.73
4979.76
4979.76
4979.78
4979.78
4979.80
4979.80
4979.81
4979.81
4979.82
4979.82
4979.82
4979.82
4979.83
4979.83
4979.84
4979.85
4979.86
4979.88
4979.89
4979.89
4979.89
4979.90
4979.91
4979.91
4979.93
4979.94
4979.94
4979.95
4979.99
4980.00
4980.00
4980.02
4980.02
4980.02
4980.03
4980.04
4980.05
4980.05
4980.06
4980.06
4980.07
4980.07
4980.09
4980.12
4980.12
4980.13
4980.14
4980.15
4980.17
4980.18
4980.19
4980.19
4980.22
4980.22
4980.23
4980.24
4980.24
4980.25
4980.25
4980.28
4980.29
4980.29
4980.29
4980.30
4980.31
4980.31
4980.32
4980.33
4980.34
4980.34
4980.36
4980.36
4980.38
4980.39
4980.40
4980.41
4980.41
4980.43
4980.44
4980.45
4980.45
4980.45
4980.47
4980.48
4980.49
4980.53
4980.53
4980.55
4980.55
4980.58
4980.60
4980.61
4980.61
4980.62
4980.67
4980.67
4980.69
4980.72
4980.73
4980.73
4980.74
4980.74
4980.76
4980.76
4980.77
4980.78
4980.80
4980.80
4980.80
4980.83
4980.84
4980.85
4980.85
4980.85
4980.85
4980.85
4980.86
4980.88
4980.89
4980.92
4980.92
4980.93
4980.93
4980.93
4980.93
4980.94
4980.95
4980.96
4980.96
4980.96
4980.98
4980.99
4981.00
4981.00
4981.00
4981.00
4981.05
4981.05
4981.08
4981.08
4981.09
4981.10
4981.12
4981.12
4981.14
4981.14
4981.15
4981.15
4981.16
4981.16
4981.17
4981.18
4981.20
4981.20
4981.22
4981.22
4981.23
4981.24
4981.24
4981.24
4981.26
4981.27
4981.27
4981.30
4981.32
4981.32
4981.33
4981.33
4981.34
4981.35
4981.36
4981.36
4981.37
4981.38
4981.41
4981.43
4981.44
4981.45
4981.45
4981.45
4981.46
4981.47
4981.47
4981.48
4981.49
4981.49
4981.50
4981.51
4981.52
4981.52
4981.53
4981.54
4981.55
4981.55
4981.56
4981.57
4981.58
4981.58
4981.59
4981.60
4981.61
4981.62
4981.64
4981.64
4981.64
4981.65
4981.66
4981.66
4981.66
4981.68
4981.71
4981.72
4981.72
4981.72
4981.72
4981.73
4981.73
4981.74
4981.74
4981.75
4981.76
4981.79
4981.79
4981.79
4981.79
4981.80
4981.80
4981.80
4981.80
4981.81
4981.82
4981.82
4981.83
4981.83
4981.83
4981.84
4981.87
4981.88
4981.88
4981.89
4981.89
4981.89
4981.91
4981.92
4981.95
4981.96
4981.96
4981.97
4981.97
4981.98
4981.98
4981.99
4982.00
4982.00
4982.00
4982.02
4982.04
4982.05
4982.07
4982.08
4982.08
4982.09
4982.10
4982.12
4982.13
4982.14
4982.14
4982.15
4982.16
4982.17
4982.17
4982.18
4982.18
4982.19
4982.20
4982.23
4982.23
4982.24
4982.25
4982.26
4982.26
4982.27
4982.27
4982.27
4982.27
4982.28
4982.28
4982.28
4982.29
4982.31
4982.32
4982.32
4982.34
4982.34
4982.34
4982.34
4982.35
4982.36
4982.37
4982.37
4982.37
4982.38
4982.38
4982.42
4982.45
4982.46
4982.48
4982.48
4982.49
4982.49
4982.50
4982.52
4982.53
4982.53
4982.54
4982.54
4982.55
4982.56
4982.56
4982.58
4982.60
4982.61
4982.61
4982.61
4982.61
4982.63
4982.63
4982.64
4982.64
4982.65
4982.67
4982.67
4982.68
4982.69
4982.70
4982.75
4982.78
4982.78
4982.80
4982.80
4982.80
4982.80
4982.81
4982.81
4982.82
4982.84
4982.84
4982.85
4982.86
4982.86
4982.86
4982.87
4982.87
4982.87
4982.87
4982.88
4982.89
4982.89
4982.89
4982.90
4982.90
4982.92
4982.92
4982.94
4982.94
4982.95
4982.96
4982.97
4982.98
4982.99
4983.00
4983.01
4983.03
4983.03
4983.04
4983.04
4983.04
4983.05
4983.07
4983.08
4983.10
4983.10
4983.11
4983.13
4983.13
4983.13
4983.15
4983.15
4983.16
4983.16
4983.16
4983.17
4983.17
4983.18
4983.19
4983.19
4983.19
4983.19
4983.20
4983.20
4983.22
4983.23
4983.24
4983.24
4983.24
4983.25
4983.25
4983.26
4983.26
4983.26
4983.27
4983.29
4983.32
4983.32
4983.32
4983.32
4983.34
4983.34
4983.36
4983.36
4983.38
4983.38
4983.39
4983.39
4983.40
4983.40
4983.41
4983.41
4983.43
4983.44
4983.44
4983.44
4983.47
4983.48
4983.49
4983.51
4983.52
4983.52
4983.52
4983.53
4983.54
4983.54
4983.55
4983.56
4983.57
4983.57
4983.58
4983.59
4983.60
4983.61
4983.62
4983.62
4983.62
4983.63
4983.63
4983.63
4983.63
4983.63
4983.64
4983.64
4983.67
4983.67
4983.67
4983.69
4983.69
4983.70
4983.71
4983.71
4983.72
4983.74
4983.74
4983.74
4983.75
4983.76
4983.76
4983.80
4983.81
4983.82
4983.83
4983.84
4983.86
4983.86
4983.87
4983.90
4983.90
4983.90
4983.91
4983.91
4983.94
4983.95
4983.95
4983.96
4983.96
4983.96
4983.98
4984.01
4984.02
4984.02
4984.05
4984.06
4984.07
4984.08
4984.08
4984.09
4984.09
4984.10
4984.10
4984.12
4984.13
4984.13
4984.14
4984.18
4984.18
4984.18
4984.19
4984.19
4984.22
4984.23
4984.23
4984.24
4984.26
4984.27
4984.28
4984.28
4984.29
4984.30
4984.30
4984.31
4984.32
4984.32
4984.34
4984.34
4984.34
4984.35
4984.35
4984.35
4984.36
4984.37
4984.37
4984.37
4984.37
4984.38
4984.38
4984.39
4984.39
4984.39
4984.40
4984.40
4984.41
4984.41
4984.41
4984.42
4984.42
4984.45
4984.46
4984.47
4984.48
4984.49
4984.49
4984.50
4984.50
4984.51
4984.52
4984.52
4984.54
4984.55
4984.55
4984.55
4984.56
4984.56
4984.56
4984.56
4984.57
4984.57
4984.58
4984.58
4984.59
4984.59
4984.59
4984.60
4984.60
4984.61
4984.64
4984.64
4984.65
4984.67
4984.67
4984.68
4984.68
4984.68
4984.68
4984.69
4984.69
4984.73
4984.73
4984.74
4984.74
4984.76
4984.76
4984.78
4984.78
4984.80
4984.81
4984.81
4984.82
4984.84
4984.84
4984.84
4984.84
4984.86
4984.90
4984.90
4984.91
4984.91
4984.93
4984.94
4984.96
4984.99
4984.99
4985.00
4985.00
4985.00
4985.00
4985.01
4985.02
4985.02
4985.03
4985.04
4985.05
4985.07
4985.07
4985.08
4985.08
4985.11
4985.13
4985.14
4985.14
4985.16
4985.16
4985.19
4985.19
4985.19
4985.20
4985.21
4985.21
4985.21
4985.22
4985.22
4985.23
4985.24
4985.24
4985.24
4985.25
4985.26
4985.27
4985.27
4985.28
4985.28
4985.32
4985.32
4985.32
4985.32
4985.35
4985.37
4985.38
4985.38
4985.39
4985.40
4985.40
4985.41
4985.41
4985.41
4985.41
4985.41
4985.42
4985.43
4985.44
4985.44
4985.45
4985.45
4985.46
4985.46
4985.47
4985.48
4985.49
4985.49
4985.49
4985.51
4985.53
4985.56
4985.56
4985.57
4985.57
4985.58
4985.59
4985.59
4985.59
4985.59
4985.59
4985.60
4985.60
4985.62
4985.63
4985.64
4985.65
4985.65
4985.65
4985.66
4985.67
4985.67
4985.67
4985.68
4985.68
4985.69
4985.69
4985.69
4985.70
4985.70
4985.71
4985.71
4985.71
4985.72
4985.73
4985.74
4985.75
4985.78
4985.80
4985.85
4985.85
4985.86
4985.86
4985.86
4985.87
4985.88
4985.89
4985.89
4985.89
4985.90
4985.90
4985.90
4985.92
4985.94
4985.94
4985.94
4985.94
4985.95
4985.96
4985.97
4985.97
4985.97
4985.98
4985.98
4985.99
4986.00
4986.01
4986.01
4986.02
4986.03
4986.04
4986.04
4986.04
4986.05
4986.05
4986.06
4986.07
4986.07
4986.08
4986.08
4986.09
4986.09
4986.09
4986.10
4986.11
4986.11
4986.12
4986.12
4986.15
4986.15
4986.15
4986.15
4986.17
4986.18
4986.18
4986.18
4986.18
4986.19
4986.19
4986.20
4986.20
4986.22
4986.23
4986.26
4986.27
4986.28
4986.31
4986.31
4986.31
4986.31
4986.31
4986.32
4986.32
4986.33
4986.36
4986.37
4986.37
4986.38
4986.38
4986.38
4986.38
4986.39
4986.40
4986.40
4986.40
4986.42
4986.44
4986.45
4986.46
4986.48
4986.50
4986.51
4986.51
4986.51
4986.54
4986.55
4986.56
4986.56
4986.56
4986.56
4986.57
4986.57
4986.57
4986.58
4986.60
4986.60
4986.61
4986.61
4986.63
4986.66
4986.68
4986.68
4986.68
4986.69
4986.69
4986.69
4986.70
4986.70
4986.70
4986.72
4986.73
4986.75
4986.75
4986.78
4986.78
4986.79
4986.79
4986.79
4986.80
4986.81
4986.82
4986.83
4986.84
4986.84
4986.84
4986.85
4986.86
4986.86
4986.87
4986.87
4986.88
4986.88
4986.89
4986.89
4986.89
4986.90
4986.92
4986.93
4986.93
4986.94
4986.94
4986.94
4986.94
4986.95
4986.96
4986.97
4987.01
4987.01
4987.02
4987.02
4987.03
4987.05
4987.06
4987.06
4987.06
4987.06
4987.06
4987.08
4987.08
4987.08
4987.09
4987.11
4987.12
4987.13
4987.15
4987.15
4987.16
4987.17
4987.18
4987.18
4987.18
4987.18
4987.19
4987.21
4987.21
4987.22
4987.22
4987.24
4987.24
4987.25
4987.25
4987.25
4987.25
4987.26
4987.26
4987.26
4987.27
4987.27
4987.29
4987.30
4987.31
4987.32
4987.32
4987.32
4987.32
4987.34
4987.34
4987.34
4987.35
4987.36
4987.36
4987.37
4987.39
4987.41
4987.41
4987.42
4987.42
4987.42
4987.42
4987.44
4987.44
4987.45
4987.45
4987.46
4987.46
4987.47
4987.48
4987.48
4987.48
4987.48
4987.48
4987.48
4987.49
4987.50
4987.50
4987.50
4987.51
4987.52
4987.53
4987.54
4987.55
4987.57
4987.57
4987.58
4987.62
4987.64
4987.65
4987.65
4987.66
4987.66
4987.67
4987.68
4987.70
4987.70
4987.71
4987.71
4987.72
4987.72
4987.73
4987.73
4987.74
4987.74
4987.75
4987.75
4987.77
4987.78
4987.80
4987.80
4987.81
4987.82
4987.82
4987.82
4987.82
4987.83
4987.83
4987.85
4987.85
4987.86
4987.86
4987.87
4987.88
4987.89
4987.90
4987.90
4987.93
4987.93
4987.93
4987.93
4987.95
4987.97
4987.97
4987.98
4987.98
4987.98
4987.98
4987.99
4988.02
4988.02
4988.04
4988.04
4988.05
4988.08
4988.08
4988.08
4988.08
4988.10
4988.11
4988.11
4988.12
4988.13
4988.14
4988.17
4988.17
4988.18
4988.24
4988.25
4988.26
4988.27
4988.27
4988.27
4988.28
4988.29
4988.29
4988.30
4988.30
4988.31
4988.31
4988.31
4988.33
4988.33
4988.34
4988.36
4988.37
4988.38
4988.39
4988.39
4988.44
4988.44
4988.45
4988.45
4988.47
4988.47
4988.48
4988.48
4988.48
4988.50
4988.50
4988.51
4988.54
4988.54
4988.55
4988.58
4988.59
4988.60
4988.61
4988.62
4988.64
4988.64
4988.65
4988.65
4988.65
4988.65
4988.65
4988.67
4988.67
4988.69
4988.69
4988.70
4988.71
4988.72
4988.72
4988.73
4988.75
4988.75
4988.76
4988.77
4988.77
4988.77
4988.79
4988.80
4988.80
4988.80
4988.82
4988.82
4988.82
4988.84
4988.86
4988.86
4988.88
4988.89
4988.90
4988.91
4988.94
4988.94
4988.95
4988.96
4988.97
4988.97
4988.98
4988.99
4989.01
4989.01
4989.01
4989.02
4989.04
4989.05
4989.06
4989.06
4989.06
4989.07
4989.08
4989.08
4989.09
4989.09
4989.09
4989.10
4989.11
4989.11
4989.11
4989.12
4989.12
4989.12
4989.13
4989.15
4989.16
4989.16
4989.17
4989.20
4989.23
4989.24
4989.24
4989.26
4989.27
4989.28
4989.29
4989.29
4989.29
4989.30
4989.30
4989.31
4989.31
4989.31
4989.32
4989.32
4989.33
4989.33
4989.33
4989.34
4989.35
4989.35
4989.36
4989.37
4989.37
4989.37
4989.37
4989.38
4989.39
4989.39
4989.40
4989.41
4989.42
4989.43
4989.43
4989.43
4989.44
4989.44
4989.44
4989.48
4989.49
4989.49
4989.50
4989.51
4989.51
4989.51
4989.52
4989.52
4989.53
4989.54
4989.55
4989.55
4989.56
4989.56
4989.59
4989.59
4989.61
4989.62
4989.62
4989.62
4989.63
4989.64
4989.64
4989.66
4989.66
4989.68
4989.68
4989.69
4989.69
4989.70
4989.71
4989.71
4989.74
4989.74
4989.74
4989.75
4989.76
4989.77
4989.77
4989.78
4989.78
4989.78
4989.81
4989.81
4989.82
4989.82
4989.82
4989.84
4989.84
4989.85
4989.85
4989.85
4989.86
4989.86
4989.86
4989.87
4989.88
4989.89
4989.90
4989.91
4989.92
4989.92
4989.94
4989.94
4989.94
4989.94
4989.97
4989.98
4989.99
4989.99
4990.00
4990.00
4990.01
4990.02
4990.02
4990.03
4990.03
4990.06
4990.06
4990.06
4990.07
4990.08
4990.08
4990.10
4990.11
4990.12
4990.12
4990.13
4990.13
4990.13
4990.14
4990.14
4990.16
4990.18
4990.21
4990.22
4990.22
4990.24
4990.26
4990.29
4990.29
4990.30
4990.30
4990.30
4990.33
4990.34
4990.34
4990.34
4990.34
4990.35
4990.35
4990.36
4990.38
4990.40
4990.41
4990.41
4990.43
4990.44
4990.44
4990.45
4990.46
4990.47
4990.47
4990.49
4990.50
4990.51
4990.59
4990.59
4990.59
4990.60
4990.60
4990.61
4990.62
4990.62
4990.62
4990.62
4990.63
4990.63
4990.63
4990.63
4990.63
4990.64
4990.65
4990.65
4990.67
4990.68
4990.69
4990.71
4990.72
4990.72
4990.72
4990.72
4990.73
4990.73
4990.74
4990.77
4990.78
4990.79
4990.79
4990.79
4990.79
4990.81
4990.83
4990.84
4990.85
4990.86
4990.86
4990.88
4990.88
4990.90
4990.91
4990.93
4990.94
4990.95
4990.95
4990.95
4990.95
4990.96
4990.96
4990.96
4990.97
4990.97
4990.97
4990.98
4990.99
4990.99
4991.00
4991.02
4991.02
4991.03
4991.03
4991.05
4991.05
4991.06
4991.07
4991.07
4991.07
4991.08
4991.08
4991.09
4991.11
4991.11
4991.11
4991.12
4991.13
4991.13
4991.14
4991.14
4991.15
4991.16
4991.16
4991.19
4991.19
4991.19
4991.21
4991.22
4991.22
4991.23
4991.23
4991.24
4991.25
4991.25
4991.25
4991.25
4991.26
4991.26
4991.26
4991.28
4991.28
4991.29
4991.30
4991.30
4991.30
4991.31
4991.33
4991.34
4991.34
4991.35
4991.35
4991.36
4991.36
4991.37
4991.37
4991.38
4991.39
4991.39
4991.39
4991.41
4991.42
4991.42
4991.43
4991.43
4991.45
4991.45
4991.48
4991.48
4991.50
4991.50
4991.51
4991.51
4991.52
4991.56
4991.56
4991.56
4991.57
4991.58
4991.59
4991.61
4991.61
4991.63
4991.64
4991.65
4991.65
4991.65
4991.66
4991.66
4991.67
4991.69
4991.70
4991.70
4991.70
4991.71
4991.71
4991.71
4991.73
4991.73
4991.75
4991.76
4991.77
4991.77
4991.78
4991.79
4991.80
4991.81
4991.82
4991.83
4991.83
4991.84
4991.84
4991.85
4991.86
4991.86
4991.86
4991.87
4991.88
4991.89
4991.90
4991.90
4991.90
4991.91
4991.92
4991.93
4991.95
4991.95
4991.95
4991.95
4991.96
4991.96
4991.97
4991.98
4991.98
4991.98
4991.99
4992.00
4992.01
4992.02
4992.03
4992.03
4992.04
4992.04
4992.05
4992.06
4992.07
4992.08
4992.08
4992.08
4992.09
4992.09
4992.10
4992.10
4992.11
4992.11
4992.12
4992.16
4992.17
4992.20
4992.21
4992.21
4992.21
4992.22
4992.22
4992.23
4992.23
4992.26
4992.26
4992.26
4992.29
4992.29
4992.30
4992.31
4992.31
4992.32
4992.32
4992.32
4992.33
4992.33
4992.34
4992.35
4992.36
4992.36
4992.36
4992.37
4992.38
4992.38
4992.40
4992.40
4992.42
4992.42
4992.43
4992.43
4992.45
4992.47
4992.49
4992.50
4992.50
4992.51
4992.51
4992.52
4992.53
4992.54
4992.58
4992.59
4992.59
4992.59
4992.59
4992.60
4992.60
4992.60
4992.60
4992.60
4992.61
4992.62
4992.63
4992.63
4992.64
4992.64
4992.64
4992.65
4992.66
4992.66
4992.67
4992.67
4992.67
4992.69
4992.71
4992.73
4992.74
4992.75
4992.75
4992.75
4992.76
4992.76
4992.78
4992.78
4992.79
4992.79
4992.80
4992.82
4992.84
4992.85
4992.85
4992.86
4992.86
4992.86
4992.86
4992.87
4992.87
4992.88
4992.88
4992.89
4992.90
4992.91
4992.92
4992.93
4992.94
4992.95
4992.97
4992.97
4992.99
4992.99
4992.99
4993.00
4993.00
4993.01
4993.02
4993.02
4993.02
4993.03
4993.04
4993.05
4993.06
4993.06
4993.07
4993.07
4993.10
4993.10
4993.11
4993.12
4993.12
4993.12
4993.12
4993.13
4993.14
4993.15
4993.17
4993.17
4993.18
4993.18
4993.18
4993.20
4993.20
4993.23
4993.23
4993.24
4993.25
4993.26
4993.26
4993.28
4993.28
4993.30
4993.30
4993.31
4993.32
4993.32
4993.33
4993.34
4993.34
4993.34
4993.35
4993.37
4993.38
4993.38
4993.38
4993.39
4993.39
4993.40
4993.40
4993.41
4993.41
4993.42
4993.42
4993.43
4993.44
4993.44
4993.45
4993.45
4993.48
4993.48
4993.49
4993.49
4993.51
4993.51
4993.52
4993.52
4993.54
4993.55
4993.58
4993.58
4993.58
4993.59
4993.59
4993.59
4993.59
4993.59
4993.60
4993.61
4993.61
4993.61
4993.61
4993.66
4993.66
4993.68
4993.68
4993.70
4993.73
4993.75
4993.75
4993.76
4993.77
4993.77
4993.79
4993.81
4993.81
4993.81
4993.81
4993.82
4993.82
4993.83
4993.83
4993.85
4993.87
4993.89
4993.89
4993.90
4993.90
4993.90
4993.91
4993.91
4993.92
4993.92
4993.93
4993.93
4993.95
4993.95
4993.95
4993.96
4993.96
4993.97
4993.97
4993.98
4993.99
4993.99
4994.00
4994.00
4994.00
4994.04
4994.05
4994.05
4994.06
4994.07
4994.07
4994.07
4994.09
4994.10
4994.11
4994.13
4994.13
4994.14
4994.14
4994.15
4994.15
4994.15
4994.21
4994.21
4994.21
4994.21
4994.21
4994.23
4994.25
4994.25
4994.26
4994.28
4994.29
4994.30
4994.30
4994.30
4994.31
4994.31
4994.31
4994.35
4994.35
4994.35
4994.35
4994.36
4994.36
4994.36
4994.36
4994.37
4994.37
4994.37
4994.39
4994.41
4994.42
4994.43
4994.44
4994.46
4994.47
4994.47
4994.50
4994.52
4994.52
4994.52
4994.53
4994.53
4994.54
4994.54
4994.55
4994.55
4994.57
4994.59
4994.59
4994.59
4994.59
4994.60
4994.61
4994.62
4994.63
4994.63
4994.64
4994.65
4994.65
4994.65
4994.68
4994.71
4994.71
4994.71
4994.72
4994.73
4994.73
4994.74
4994.74
4994.74
4994.74
4994.74
4994.76
4994.76
4994.77
4994.78
4994.81
4994.82
4994.82
4994.84
4994.84
4994.85
4994.85
4994.86
4994.89
4994.91
4994.91
4994.91
4994.92
4994.93
4994.94
4994.96
4994.96
4994.97
4994.97
4994.97
4994.98
4994.98
4994.98
4994.98
4994.99
4994.99
4995.00
4995.00
4995.00
4995.00
4995.01
4995.01
4995.02
4995.02
4995.02
4995.04
4995.04
4995.05
4995.05
4995.07
4995.08
4995.09
4995.12
4995.13
4995.13
4995.14
4995.15
4995.15
4995.16
4995.18
4995.19
4995.19
4995.20
4995.20
4995.22
4995.22
4995.22
4995.23
4995.25
4995.26
4995.27
4995.27
4995.27
4995.29
4995.29
4995.30
4995.30
4995.31
4995.32
4995.32
4995.35
4995.35
4995.37
4995.38
4995.38
4995.41
4995.41
4995.43
4995.44
4995.45
4995.45
4995.46
4995.46
4995.47
4995.47
4995.49
4995.52
4995.53
4995.53
4995.53
4995.53
4995.54
4995.54
4995.54
4995.57
4995.57
4995.58
4995.58
4995.59
4995.59
4995.61
4995.62
4995.62
4995.63
4995.63
4995.63
4995.65
4995.65
4995.66
4995.66
4995.67
4995.68
4995.69
4995.69
4995.69
4995.70
4995.70
4995.70
4995.70
4995.70
4995.72
4995.73
4995.73
4995.73
4995.74
4995.78
4995.78
4995.79
4995.80
4995.80
4995.82
4995.82
4995.83
4995.84
4995.85
4995.86
4995.87
4995.88
4995.90
4995.91
4995.91
4995.92
4995.93
4995.93
4995.93
4995.94
4995.94
4995.94
4995.96
4995.96
4995.98
4995.98
4995.98
4995.98
4996.00
4996.00
4996.02
4996.03
4996.03
4996.04
4996.04
4996.05
4996.05
4996.06
4996.07
4996.08
4996.08
4996.09
4996.09
4996.10
4996.10
4996.12
4996.13
4996.15
4996.15
4996.16
4996.16
4996.16
4996.17
4996.17
4996.18
4996.18
4996.18
4996.19
4996.22
4996.23
4996.24
4996.25
4996.25
4996.27
4996.27
4996.28
4996.28
4996.28
4996.28
4996.30
4996.33
4996.33
4996.33
4996.34
4996.35
4996.35
4996.35
4996.39
4996.39
4996.40
4996.41
4996.41
4996.41
4996.42
4996.42
4996.44
4996.46
4996.46
4996.46
4996.46
4996.47
4996.47
4996.47
4996.47
4996.48
4996.49
4996.50
4996.50
4996.51
4996.52
4996.52
4996.53
4996.53
4996.53
4996.53
4996.55
4996.55
4996.56
4996.56
4996.57
4996.58
4996.59
4996.60
4996.62
4996.64
4996.64
4996.64
4996.66
4996.66
4996.67
4996.68
4996.69
4996.69
4996.69
4996.70
4996.71
4996.74
4996.74
4996.74
4996.75
4996.75
4996.75
4996.76
4996.76
4996.76
4996.77
4996.78
4996.78
4996.78
4996.79
4996.79
4996.79
4996.82
4996.82
4996.82
4996.84
4996.86
4996.87
4996.87
4996.87
4996.88
4996.88
4996.88
4996.89
4996.90
4996.90
4996.91
4996.91
4996.91
4996.93
4996.94
4996.94
4996.94
4996.94
4996.95
4996.96
4996.97
4996.98
4997.00
4997.00
4997.00
4997.01
4997.02
4997.02
4997.02
4997.02
4997.03
4997.04
4997.05
4997.05
4997.05
4997.06
4997.07
4997.10
4997.11
4997.12
4997.13
4997.13
4997.15
4997.15
4997.16
4997.16
4997.16
4997.19
4997.20
4997.21
4997.21
4997.21
4997.21
4997.23
4997.24
4997.25
4997.25
4997.25
4997.25
4997.26
4997.26
4997.27
4997.28
4997.28
4997.29
4997.31
4997.31
4997.32
4997.34
4997.36
4997.39
4997.39
4997.42
4997.43
4997.43
4997.44
4997.46
4997.47
4997.48
4997.51
4997.51
4997.51
4997.53
4997.55
4997.55
4997.55
4997.55
4997.55
4997.56
4997.57
4997.57
4997.58
4997.58
4997.58
4997.58
4997.58
4997.59
4997.59
4997.59
4997.60
4997.61
4997.61
4997.62
4997.63
4997.63
4997.64
4997.67
4997.67
4997.67
4997.68
4997.68
4997.68
4997.70
4997.70
4997.70
4997.70
4997.72
4997.73
4997.73
4997.73
4997.74
4997.75
4997.75
4997.77
4997.78
4997.79
4997.82
4997.82
4997.82
4997.83
4997.83
4997.84
4997.85
4997.85
4997.86
4997.86
4997.86
4997.87
4997.87
4997.87
4997.89
4997.90
4997.90
4997.90
4997.90
4997.93
4997.94
4997.94
4997.94
4997.95
4997.95
4997.97
4997.97
4997.97
4997.97
4997.98
4998.00
4998.00
4998.01
4998.01
4998.01
4998.02
4998.02
4998.03
4998.06
4998.07
4998.08
4998.09
4998.09
4998.11
4998.11
4998.11
4998.12
4998.14
4998.15
4998.15
4998.16
4998.16
4998.16
4998.17
4998.19
4998.20
4998.20
4998.21
4998.21
4998.21
4998.23
4998.23
4998.25
4998.26
4998.27
4998.28
4998.28
4998.29
4998.29
4998.30
4998.30
4998.30
4998.30
4998.31
4998.31
4998.32
4998.32
4998.33
4998.34
4998.35
4998.36
4998.36
4998.36
4998.37
4998.38
4998.39
4998.39
4998.40
4998.43
4998.44
4998.44
4998.44
4998.45
4998.45
4998.45
4998.47
4998.47
4998.47
4998.47
4998.47
4998.48
4998.48
4998.49
4998.49
4998.51
4998.51
4998.52
4998.52
4998.53
4998.53
4998.53
4998.54
4998.54
4998.55
4998.55
4998.58
4998.58
4998.58
4998.61
4998.61
4998.62
4998.63
4998.63
4998.65
4998.66
4998.66
4998.66
4998.69
4998.69
4998.69
4998.70
4998.71
4998.72
4998.72
4998.72
4998.74
4998.75
4998.75
4998.75
4998.75
4998.76
4998.76
4998.78
4998.78
4998.79
4998.81
4998.81
4998.82
4998.83
4998.83
4998.83
4998.83
4998.85
4998.86
4998.86
4998.87
4998.87
4998.87
4998.87
4998.88
4998.89
4998.90
4998.91
4998.91
4998.92
4998.92
4998.93
4998.93
4998.94
4998.96
4998.96
4998.97
4998.98
4998.98
4998.99
4999.00
4999.01
4999.01
4999.02
4999.03
4999.03
4999.04
4999.05
4999.06
4999.07
4999.07
4999.09
4999.09
4999.11
4999.11
4999.13
4999.13
4999.15
4999.15
4999.16
4999.16
4999.16
4999.16
4999.17
4999.17
4999.21
4999.21
4999.21
4999.22
4999.23
4999.23
4999.24
4999.25
4999.26
4999.27
4999.29
4999.29
4999.30
4999.30
4999.31
4999.32
4999.32
4999.33
4999.33
4999.33
4999.34
4999.36
4999.37
4999.39
4999.39
4999.40
4999.40
4999.42
4999.42
4999.42
4999.43
4999.43
4999.43
4999.43
4999.45
4999.45
4999.46
4999.47
4999.49
4999.50
4999.51
4999.51
4999.51
4999.51
4999.53
4999.53
4999.55
4999.56
4999.57
4999.57
4999.58
4999.59
4999.59
4999.59
4999.60
4999.61
4999.62
4999.62
4999.62
4999.62
4999.64
4999.64
4999.64
4999.64
4999.65
4999.65
4999.66
4999.67
4999.68
4999.68
4999.68
4999.69
4999.70
4999.71
4999.72
4999.74
4999.75
4999.75
4999.75
4999.77
4999.77
4999.78
4999.79
4999.79
4999.79
4999.81
4999.81
4999.82
4999.82
4999.83
4999.83
4999.83
4999.84
4999.84
4999.87
4999.87
4999.88
4999.90
4999.90
4999.91
4999.92
4999.92
4999.93
4999.93
4999.96
4999.96
4999.97
4999.98
4999.98
4999.99
4999.99
4999.99
5000.01
5000.02
5000.02
5000.02
5000.03
5000.04
5000.05
5000.05
5000.07
5000.09
5000.10
5000.10
5000.10
5000.10
5000.11
5000.11
5000.11
5000.12
5000.12
5000.13
5000.13
5000.14
5000.14
5000.14
5000.14
5000.14
5000.16
5000.16
5000.18
5000.19
5000.19
5000.19
5000.20
5000.21
5000.22
5000.23
5000.23
5000.23
5000.24
5000.25
5000.25
5000.25
5000.25
5000.27
5000.27
5000.27
5000.27
5000.27
5000.27
5000.28
5000.29
5000.29
5000.30
5000.31
5000.31
5000.32
5000.32
5000.32
5000.33
5000.33
5000.33
5000.35
5000.35
5000.35
5000.36
5000.37
5000.39
5000.41
5000.41
5000.41
5000.42
5000.43
5000.43
5000.43
5000.43
5000.44
5000.44
5000.44
5000.45
5000.46
5000.46
5000.46
5000.47
5000.48
5000.49
5000.51
5000.52
5000.54
5000.55
5000.57
5000.57
5000.59
5000.59
5000.60
5000.60
5000.60
5000.63
5000.64
5000.64
5000.66
5000.66
5000.67
5000.68
5000.68
5000.68
5000.68
5000.68
5000.68
5000.69
5000.70
5000.71
5000.72
5000.72
5000.72
5000.73
5000.73
5000.73
5000.73
5000.74
5000.75
5000.75
5000.75
5000.76
5000.76
5000.77
5000.77
5000.77
5000.77
5000.77
5000.77
5000.77
5000.77
5000.77
5000.77
5000.77
5000.77
5000.77
5000.77
5000.77
5000.77
5000.77
5000.77
5000.77
5000.78
5000.78
5000.80
5000.80
5000.80
5000.80
5000.81
5000.81
5000.81
5000.81
5000.81
5000.82
5000.82
5000.83
5000.83
5000.83
5000.84
5000.84
5000.84
5000.85
5000.86
5000.86
5000.86
5000.87
5000.87
5000.87
5000.88
5000.89
5000.89
5000.93
5000.95
5000.95
5000.96
5000.98
5000.98
5000.99
5000.99
5001.01
5001.02
5001.03
5001.03
5001.03
5001.04
5001.04
5001.04
5001.05
5001.06
5001.06
5001.08
5001.08
5001.08
5001.10
5001.10
5001.10
5001.10
5001.10
5001.11
5001.12
5001.12
5001.13
5001.14
5001.14
5001.15
5001.15
5001.15
5001.16
5001.17
5001.17
5001.18
5001.19
5001.20
5001.20
5001.21
5001.22
5001.22
5001.23
5001.23
5001.23
5001.23
5001.24
5001.24
5001.27
5001.27
5001.27
5001.28
5001.28
5001.32
5001.33
5001.33
5001.33
5001.33
5001.34
5001.34
5001.36
5001.38
5001.38
5001.41
5001.42
5001.42
5001.42
5001.43
5001.44
5001.44
5001.45
5001.46
5001.46
5001.47
5001.49
5001.49
5001.50
5001.50
5001.51
5001.51
5001.52
5001.53
5001.53
5001.56
5001.56
5001.56
5001.57
5001.57
5001.57
5001.58
5001.59
5001.59
5001.59
5001.59
5001.59
5001.60
5001.60
5001.62
5001.63
5001.64
5001.65
5001.67
5001.67
5001.67
5001.68
5001.68
5001.68
5001.69
5001.71
5001.71
5001.72
5001.73
5001.73
5001.73
5001.74
5001.74
5001.74
5001.75
5001.76
5001.77
5001.77
5001.78
5001.78
5001.79
5001.80
5001.80
5001.80
5001.83
5001.84
5001.84
5001.86
5001.86
5001.86
5001.88
5001.89
5001.89
5001.89
5001.90
5001.90
5001.91
5001.92
5001.94
5001.97
5001.99
5001.99
5002.01
5002.01
5002.01
5002.03
5002.03
5002.04
5002.06
5002.06
5002.08
5002.09
5002.09
5002.10
5002.10
5002.10
5002.10
5002.12
5002.12
5002.13
5002.14
5002.14
5002.15
5002.16
5002.16
5002.16
5002.17
5002.17
5002.19
5002.20
5002.20
5002.20
5002.20
5002.20
5002.21
5002.21
5002.22
5002.23
5002.24
5002.24
5002.26
5002.26
5002.27
5002.27
5002.28
5002.28
5002.28
5002.29
5002.29
5002.29
5002.30
5002.31
5002.31
5002.31
5002.32
5002.32
5002.34
5002.34
5002.34
5002.34
5002.35
5002.36
5002.36
5002.38
5002.39
5002.39
5002.39
5002.41
5002.41
5002.42
5002.43
5002.43
5002.46
5002.46
5002.46
5002.46
5002.47
5002.47
5002.51
5002.52
5002.52
5002.52
5002.52
5002.54
5002.54
5002.54
5002.55
5002.55
5002.55
5002.57
5002.58
5002.59
5002.59
5002.60
5002.60
5002.61
5002.61
5002.62
5002.62
5002.63
5002.63
5002.64
5002.64
5002.64
5002.65
5002.66
5002.66
5002.67
5002.67
5002.68
5002.68
5002.69
5002.69
5002.70
5002.71
5002.71
5002.72
5002.73
5002.74
5002.75
5002.76
5002.76
5002.77
5002.77
5002.77
5002.78
5002.78
5002.79
5002.80
5002.80
5002.81
5002.83
5002.84
5002.84
5002.88
5002.89
5002.92
5002.95
5002.95
5002.95
5002.98
5002.98
5002.99
5002.99
5003.00
5003.01
5003.01
5003.01
5003.01
5003.01
5003.02
5003.03
5003.05
5003.05
5003.06
5003.07
5003.07
5003.07
5003.08
5003.08
5003.09
5003.11
5003.11
5003.11
5003.13
5003.14
5003.14
5003.15
5003.15
5003.20
5003.20
5003.21
5003.21
5003.22
5003.23
5003.25
5003.26
5003.28
5003.28
5003.28
5003.29
5003.31
5003.31
5003.32
5003.32
5003.32
5003.33
5003.34
5003.34
5003.35
5003.35
5003.36
5003.37
5003.37
5003.37
5003.38
5003.38
5003.38
5003.38
5003.39
5003.39
5003.39
5003.40
5003.41
5003.42
5003.43
5003.43
5003.45
5003.46
5003.46
5003.46
5003.47
5003.49
5003.49
5003.49
5003.49
5003.50
5003.50
5003.52
5003.54
5003.54
5003.55
5003.55
5003.56
5003.56
5003.58
5003.61
5003.62
5003.63
5003.64
5003.64
5003.64
5003.65
5003.66
5003.66
5003.69
5003.69
5003.70
5003.70
5003.70
5003.71
5003.72
5003.73
5003.74
5003.74
5003.75
5003.76
5003.76
5003.76
5003.77
5003.77
5003.79
5003.80
5003.81
5003.82
5003.82
5003.82
5003.83
5003.83
5003.84
5003.84
5003.84
5003.84
5003.85
5003.85
5003.86
5003.86
5003.91
5003.92
5003.92
5003.92
5003.96
5003.96
5003.96
5003.98
5003.98
5003.99
5003.99
5004.00
5004.00
5004.00
5004.00
5004.00
5004.01
5004.02
5004.03
5004.03
5004.03
5004.04
5004.04
5004.06
5004.07
5004.07
5004.07
5004.07
5004.08
5004.08
5004.08
5004.09
5004.10
5004.13
5004.14
5004.14
5004.16
5004.18
5004.18
5004.18
5004.19
5004.19
5004.19
5004.19
5004.20
5004.21
5004.21
5004.21
5004.22
5004.22
5004.23
5004.24
5004.24
5004.24
5004.24
5004.26
5004.27
5004.27
5004.27
5004.28
5004.28
5004.29
5004.30
5004.30
5004.30
5004.32
5004.32
5004.33
5004.35
5004.35
5004.36
5004.41
5004.41
5004.42
5004.43
5004.43
5004.44
5004.45
5004.45
5004.45
5004.47
5004.48
5004.49
5004.50
5004.50
5004.52
5004.53
5004.54
5004.54
5004.55
5004.56
5004.56
5004.57
5004.58
5004.58
5004.60
5004.60
5004.61
5004.61
5004.62
5004.62
5004.62
5004.62
5004.63
5004.66
5004.66
5004.67
5004.67
5004.67
5004.67
5004.68
5004.68
5004.68
5004.71
5004.71
5004.72
5004.72
5004.72
5004.72
5004.72
5004.72
5004.73
5004.73
5004.74
5004.74
5004.74
5004.75
5004.75
5004.75
5004.76
5004.76
5004.76
5004.76
5004.77
5004.78
5004.78
5004.79
5004.79
5004.79
5004.80
5004.83
5004.83
5004.85
5004.85
5004.86
5004.87
5004.88
5004.89
5004.89
5004.89
5004.93
5004.93
5004.93
5004.94
5004.94
5004.97
5004.98
5004.99
5005.00
5005.00
5005.01
5005.01
5005.01
5005.01
5005.03
5005.04
5005.05
5005.05
5005.07
5005.08
5005.09
5005.10
5005.10
5005.11
5005.11
5005.11
5005.11
5005.11
5005.12
5005.13
5005.13
5005.14
5005.16
5005.17
5005.17
5005.18
5005.19
5005.20
5005.20
5005.21
5005.21
5005.21
5005.21
5005.21
5005.22
5005.23
5005.24
5005.25
5005.26
5005.27
5005.27
5005.28
5005.29
5005.32
5005.33
5005.34
5005.34
5005.35
5005.36
5005.36
5005.36
5005.37
5005.37
5005.38
5005.39
5005.39
5005.39
5005.39
5005.39
5005.39
5005.39
5005.39
5005.40
5005.40
5005.41
5005.41
5005.42
5005.43
5005.44
5005.44
5005.44
5005.45
5005.45
5005.45
5005.45
5005.46
5005.46
5005.47
5005.48
5005.50
5005.50
5005.50
5005.51
5005.51
5005.53
5005.53
5005.53
5005.54
5005.54
5005.55
5005.55
5005.56
5005.56
5005.57
5005.57
5005.58
5005.58
5005.58
5005.60
5005.60
5005.60
5005.60
5005.63
5005.64
5005.65
5005.65
5005.65
5005.66
5005.66
5005.67
5005.67
5005.68
5005.68
5005.68
5005.69
5005.69
5005.70
5005.70
5005.70
5005.71
5005.73
5005.74
5005.74
5005.74
5005.77
5005.77
5005.87
5005.87
5005.87
5005.88
5005.89
5005.89
5005.90
5005.92
5005.93
5005.96
5005.97
5005.97
5005.97
5005.98
5005.99
5006.00
5006.00
5006.00
5006.00
5006.01
5006.01
5006.01
5006.01
5006.02
5006.04
5006.05
5006.05
5006.06
5006.06
5006.06
5006.08
5006.08
5006.09
5006.10
5006.11
5006.11
5006.11
5006.12
5006.12
5006.13
5006.14
5006.14
5006.14
5006.15
5006.16
5006.17
5006.18
5006.18
5006.19
5006.20
5006.22
5006.22
5006.23
5006.23
5006.24
5006.25
5006.26
5006.26
5006.27
5006.27
5006.27
5006.29
5006.29
5006.30
5006.33
5006.35
5006.36
5006.36
5006.38
5006.39
5006.39
5006.39
5006.40
5006.40
5006.41
5006.41
5006.42
5006.42
5006.43
5006.45
5006.46
5006.46
5006.47
5006.47
5006.47
5006.49
5006.49
5006.52
5006.52
5006.53
5006.54
5006.54
5006.54
5006.55
5006.55
5006.56
5006.56
5006.57
5006.57
5006.57
5006.58
5006.59
5006.59
5006.62
5006.62
5006.63
5006.64
5006.64
5006.65
5006.65
5006.66
5006.67
5006.67
5006.67
5006.67
5006.69
5006.69
5006.70
5006.70
5006.70
5006.71
5006.71
5006.71
5006.72
5006.72
5006.75
5006.75
5006.77
5006.77
5006.77
5006.77
5006.79
5006.79
5006.80
5006.81
5006.81
5006.83
5006.83
5006.83
5006.86
5006.88
5006.88
5006.89
5006.89
5006.90
5006.91
5006.93
5006.95
5006.95
5006.95
5006.96
5006.97
5006.98
5006.98
5006.99
5007.00
5007.01
5007.01
5007.01
5007.02
5007.05
5007.06
5007.06
5007.07
5007.07
5007.08
5007.08
5007.09
5007.09
5007.10
5007.10
5007.11
5007.11
5007.12
5007.13
5007.13
5007.13
5007.14
5007.16
5007.16
5007.16
5007.17
5007.17
5007.18
5007.18
5007.18
5007.19
5007.19
5007.20
5007.20
5007.20
5007.20
5007.21
5007.21
5007.23
5007.24
5007.25
5007.26
5007.27
5007.28
5007.28
5007.29
5007.30
5007.31
5007.32
5007.36
5007.36
5007.37
5007.37
5007.37
5007.37
5007.38
5007.40
5007.42
5007.42
5007.42
5007.42
5007.43
5007.43
5007.44
5007.48
5007.48
5007.48
5007.48
5007.48
5007.48
5007.48
5007.48
5007.49
5007.49
5007.49
5007.51
5007.52
5007.53
5007.54
5007.54
5007.56
5007.56
5007.56
5007.57
5007.57
5007.58
5007.60
5007.60
5007.60
5007.61
5007.61
5007.61
5007.62
5007.62
5007.63
5007.64
5007.65
5007.65
5007.66
5007.66
5007.67
5007.69
5007.71
5007.71
5007.71
5007.72
5007.73
5007.75
5007.75
5007.76
5007.76
5007.76
5007.77
5007.77
5007.78
5007.78
5007.79
5007.79
5007.79
5007.79
5007.79
5007.79
5007.80
5007.81
5007.81
5007.82
5007.83
5007.84
5007.84
5007.85
5007.87
5007.87
5007.88
5007.88
5007.88
5007.91
5007.91
5007.91
5007.92
5007.92
5007.93
5007.94
5007.96
5007.96
5007.98
5007.98
5008.01
5008.01
5008.02
5008.02
5008.03
5008.03
5008.04
5008.05
5008.05
5008.07
5008.07
5008.10
5008.11
5008.15
5008.16
5008.16
5008.17
5008.18
5008.18
5008.19
5008.19
5008.20
5008.21
5008.24
5008.26
5008.27
5008.27
5008.29
5008.30
5008.32
5008.32
5008.33
5008.33
5008.33
5008.33
5008.33
5008.34
5008.35
5008.36
5008.37
5008.37
5008.38
5008.39
5008.39
5008.40
5008.40
5008.42
5008.43
5008.43
5008.44
5008.45
5008.45
5008.45
5008.46
5008.49
5008.49
5008.51
5008.52
5008.53
5008.54
5008.55
5008.55
5008.56
5008.59
5008.61
5008.61
5008.62
5008.62
5008.63
5008.63
5008.64
5008.65
5008.65
5008.65
5008.65
5008.66
5008.67
5008.68
5008.68
5008.69
5008.73
5008.73
5008.74
5008.75
5008.76
5008.80
5008.81
5008.81
5008.82
5008.83
5008.83
5008.83
5008.84
5008.85
5008.85
5008.85
5008.86
5008.87
5008.87
5008.87
5008.89
5008.90
5008.90
5008.90
5008.91
5008.92
5008.96
5008.97
5008.98
5009.00
5009.00
5009.01
5009.01
5009.01
5009.02
5009.02
5009.03
5009.03
5009.04
5009.05
5009.06
5009.06
5009.08
5009.08
5009.09
5009.10
5009.11
5009.11
5009.12
5009.12
5009.12
5009.13
5009.14
5009.15
5009.15
5009.15
5009.16
5009.20
5009.20
5009.21
5009.21
5009.22
5009.23
5009.25
5009.25
5009.25
5009.26
5009.27
5009.27
5009.28
5009.29
5009.30
5009.30
5009.33
5009.34
5009.38
5009.43
5009.43
5009.43
5009.44
5009.45
5009.45
5009.46
5009.47
5009.48
5009.48
5009.48
5009.48
5009.49
5009.50
5009.51
5009.51
5009.52
5009.53
5009.53
5009.53
5009.55
5009.56
5009.57
5009.58
5009.58
5009.59
5009.60
5009.62
5009.62
5009.63
5009.65
5009.66
5009.67
5009.67
5009.68
5009.68
5009.68
5009.69
5009.69
5009.69
5009.70
5009.71
5009.72
5009.72
5009.75
5009.77
5009.77
5009.78
5009.79
5009.85
5009.85
5009.86
5009.87
5009.87
5009.88
5009.89
5009.89
5009.89
5009.90
5009.90
5009.90
5009.91
5009.91
5009.91
5009.91
5009.91
5009.93
5009.93
5009.93
5009.94
5009.95
5009.95
5009.95
5009.96
5009.96
5009.97
5009.97
5009.98
5009.99
5010.00
5010.00
5010.02
5010.03
5010.04
5010.05
5010.06
5010.06
5010.08
5010.08
5010.10
5010.10
5010.11
5010.12
5010.14
5010.14
5010.14
5010.17
5010.17
5010.18
5010.18
5010.19
5010.19
5010.20
5010.20
5010.21
5010.21
5010.22
5010.23
5010.25
5010.28
5010.30
5010.31
5010.31
5010.32
5010.33
5010.33
5010.34
5010.35
5010.35
5010.35
5010.36
5010.37
5010.38
5010.38
5010.39
5010.40
5010.43
5010.43
5010.44
5010.44
5010.45
5010.45
5010.46
5010.48
5010.49
5010.50
5010.50
5010.50
5010.51
5010.53
5010.53
5010.54
5010.54
5010.54
5010.54
5010.54
5010.55
5010.56
5010.56
5010.57
5010.57
5010.57
5010.58
5010.58
5010.58
5010.59
5010.60
5010.61
5010.61
5010.61
5010.62
5010.62
5010.63
5010.64
5010.65
5010.66
5010.67
5010.68
5010.69
5010.70
5010.71
5010.72
5010.72
5010.73
5010.74
5010.74
5010.75
5010.76
5010.76
5010.77
5010.78
5010.78
5010.78
5010.79
5010.81
5010.83
5010.83
5010.83
5010.84
5010.85
5010.86
5010.87
5010.88
5010.88
5010.88
5010.89
5010.90
5010.91
5010.91
5010.91
5010.93
5010.93
5010.94
5010.95
5010.99
5011.03
5011.03
5011.04
5011.05
5011.05
5011.05
5011.07
5011.07
5011.07
5011.08
5011.09
5011.10
5011.10
5011.11
5011.12
5011.12
5011.13
5011.14
5011.15
5011.15
5011.17
5011.17
5011.17
5011.18
5011.18
5011.18
5011.20
5011.20
5011.20
5011.23
5011.25
5011.25
5011.26
5011.26
5011.29
5011.30
5011.30
5011.31
5011.32
5011.36
5011.37
5011.37
5011.38
5011.39
5011.40
5011.41
5011.42
5011.42
5011.44
5011.46
5011.46
5011.47
5011.48
5011.48
5011.48
5011.49
5011.49
5011.51
5011.51
5011.52
5011.52
5011.53
5011.53
5011.53
5011.55
5011.56
5011.56
5011.57
5011.57
5011.57
5011.58
5011.60
5011.61
5011.62
5011.62
5011.63
5011.63
5011.65
5011.66
5011.67
5011.67
5011.67
5011.69
5011.69
5011.70
5011.71
5011.75
5011.76
5011.76
5011.77
5011.77
5011.78
5011.79
5011.79
5011.79
5011.79
5011.80
5011.80
5011.80
5011.81
5011.81
5011.82
5011.82
5011.83
5011.85
5011.85
5011.87
5011.88
5011.88
5011.90
5011.92
5011.92
5011.92
5011.92
5011.93
5011.93
5011.93
5011.94
5011.94
5011.94
5011.96
5011.96
5011.98
5011.98
5011.99
5011.99
5012.00
5012.00
5012.01
5012.02
5012.02
5012.02
5012.03
5012.03
5012.04
5012.04
5012.04
5012.06
5012.06
5012.06
5012.08
5012.10
5012.10
5012.10
5012.11
5012.11
5012.12
5012.13
5012.13
5012.14
5012.16
5012.17
5012.17
5012.17
5012.23
5012.25
5012.25
5012.26
5012.27
5012.28
5012.28
5012.29
5012.30
5012.30
5012.30
5012.31
5012.31
5012.32
5012.32
5012.33
5012.34
5012.34
5012.34
5012.36
5012.37
5012.38
5012.40
5012.42
5012.45
5012.46
5012.47
5012.47
5012.47
5012.51
5012.51
5012.52
5012.52
5012.52
5012.53
5012.54
5012.55
5012.56
5012.57
5012.58
5012.59
5012.60
5012.60
5012.61
5012.61
5012.61
5012.63
5012.63
5012.65
5012.65
5012.66
5012.67
5012.67
5012.67
5012.68
5012.69
5012.70
5012.71
5012.76
5012.78
5012.79
5012.79
5012.80
5012.84
5012.86
5012.86
5012.86
5012.88
5012.89
5012.90
5012.92
5012.94
5012.94
5012.94
5012.95
5012.95
5012.95
5012.95
5012.96
5012.97
5012.99
5013.00
5013.01
5013.02
5013.02
5013.04
5013.06
5013.09
5013.09
5013.10
5013.12
5013.13
5013.13
5013.13
5013.13
5013.16
5013.17
5013.18
5013.18
5013.19
5013.19
5013.20
5013.22
5013.22
5013.23
5013.26
5013.26
5013.29
5013.30
5013.30
5013.31
5013.31
5013.31
5013.33
5013.35
5013.35
5013.37
5013.38
5013.39
5013.40
5013.40
5013.44
5013.44
5013.44
5013.46
5013.46
5013.46
5013.47
5013.47
5013.49
5013.50
5013.50
5013.52
5013.57
5013.57
5013.58
5013.58
5013.58
5013.62
5013.63
5013.67
5013.68
5013.69
5013.70
5013.70
5013.71
5013.71
5013.72
5013.72
5013.73
5013.73
5013.76
5013.77
5013.77
5013.80
5013.81
5013.82
5013.82
5013.82
5013.83
5013.83
5013.83
5013.85
5013.85
5013.86
5013.86
5013.88
5013.89
5013.91
5013.91
5013.92
5013.92
5013.93
5013.95
5013.95
5013.97
5013.99
5013.99
5013.99
5014.00
5014.03
5014.03
5014.04
5014.06
5014.08
5014.10
5014.11
5014.11
5014.11
5014.12
5014.12
5014.13
5014.14
5014.14
5014.15
5014.15
5014.16
5014.16
5014.17
5014.17
5014.17
5014.17
5014.18
5014.19
5014.20
5014.20
5014.20
5014.21
5014.22
5014.25
5014.25
5014.25
5014.25
5014.25
5014.27
5014.27
5014.27
5014.27
5014.29
5014.30
5014.33
5014.33
5014.33
5014.34
5014.34
5014.35
5014.35
5014.36
5014.37
5014.37
5014.39
5014.39
5014.40
5014.40
5014.40
5014.41
5014.41
5014.42
5014.42
5014.42
5014.43
5014.44
5014.45
5014.46
5014.48
5014.50
5014.51
5014.53
5014.54
5014.54
5014.55
5014.56
5014.57
5014.58
5014.60
5014.60
5014.60
5014.60
5014.61
5014.62
5014.63
5014.65
5014.66
5014.66
5014.66
5014.67
5014.68
5014.68
5014.68
5014.70
5014.70
5014.70
5014.72
5014.72
5014.73
5014.75
5014.75
5014.77
5014.78
5014.78
5014.78
5014.79
5014.83
5014.83
5014.84
5014.84
5014.85
5014.85
5014.86
5014.86
5014.88
5014.91
5014.91
5014.91
5014.95
5014.97
5014.99
5014.99
5015.01
5015.03
5015.04
5015.07
5015.07
5015.08
5015.08
5015.09
5015.09
5015.10
5015.12
5015.12
5015.13
5015.13
5015.14
5015.14
5015.14
5015.15
5015.16
5015.17
5015.17
5015.18
5015.22
5015.23
5015.25
5015.25
5015.27
5015.29
5015.29
5015.29
5015.30
5015.31
5015.31
5015.31
5015.34
5015.37
5015.39
5015.39
5015.39
5015.39
5015.42
5015.42
5015.44
5015.45
5015.45
5015.46
5015.46
5015.46
5015.47
5015.48
5015.48
5015.51
5015.51
5015.52
5015.52
5015.53
5015.53
5015.54
5015.55
5015.55
5015.56
5015.59
5015.60
5015.61
5015.61
5015.62
5015.63
5015.64
5015.65
5015.67
5015.68
5015.70
5015.70
5015.70
5015.70
5015.71
5015.73
5015.76
5015.76
5015.77
5015.77
5015.78
5015.79
5015.81
5015.82
5015.84
5015.84
5015.85
5015.86
5015.86
5015.87
5015.88
5015.89
5015.90
5015.90
5015.90
5015.92
5015.93
5015.93
5015.94
5015.94
5015.95
5015.97
5015.97
5015.97
5015.99
5015.99
5016.02
5016.02
5016.02
5016.02
5016.02
5016.04
5016.04
5016.04
5016.04
5016.05
5016.05
5016.06
5016.07
5016.07
5016.08
5016.08
5016.10
5016.10
5016.12
5016.12
5016.13
5016.13
5016.15
5016.17
5016.17
5016.18
5016.19
5016.20
5016.21
5016.22
5016.22
5016.22
5016.23
5016.24
5016.24
5016.25
5016.25
5016.25
5016.26
5016.27
5016.27
5016.27
5016.28
5016.29
5016.29
5016.30
5016.32
5016.33
5016.33
5016.34
5016.35
5016.35
5016.35
5016.35
5016.36
5016.36
5016.36
5016.38
5016.39
5016.40
5016.40
5016.41
5016.41
5016.45
5016.46
5016.46
5016.49
5016.49
5016.49
5016.50
5016.50
5016.50
5016.54
5016.54
5016.54
5016.59
5016.59
5016.60
5016.60
5016.61
5016.64
5016.65
5016.68
5016.69
5016.70
5016.72
5016.73
5016.76
5016.76
5016.77
5016.80
5016.80
5016.83
5016.84
5016.84
5016.85
5016.86
5016.87
5016.88
5016.89
5016.90
5016.91
5016.91
5016.94
5016.95
5016.96
5016.96
5016.97
5016.98
5016.99
5017.00
5017.01
5017.02
5017.02
5017.03
5017.03
5017.06
5017.06
5017.09
5017.10
5017.10
5017.11
5017.11
5017.12
5017.12
5017.13
5017.13
5017.15
5017.15
5017.15
5017.16
5017.16
5017.17
5017.19
5017.21
5017.22
5017.22
5017.23
5017.23
5017.23
5017.24
5017.25
5017.27
5017.28
5017.28
5017.28
5017.29
5017.29
5017.30
5017.31
5017.32
5017.34
5017.35
5017.36
5017.37
5017.40
5017.41
5017.42
5017.45
5017.49
5017.50
5017.51
5017.51
5017.53
5017.54
5017.54
5017.54
5017.55
5017.56
5017.56
5017.56
5017.57
5017.58
5017.60
5017.61
5017.61
5017.61
5017.62
5017.62
5017.66
5017.66
5017.67
5017.67
5017.68
5017.68
5017.71
5017.72
5017.72
5017.73
5017.75
5017.77
5017.78
5017.79
5017.82
5017.82
5017.82
5017.83
5017.84
5017.84
5017.85
5017.87
5017.87
5017.88
5017.88
5017.89
5017.89
5017.90
5017.90
5017.90
5017.91
5017.92
5017.93
5017.94
5017.94
5017.95
5017.96
5017.97
5017.97
5017.97
5017.97
5017.98
5017.99
5017.99
5018.00
5018.00
5018.03
5018.04
5018.05
5018.05
5018.05
5018.09
5018.11
5018.12
5018.12
5018.12
5018.13
5018.13
5018.14
5018.15
5018.16
5018.17
5018.17
5018.19
5018.19
5018.20
5018.20
5018.21
5018.23
5018.26
5018.28
5018.30
5018.30
5018.31
5018.31
5018.33
5018.34
5018.35
5018.36
5018.38
5018.38
5018.40
5018.40
5018.41
5018.43
5018.44
5018.44
5018.45
5018.45
5018.45
5018.47
5018.47
5018.49
5018.49
5018.50
5018.50
5018.52
5018.52
5018.53
5018.55
5018.61
5018.61
5018.63
5018.64
5018.65
5018.65
5018.66
5018.66
5018.67
5018.68
5018.70
5018.71
5018.73
5018.73
5018.73
5018.74
5018.75
5018.78
5018.79
5018.80
5018.81
5018.84
5018.85
5018.85
5018.86
5018.87
5018.87
5018.88
5018.89
5018.90
5018.91
5018.91
5018.92
5018.93
5018.93
5018.93
5018.94
5018.94
5018.95
5018.95
5018.96
5018.97
5018.97
5018.98
5018.99
5018.99
5019.01
5019.02
5019.02
5019.02
5019.03
5019.04
5019.05
5019.05
5019.06
5019.07
5019.08
5019.08
5019.08
5019.08
5019.10
5019.10
5019.11
5019.12
5019.12
5019.13
5019.16
5019.18
5019.19
5019.21
5019.22
5019.22
5019.23
5019.24
5019.26
5019.30
5019.33
5019.35
5019.36
5019.37
5019.37
5019.40
5019.40
5019.41
5019.42
5019.45
5019.47
5019.48
5019.49
5019.50
5019.50
5019.52
5019.53
5019.53
5019.54
5019.55
5019.58
5019.58
5019.58
5019.59
5019.59
5019.59
5019.59
5019.59
5019.61
5019.63
5019.63
5019.63
5019.66
5019.66
5019.66
5019.69
5019.69
5019.70
5019.70
5019.71
5019.75
5019.75
5019.76
5019.76
5019.78
5019.78
5019.79
5019.79
5019.79
5019.81
5019.82
5019.84
5019.84
5019.84
5019.85
5019.85
5019.85
5019.86
5019.87
5019.88
5019.88
5019.90
5019.90
5019.91
5019.91
5019.92
5019.92
5019.93
5019.94
5019.95
5019.95
5019.98
5019.98
5020.00
5020.01
5020.05
5020.06
5020.06
5020.07
5020.07
5020.07
5020.10
5020.11
5020.13
5020.14
5020.16
5020.16
5020.16
5020.18
5020.19
5020.19
5020.21
5020.21
5020.21
5020.23
5020.25
5020.26
5020.26
5020.29
5020.29
5020.30
5020.30
5020.31
5020.32
5020.32
5020.33
5020.35
5020.36
5020.40
5020.40
5020.40
5020.40
5020.41
5020.41
5020.42
5020.44
5020.46
5020.47
5020.47
5020.48
5020.48
5020.48
5020.49
5020.50
5020.50
5020.51
5020.54
5020.55
5020.55
5020.55
5020.56
5020.57
5020.58
5020.59
5020.59
5020.60
5020.60
5020.62
5020.62
5020.64
5020.64
5020.65
5020.66
5020.68
5020.70
5020.72
5020.72
5020.73
5020.73
5020.73
5020.73
5020.76
5020.78
5020.78
5020.78
5020.80
5020.81
5020.82
5020.82
5020.83
5020.83
5020.83
5020.84
5020.84
5020.84
5020.85
5020.86
5020.87
5020.87
5020.93
5020.95
5020.95
5020.96
5020.99
5021.01
5021.01
5021.03
5021.04
5021.06
5021.06
5021.10
5021.10
5021.10
5021.13
5021.14
5021.15
5021.16
5021.17
5021.20
5021.21
5021.23
5021.25
5021.26
5021.27
5021.30
5021.31
5021.31
5021.33
5021.33
5021.33
5021.34
5021.34
5021.34
5021.35
5021.35
5021.36
5021.37
5021.38
5021.38
5021.39
5021.39
5021.39
5021.39
5021.40
5021.40
5021.40
5021.41
5021.42
5021.42
5021.44
5021.44
5021.44
5021.46
5021.46
5021.47
5021.48
5021.48
5021.49
5021.51
5021.51
5021.52
5021.52
5021.54
5021.57
5021.57
5021.60
5021.60
5021.61
5021.61
5021.61
5021.63
5021.64
5021.64
5021.66
5021.66
5021.68
5021.69
5021.70
5021.71
5021.71
5021.71
5021.71
5021.72
5021.73
5021.74
5021.74
5021.75
5021.77
5021.77
5021.78
5021.79
5021.80
5021.81
5021.82
5021.83
5021.83
5021.84
5021.84
5021.85
5021.85
5021.86
5021.86
5021.88
5021.89
5021.93
5021.93
5021.95
5021.95
5021.97
5022.00
5022.01
5022.01
5022.01
5022.01
5022.02
5022.04
5022.05
5022.06
5022.07
5022.08
5022.09
5022.09
5022.12
5022.13
5022.13
5022.13
5022.13
5022.14
5022.15
5022.16
5022.17
5022.17
5022.17
5022.18
5022.22
5022.22
5022.23
5022.23
5022.24
5022.24
5022.26
5022.26
5022.27
5022.27
5022.27
5022.28
5022.29
5022.30
5022.31
5022.32
5022.32
5022.32
5022.34
5022.36
5022.37
5022.37
5022.37
5022.37
5022.38
5022.39
5022.39
5022.40
5022.40
5022.41
5022.42
5022.42
5022.43
5022.43
5022.44
5022.44
5022.44
5022.45
5022.45
5022.45
5022.45
5022.47
5022.47
5022.47
5022.48
5022.50
5022.51
5022.52
5022.57
5022.57
5022.57
5022.58
5022.61
5022.61
5022.63
5022.64
5022.65
5022.67
5022.67
5022.67
5022.70
5022.71
5022.72
5022.72
5022.73
5022.75
5022.75
5022.75
5022.76
5022.78
5022.80
5022.80
5022.80
5022.86
5022.87
5022.87
5022.87
5022.88
5022.89
5022.89
5022.90
5022.93
5022.95
5022.95
5022.95
5022.97
5022.97
5022.98
5022.99
5022.99
5023.00
5023.03
5023.04
5023.04
5023.05
5023.07
5023.09
5023.09
5023.09
5023.09
5023.09
5023.11
5023.11
5023.12
5023.16
5023.17
5023.18
5023.19
5023.21
5023.21
5023.21
5023.22
5023.22
5023.24
5023.24
5023.25
5023.25
5023.25
5023.25
5023.26
5023.27
5023.28
5023.28
5023.28
5023.28
5023.29
5023.31
5023.31
5023.33
5023.35
5023.37
5023.38
5023.42
5023.43
5023.44
5023.44
5023.45
5023.49
5023.52
5023.52
5023.53
5023.54
5023.54
5023.54
5023.54
5023.55
5023.56
5023.60
5023.60
5023.61
5023.62
5023.63
5023.64
5023.65
5023.67
5023.69
5023.70
5023.72
5023.72
5023.73
5023.73
5023.74
5023.74
5023.75
5023.75
5023.76
5023.76
5023.77
5023.78
5023.78
5023.78
5023.78
5023.79
5023.79
5023.80
5023.83
5023.84
5023.84
5023.87
5023.88
5023.91
5023.92
5023.92
5023.94
5023.94
5023.95
5023.95
5023.97
5023.97
5023.97
5023.98
5024.01
5024.02
5024.02
5024.03
5024.04
5024.06
5024.08
5024.08
5024.09
5024.09
5024.10
5024.11
5024.12
5024.12
5024.13
5024.15
5024.16
5024.16
5024.16
5024.16
5024.17
5024.20
5024.21
5024.21
5024.21
5024.22
5024.22
5024.23
5024.24
5024.26
5024.27
5024.27
5024.28
5024.28
5024.31
5024.33
5024.33
5024.35
5024.35
5024.38
5024.39
5024.39
5024.39
5024.41
5024.41
5024.42
5024.42
5024.43
5024.45
5024.46
5024.48
5024.49
5024.50
5024.52
5024.54
5024.55
5024.57
5024.58
5024.59
5024.59
5024.59
5024.60
5024.60
5024.62
5024.63
5024.64
5024.65
5024.66
5024.66
5024.66
5024.67
5024.68
5024.70
5024.70
5024.72
5024.74
5024.76
5024.77
5024.80
5024.82
5024.82
5024.84
5024.85
5024.86
5024.87
5024.89
5024.89
5024.90
5024.91
5024.92
5024.92
5024.94
5024.95
5024.96
5024.96
5024.97
5025.02
5025.03
5025.04
5025.09
5025.11
5025.13
5025.13
5025.13
5025.13
5025.13
5025.14
5025.15
5025.15
5025.15
5025.15
5025.16
5025.17
5025.19
5025.20
5025.20
5025.22
5025.24
5025.27
5025.28
5025.33
5025.34
5025.34
5025.35
5025.36
5025.39
5025.41
5025.43
5025.43
5025.43
5025.44
5025.44
5025.46
5025.48
5025.49
5025.50
5025.52
5025.55
5025.55
5025.56
5025.56
5025.56
5025.56
5025.57
5025.58
5025.58
5025.59
5025.60
5025.63
5025.63
5025.63
5025.63
5025.64
5025.65
5025.65
5025.67
5025.68
5025.69
5025.71
5025.71
5025.72
5025.72
5025.73
5025.74
5025.77
5025.77
5025.77
5025.78
5025.79
5025.79
5025.79
5025.79
5025.81
5025.81
5025.81
5025.82
5025.84
5025.85
5025.86
5025.87
5025.88
5025.88
5025.89
5025.89
5025.90
5025.90
5025.93
5025.94
5025.95
5025.95
5025.95
5025.96
5025.96
5025.99
5026.01
5026.04
5026.04
5026.06
5026.08
5026.08
5026.09
5026.10
5026.13
5026.13
5026.13
5026.14
5026.15
5026.15
5026.15
5026.15
5026.17
5026.18
5026.18
5026.19
5026.22
5026.22
5026.23
5026.23
5026.23
5026.24
5026.25
5026.27
5026.28
5026.28
5026.29
5026.30
5026.30
5026.30
5026.30
5026.30
5026.32
5026.32
5026.34
5026.35
5026.36
5026.37
5026.37
5026.38
5026.40
5026.41
5026.42
5026.44
5026.47
5026.47
5026.47
5026.47
5026.47
5026.49
5026.49
5026.50
5026.51
5026.53
5026.53
5026.60
5026.62
5026.62
5026.65
5026.67
5026.67
5026.68
5026.68
5026.69
5026.69
5026.70
5026.70
5026.71
5026.72
5026.75
5026.75
5026.75
5026.75
5026.76
5026.77
5026.77
5026.77
5026.77
5026.80
5026.84
5026.85
5026.87
5026.88
5026.91
5026.92
5026.94
5026.95
5026.96
5026.97
5026.99
5026.99
5026.99
5026.99
5027.00
5027.00
5027.01
5027.02
5027.03
5027.03
5027.06
5027.06
5027.09
5027.10
5027.11
5027.12
5027.13
5027.15
5027.17
5027.17
5027.18
5027.18
5027.19
5027.20
5027.20
5027.21
5027.21
5027.24
5027.26
5027.30
5027.31
5027.31
5027.35
5027.36
5027.37
5027.38
5027.39
5027.41
5027.42
5027.43
5027.44
5027.46
5027.46
5027.48
5027.48
5027.49
5027.49
5027.49
5027.50
5027.51
5027.51
5027.52
5027.52
5027.53
5027.54
5027.56
5027.60
5027.60
5027.62
5027.64
5027.64
5027.65
5027.65
5027.66
5027.68
5027.70
5027.76
5027.76
5027.80
5027.81
5027.82
5027.82
5027.83
5027.83
5027.86
5027.88
5027.91
5027.93
5027.94
5027.98
5027.98
5027.98
5027.99
5028.03
5028.03
5028.04
5028.06
5028.09
5028.09
5028.15
5028.16
5028.18
5028.18
5028.19
5028.20
5028.20
5028.21
5028.22
5028.22
5028.24
5028.25
5028.25
5028.28
5028.29
5028.29
5028.29
5028.32
5028.33
5028.33
5028.35
5028.36
5028.36
5028.39
5028.40
5028.43
5028.43
5028.44
5028.45
5028.46
5028.46
5028.47
5028.51
5028.51
5028.52
5028.55
5028.55
5028.58
5028.60
5028.62
5028.63
5028.64
5028.65
5028.66
5028.67
5028.67
5028.70
5028.72
5028.72
5028.72
5028.72
5028.72
5028.72
5028.73
5028.73
5028.74
5028.75
5028.79
5028.82
5028.83
5028.85
5028.85
5028.86
5028.91
5028.93
5028.94
5028.94
5028.95
5028.95
5029.00
5029.00
5029.01
5029.02
5029.03
5029.04
5029.05
5029.05
5029.06
5029.07
5029.09
5029.09
5029.11
5029.11
5029.14
5029.14
5029.14
5029.15
5029.16
5029.17
5029.17
5029.18
5029.19
5029.20
5029.20
5029.21
5029.22
5029.23
5029.23
5029.26
5029.27
5029.28
5029.31
5029.33
5029.34
5029.37
5029.38
5029.38
5029.41
5029.41
5029.47
5029.48
5029.48
5029.52
5029.53
5029.53
5029.53
5029.57
5029.62
5029.62
5029.63
5029.63
5029.64
5029.64
5029.64
5029.65
5029.65
5029.65
5029.66
5029.68
5029.72
5029.74
5029.75
5029.75
5029.76
5029.77
5029.78
5029.80
5029.83
5029.84
5029.85
5029.85
5029.86
5029.88
5029.89
5029.89
5029.89
5029.89
5029.90
5029.90
5029.92
5029.95
5029.96
5029.97
5029.98
5029.99
5030.01
5030.04
5030.05
5030.05
5030.06
5030.06
5030.09
5030.09
5030.10
5030.11
5030.14
5030.16
5030.16
5030.20
5030.21
5030.21
5030.22
5030.23
5030.23
5030.25
5030.29
5030.29
5030.30
5030.30
5030.32
5030.35
5030.35
5030.36
5030.36
5030.38
5030.40
5030.41
5030.44
5030.44
5030.45
5030.48
5030.48
5030.50
5030.51
5030.51
5030.53
5030.53
5030.54
5030.56
5030.56
5030.57
5030.57
5030.58
5030.61
5030.62
5030.63
5030.71
5030.71
5030.72
5030.72
5030.74
5030.74
5030.76
5030.76
5030.80
5030.80
5030.81
5030.82
5030.85
5030.86
5030.86
5030.86
5030.87
5030.87
5030.89
5030.90
5030.91
5030.92
5030.94
5030.97
5030.99
5030.99
5031.00
5031.01
5031.03
5031.04
5031.05
5031.06
5031.07
5031.07
5031.07
5031.12
5031.13
5031.13
5031.13
5031.14
5031.17
5031.18
5031.19
5031.19
5031.19
5031.22
5031.22
5031.23
5031.23
5031.25
5031.28
5031.30
5031.30
5031.32
5031.33
5031.33
5031.34
5031.34
5031.38
5031.38
5031.38
5031.39
5031.39
5031.40
5031.41
5031.47
5031.47
5031.48
5031.49
5031.49
5031.50
5031.50
5031.51
5031.52
5031.53
5031.56
5031.56
5031.58
5031.60
5031.60
5031.61
5031.64
5031.67
5031.68
5031.68
5031.69
5031.70
5031.71
5031.72
5031.74
5031.74
5031.76
5031.76
5031.79
5031.79
5031.81
5031.82
5031.83
5031.84
5031.84
5031.87
5031.88
5031.92
5031.93
5031.94
5031.95
5031.98
5031.99
5032.00
5032.01
5032.05
5032.05
5032.06
5032.07
5032.08
5032.09
5032.09
5032.10
5032.11
5032.11
5032.15
5032.15
5032.16
5032.17
5032.17
5032.18
5032.18
5032.22
5032.22
5032.23
5032.24
5032.26
5032.27
5032.28
5032.28
5032.29
5032.29
5032.32
5032.34
5032.34
5032.36
5032.36
5032.36
5032.36
5032.37
5032.40
5032.41
5032.43
5032.44
5032.46
5032.49
5032.50
5032.50
5032.51
5032.51
5032.53
5032.55
5032.56
5032.58
5032.60
5032.69
5032.70
5032.74
5032.75
5032.77
5032.78
5032.78
5032.79
5032.80
5032.81
5032.81
5032.84
5032.85
5032.87
5032.88
5032.91
5032.92
5032.92
5032.95
5032.96
5032.96
5032.97
5032.97
5032.98
5032.98
5033.00
5033.03
5033.04
5033.07
5033.12
5033.13
5033.15
5033.15
5033.18
5033.19
5033.20
5033.21
5033.21
5033.23
5033.26
5033.27
5033.27
5033.32
5033.35
5033.36
5033.40
5033.42
5033.44
5033.46
5033.46
5033.48
5033.48
5033.48
5033.52
5033.55
5033.55
5033.56
5033.56
5033.57
5033.57
5033.57
5033.58
5033.58
5033.59
5033.60
5033.65
5033.66
5033.67
5033.73
5033.74
5033.76
5033.78
5033.80
5033.81
5033.82
5033.83
5033.85
5033.87
5033.87
5033.88
5033.92
5033.95
5033.95
5033.96
5033.97
5033.98
5034.00
5034.01
5034.02
5034.03
5034.04
5034.08
5034.09
5034.09
5034.12
5034.12
5034.16
5034.16
5034.16
5034.17
5034.20
5034.20
5034.22
5034.23
5034.24
5034.24
5034.26
5034.29
5034.34
5034.35
5034.36
5034.39
5034.39
5034.39
5034.40
5034.42
5034.47
5034.48
5034.49
5034.50
5034.55
5034.55
5034.56
5034.57
5034.58
5034.62
5034.64
5034.65
5034.66
5034.67
5034.67
5034.70
5034.71
5034.73
5034.74
5034.76
5034.76
5034.77
5034.78
5034.78
5034.78
5034.80
5034.82
5034.83
5034.84
5034.86
5034.88
5034.91
5034.96
5034.98
5034.98
5034.99
5035.02
5035.02
5035.03
5035.03
5035.03
5035.05
5035.07
5035.08
5035.09
5035.09
5035.09
5035.09
5035.10
5035.11
5035.11
5035.14
5035.14
5035.18
5035.18
5035.22
5035.24
5035.24
5035.24
5035.25
5035.26
5035.28
5035.28
5035.29
5035.30
5035.35
5035.35
5035.38
5035.39
5035.41
5035.41
5035.42
5035.44
5035.47
5035.48
5035.50
5035.51
5035.52
5035.53
5035.54
5035.54
5035.60
5035.61
5035.62
5035.63
5035.64
5035.65
5035.70
5035.72
5035.72
5035.72
5035.76
5035.77
5035.78
5035.81
5035.82
5035.82
5035.83
5035.84
5035.86
5035.87
5035.87
5035.89
5035.92
5035.93
5035.93
5035.96
5035.98
5035.98
5036.01
5036.04
5036.04
5036.04
5036.06
5036.08
5036.12
5036.12
5036.13
5036.14
5036.15
5036.18
5036.18
5036.20
5036.21
5036.23
5036.29
5036.31
5036.35
5036.36
5036.37
5036.39
5036.40
5036.40
5036.42
5036.42
5036.45
5036.46
5036.50
5036.50
5036.50
5036.51
5036.53
5036.56
5036.56
5036.57
5036.58
5036.61
5036.61
5036.61
5036.63
5036.63
5036.64
5036.66
5036.69
5036.70
5036.74
5036.74
5036.77
5036.77
5036.77
5036.78
5036.79
5036.79
5036.80
5036.81
5036.83
5036.86
5036.88
5036.89
5036.92
5036.94
5036.95
5036.95
5036.96
5036.98
5037.07
5037.07
5037.09
5037.14
5037.17
5037.17
5037.19
5037.19
5037.23
5037.24
5037.25
5037.26
5037.27
5037.28
5037.29
5037.30
5037.31
5037.34
5037.38
5037.39
5037.43
5037.44
5037.44
5037.45
5037.47
5037.48
5037.49
5037.53
5037.55
5037.56
5037.58
5037.60
5037.60
5037.61
5037.62
5037.65
5037.70
5037.75
5037.75
5037.75
5037.77
5037.79
5037.81
5037.82
5037.82
5037.86
5037.87
5037.88
5037.90
5037.91
5037.92
5037.92
5037.93
5037.96
5037.99
5038.03
5038.06
5038.06
5038.06
5038.06
5038.07
5038.07
5038.09
5038.09
5038.11
5038.11
5038.12
5038.14
5038.22
5038.23
5038.23
5038.23
5038.24
5038.25
5038.28
5038.30
5038.33
5038.35
5038.37
5038.37
5038.43
5038.44
5038.46
5038.47
5038.49
5038.50
5038.52
5038.57
5038.61
5038.62
5038.67
5038.68
5038.72
5038.73
5038.75
5038.76
5038.77
5038.81
5038.81
5038.82
5038.87
5038.91
5038.92
5038.95
5038.95
5038.95
5039.01
5039.03
5039.04
5039.05
5039.08
5039.10
5039.10
5039.11
5039.11
5039.12
5039.15
5039.18
5039.18
5039.18
5039.22
5039.24
5039.25
5039.29
5039.33
5039.39
5039.46
5039.46
5039.47
5039.47
5039.48
5039.49
5039.54
5039.64
5039.75
5039.80
5039.85
5039.87
5039.88
5039.94
5039.94
5039.96
5040.04
5040.07
5040.09
5040.09
5040.13
5040.13
5040.14
5040.18
5040.19
5040.20
5040.23
5040.24
5040.25
5040.26
5040.26
5040.28
5040.28
5040.30
5040.33
5040.33
5040.33
5040.38
5040.39
5040.44
5040.46
5040.49
5040.50
5040.55
5040.57
5040.58
5040.60
5040.61
5040.66
5040.69
5040.71
5040.77
5040.79
5040.83
5040.85
5040.86
5040.87
5040.88
5040.89
5040.91
5041.03
5041.03
5041.04
5041.07
5041.07
5041.07
5041.07
5041.08
5041.13
5041.17
5041.18
5041.21
5041.24
5041.33
5041.34
5041.39
5041.42
5041.44
5041.44
5041.53
5041.56
5041.56
5041.58
5041.60
5041.62
5041.67
5041.69
5041.69
5041.70
5041.78
5041.78
5041.83
5041.87
5041.88
5041.88
5041.90
5041.91
5041.91
5041.93
5041.93
5041.94
5041.96
5041.96
5041.97
5041.97
5041.97
5041.99
5042.00
5042.05
5042.06
5042.13
5042.16
5042.19
5042.24
5042.24
5042.29
5042.31
5042.33
5042.42
5042.43
5042.43
5042.44
5042.45
5042.45
5042.47
5042.48
5042.49
5042.49
5042.55
5042.56
5042.57
5042.58
5042.61
5042.69
5042.74
5042.74
5042.77
5042.78
5042.87
5042.92
5042.93
5042.94
5042.97
5042.98
5043.00
5043.06
5043.07
5043.11
5043.13
5043.19
5043.20
5043.21
5043.22
5043.22
5043.22
5043.23
5043.27
5043.28
5043.30
5043.37
5043.37
5043.41
5043.43
5043.44
5043.44
5043.45
5043.47
5043.49
5043.52
5043.57
5043.58
5043.60
5043.60
5043.60
5043.66
5043.70
5043.73
5043.75
5043.84
5043.88
5043.88
5043.89
5043.91
5043.92
5043.96
5043.96
5043.97
5044.01
5044.02
5044.05
5044.11
5044.12
5044.14
5044.14
5044.19
5044.20
5044.26
5044.26
5044.31
5044.31
5044.32
5044.32
5044.34
5044.35
5044.38
5044.38
5044.39
5044.50
5044.51
5044.54
5044.55
5044.55
5044.56
5044.59
5044.60
5044.63
5044.63
5044.65
5044.69
5044.69
5044.79
5044.80
5044.83
5044.84
5044.88
5044.89
5044.91
5044.92
5044.93
5044.95
5044.96
5044.96
5044.97
5044.98
5044.98
5045.00
5045.02
5045.05
5045.05
5045.06
5045.06
5045.07
5045.15
5045.16
5045.18
5045.19
5045.20
5045.26
5045.27
5045.28
5045.30
5045.30
5045.36
5045.38
5045.38
5045.40
5045.42
5045.42
5045.49
5045.49
5045.50
5045.52
5045.53
5045.57
5045.60
5045.64
5045.65
5045.66
5045.68
5045.69
5045.71
5045.77
5045.81
5045.81
5045.93
5045.96
5045.97
5046.00
5046.07
5046.08
5046.08
5046.09
5046.11
5046.15
5046.16
5046.23
5046.28
5046.30
5046.31
5046.32
5046.33
5046.34
5046.35
5046.37
5046.39
5046.40
5046.42
5046.43
5046.44
5046.52
5046.55
5046.59
5046.60
5046.64
5046.71
5046.71
5046.73
5046.76
5046.79
5046.83
5046.83
5046.85
5046.92
5046.93
5046.99
5047.02
5047.03
5047.06
5047.09
5047.09
5047.11
5047.14
5047.15
5047.19
5047.22
5047.26
5047.27
5047.29
5047.31
5047.35
5047.37
5047.44
5047.44
5047.49
5047.51
5047.55
5047.56
5047.56
5047.57
5047.63
5047.65
5047.65
5047.66
5047.68
5047.79
5047.81
5047.81
5047.82
5047.83
5047.83
5047.86
5047.97
5047.97
5048.08
5048.10
5048.21
5048.22
5048.27
5048.30
5048.30
5048.32
5048.38
5048.44
5048.44
5048.47
5048.56
5048.57
5048.58
5048.61
5048.62
5048.64
5048.66
5048.80
5048.82
5048.83
5048.86
5048.91
5048.91
5048.91
5048.94
5048.94
5048.94
5049.03
5049.03
5049.04
5049.06
5049.13
5049.14
5049.14
5049.17
5049.19
5049.19
5049.22
5049.23
5049.30
5049.31
5049.34
5049.36
5049.38
5049.48
5049.54
5049.67
5049.69
5049.72
5049.81
5049.87
5049.92
5049.92
5049.94
5049.95
5050.01
5050.06
5050.06
5050.14
5050.21
5050.26
5050.26
5050.28
5050.28
5050.29
5050.31
5050.34
5050.34
5050.35
5050.37
5050.37
5050.39
5050.40
5050.43
5050.53
5050.57
5050.61
5050.63
5050.63
5050.64
5050.64
5050.64
5050.66
5050.67
5050.69
5050.74
5050.85
5050.92
5050.92
5050.92
5050.98
5051.12
5051.12
5051.13
5051.24
5051.26
5051.34
5051.34
5051.35
5051.38
5051.45
5051.50
5051.52
5051.56
5051.56
5051.61
5051.63
5051.65
5051.65
5051.70
5051.75
5051.76
5051.80
5051.84
5051.85
5051.89
5051.92
5051.93
5051.96
5051.99
5051.99
5052.02
5052.07
5052.11
5052.18
5052.35
5052.45
5052.45
5052.54
5052.61
5052.62
5052.63
5052.74
5052.74
5052.77
5052.77
5052.83
5052.87
5052.89
5052.89
5052.90
5052.91
5052.99
5053.01
5053.04
5053.07
5053.09
5053.09
5053.09
5053.12
5053.13
5053.19
5053.28
5053.33
5053.36
5053.43
5053.50
5053.51
5053.51
5053.62
5053.69
5053.69
5053.71
5053.73
5053.74
5053.75
5053.78
5053.80
5053.82
5053.87
5053.87
5053.89
5053.92
5053.96
5053.98
5054.18
5054.21
5054.23
5054.24
5054.26
5054.27
5054.38
5054.41
5054.41
5054.50
5054.50
5054.58
5054.62
5054.65
5054.66
5054.68
5054.78
5054.86
5054.86
5054.90
5054.99
5055.00
5055.00
5055.05
5055.10
5055.12
5055.17
5055.17
5055.19
5055.21
5055.28
5055.29
5055.29
5055.30
5055.33
5055.34
5055.36
5055.36
5055.37
5055.40
5055.40
5055.43
5055.46
5055.46
5055.48
5055.50
5055.51
5055.53
5055.53
5055.57
5055.61
5055.62
5055.71
5055.72
5055.77
5055.80
5055.90
5055.96
5056.05
5056.08
5056.15
5056.18
5056.23
5056.24
5056.31
5056.31
5056.50
5056.51
5056.52
5056.53
5056.54
5056.54
5056.56
5056.70
5056.72
5056.76
5056.86
5056.91
5056.93
5057.03
5057.07
5057.22
5057.23
5057.26
5057.32
5057.40
5057.41
5057.45
5057.54
5057.65
5057.68
5057.71
5057.75
5057.77
5057.80
5057.85
5057.88
5058.05
5058.08
5058.08
5058.13
5058.43
5058.50
5058.52
5058.62
5058.75
5058.76
5058.79
5058.84
5058.84
5058.86
5058.97
5058.97
5059.06
5059.08
5059.09
5059.10
5059.10
5059.12
5059.21
5059.24
5059.28
5059.39
5059.43
5059.51
5059.54
5059.64
5059.68
5059.74
5059.78
5059.78
5059.88
5059.90
5059.93
5059.94
5060.04
5060.09
5060.11
5060.22
5060.23
5060.33
5060.40
5060.55
5060.56
5060.60
5060.71
5060.95
5061.01
5061.03
5061.06
5061.14
5061.21
5061.29
5061.31
5061.31
5061.47
5061.48
5061.53
5061.65
5061.74
5061.75
5061.80
5061.86
5061.89
5061.90
5061.92
5061.99
5062.07
5062.14
5062.22
5062.30
5062.31
5062.40
5062.58
5062.62
5062.84
5063.00
5063.13
5063.32
5063.38
5063.39
5063.57
5063.66
5063.69
5063.75
5063.84
5063.89
5064.20
5064.39
5064.40
5064.52
5064.81
5065.27
5065.29
5065.30
5065.37
5065.40
5065.52
5065.56
5065.57
5065.62
5065.74
5065.87
5066.00
5066.05
5066.06
5066.50
5066.56
5066.67
5066.73
5066.85
5067.32
5067.57
5067.58
5067.64
5067.79
5067.80
5067.87
5068.06
5068.09
5068.19
5068.29
5068.35
5068.43
5068.47
5068.55
5069.10
5069.30
5069.56
5069.99
5070.10
5070.27
5070.35
5070.39
5070.53
5070.64
5070.80
5071.05
5071.18
5071.36
5071.50
5071.80
5072.02
5072.02
5072.26
5072.27
5072.32
5072.36
5072.37
5072.67
5072.72
5072.98
5073.76
5073.91
5074.47
5074.74
5074.80
5075.00
5075.23
5075.35
5075.56
5075.69
5077.23
5078.05
5078.42
5078.55
5079.12
5079.26
5079.42
5080.51
5080.95
5081.44
5081.59
5081.77
5082.16
5083.21
5083.52
5084.29
5084.41
5084.78
5085.38
5085.47
5086.52
5087.73
5087.85
5088.03
5088.77
5089.64
5089.88
5091.00
5092.93
5096.65
5097.67
5098.31
