 3.7 3.6 3.5 3.4 3.3 3.2 3.1 3 2.9 2.8 2.7 2.6 2.5 2.4 2.3 2.2 2.1 2 1.9 1.8 1.7 1.6 1.5 1.4 1.3 1.2 1.1 1 0.9 0.8 0.7 0.6 0.5 0.4
 3.7 3.59838 3.49685 3.39548 3.29435 3.19348 3.0929 2.9926 2.89257 2.79278 2.6932 2.5938 2.49454 2.39539 2.29632 2.19732 2.09836 1.99941 1.90047 1.80151 1.7025 1.60343 1.50427 1.40498 1.30553 1.20589 1.10602 1.00589 0.905495 0.804821 0.703887 0.60273 0.501409 0.4
 3.7 3.59667 3.49353 3.39075 3.28844 3.18669 3.08554 2.98496 2.88493 2.78538 2.68626 2.58748 2.48899 2.39072 2.29261 2.19463 2.09672 1.99886 1.90099 1.80309 1.7051 1.60699 1.50869 1.41014 1.31127 1.21202 1.1123 1.01207 0.911278 0.809913 0.708004 0.605628 0.502906 0.4
 3.7 3.59478 3.48988 3.38555 3.282 3.17934 3.07762 2.97681 2.87684 2.77761 2.67901 2.58093 2.48327 2.38593 2.28883 2.19191 2.0951 1.99835 1.9016 1.8048 1.70788 1.61077 1.51339 1.41565 1.31744 1.21864 1.11914 1.01884 0.917654 0.815564 0.712601 0.608878 0.504591 0.4
 3.7 3.5926 3.48566 3.3796 3.27469 3.17109 3.06883 2.96786 2.86805 2.76925 2.6713 2.57402 2.47729 2.38096 2.28495 2.18915 2.09349 1.99791 1.90233 1.80669 1.7109 1.61488 1.51852 1.42169 1.32424 1.226 1.12682 1.02651 0.924966 0.82211 0.717972 0.612704 0.506582 0.4
 3.7 3.58995 3.4806 3.37252 3.2661 3.16153 3.05881 2.95781 2.85833 2.76013 2.66298 2.56666 2.47097 2.37577 2.28093 2.18633 2.0919 1.99755 1.90321 1.80881 1.71424 1.61942 1.52419 1.42841 1.33188 1.23438 1.13566 1.03547 0.933622 0.829963 0.724495 0.617394 0.509039 0.4
 3.7 3.58663 3.4743 3.36382 3.25572 3.15018 3.04713 2.94631 2.8474 2.75004 2.65392 2.55874 2.46428 2.37033 2.27677 2.18346 2.09033 1.99728 1.90426 1.81118 1.71794 1.62444 1.53051 1.43597 1.34058 1.24404 1.14602 1.04616 0.944125 0.839659 0.732675 0.623351 0.512186 0.4
 3.7 3.58229 3.46616 3.35279 3.24283 3.13641 3.03328 2.93298 2.835 2.73882 2.64402 2.55023 2.45717 2.36463 2.27246 2.18054 2.08878 1.99712 1.90549 1.81382 1.72202 1.62998 1.53754 1.44447 1.3505 1.25525 1.15828 1.05908 0.957107 0.851909 0.743224 0.631163 0.516361 0.4
 3.7 3.5764 3.45529 3.33839 3.22647 3.11943 3.01668 2.91744 2.82089 2.72634 2.63323 2.54111 2.44967 2.3587 2.26804 2.17758 2.08727 1.99705 1.90688 1.81671 1.72647 1.63605 1.5453 1.45398 1.36179 1.26827 1.17285 1.07482 0.973372 0.86769 0.757177 0.641736 0.522101 0.4
 3.7 3.56806 3.44023 3.31908 3.20528 3.09822 2.99667 2.89929 2.8049 2.71256 2.62156 2.53144 2.44186 2.3526 2.26355 2.17464 2.08582 1.99709 1.90843 1.81982 1.73123 1.64258 1.55374 1.46449 1.37451 1.28328 1.19012 1.09407 0.993926 0.888349 0.776093 0.656523 0.530314 0.4
 3.7 3.55561 3.41855 3.29246 3.17743 3.0716 2.97259 2.87827 2.78698 2.69754 2.60917 2.52138 2.43386 2.34646 2.2591 2.17176 2.08445 1.99721 1.91007 1.82307 1.7362 1.64944 1.56272 1.47587 1.38858 1.30034 1.21037 1.11747 1.01998 0.915737 0.802357 0.67797 0.542638 0.4
 3.7 3.53587 3.38593 3.25485 3.14045 3.03823 2.94393 2.85434 2.76734 2.6816 2.59636 2.51119 2.42591 2.34044 2.25479 2.16901 2.08319 1.99741 1.91176 1.82633 1.7412 1.65642 1.57198 1.48781 1.40371 1.31924 1.23364 1.14555 1.05285 0.952317 0.839667 0.710386 0.562277 0.4
 3.7 3.50197 3.33449 3.20062 3.09137 2.99705 2.91066 2.82795 2.74657 2.66531 2.58362 2.50129 2.41831 2.33477 2.25078 2.1665 2.08206 1.99765 1.9134 1.82948 1.74603 1.6632 1.58111 1.49983 1.41933 1.3394 1.25948 1.17834 1.09363 1.00107 0.893648 0.761654 0.596093 0.4
 3.7 3.43755 3.2495 3.12182 3.02746 2.94802 2.87382 2.80037 2.72582 2.64961 2.57167 2.49221 2.41147 2.32973 2.24726 2.16431 2.08112 1.9979 1.91489 1.83232 1.75041 1.66942 1.58959 1.51121 1.43451 1.35967 1.28663 1.21481 1.14234 1.06472 0.972247 0.846512 0.660451 0.4
 3.7 3.29874 3.1042 3.00978 2.94869 2.89387 2.83636 2.774 2.7069 2.63577 2.56143 2.48457 2.40581 2.32562 2.24442 2.16257 2.08038 1.99814 1.91615 1.83468 1.75406 1.67463 1.5968 1.52105 1.44797 1.37825 1.31269 1.252 1.19626 1.1433 1.08415 0.991724 0.799207 0.4
 3.7 2.95326 2.85881 2.86449 2.86374 2.84251 2.80387 2.75252 2.69214 2.62532 2.55386 2.47903 2.40175 2.3227 2.24242 2.16136 2.07988 1.99834 1.91706 1.83639 1.75669 1.67841 1.60208 1.52837 1.45819 1.39281 1.33399 1.28433 1.24749 1.22815 1.22936 1.23706 1.14466 0.4
 0.4 1.95552 2.51333 2.7257 2.79934 2.80866 2.78421 2.74019 2.68396 2.61967 2.54984 2.47613 2.39965 2.3212 2.24141 2.16076 2.07965 1.99847 1.91756 1.8373 1.75809 1.68043 1.6049 1.53231 1.46377 1.40091 1.34625 1.30393 1.28129 1.2925 1.36811 1.58251 2.14239 3.7
 0.4 1.95553 2.51334 2.72572 2.79936 2.80868 2.78424 2.74023 2.684 2.61971 2.54988 2.47617 2.39969 2.32125 2.24146 2.16081 2.0797 1.99852 1.91761 1.83735 1.75814 1.68047 1.60494 1.53235 1.46381 1.40095 1.34628 1.30396 1.28131 1.29252 1.36813 1.58252 2.14239 3.7
 3.7 2.95328 2.85884 2.86453 2.86379 2.84258 2.80395 2.75261 2.69224 2.62543 2.55399 2.47916 2.40189 2.32284 2.24257 2.1615 2.08003 1.99849 1.9172 1.83653 1.75683 1.67854 1.6022 1.52849 1.4583 1.3929 1.33408 1.28441 1.24755 1.2282 1.22939 1.23708 1.14467 0.4
 3.7 3.29877 3.10425 3.00986 2.94878 2.89399 2.8365 2.77416 2.70707 2.63596 2.56163 2.48479 2.40603 2.32585 2.24466 2.16281 2.08062 1.99838 1.91638 1.83491 1.75428 1.67484 1.597 1.52124 1.44814 1.37841 1.31283 1.25212 1.19637 1.14339 1.08421 0.991767 0.799228 0.4
 3.7 3.43758 3.24957 3.12192 3.02759 2.94818 2.87401 2.80058 2.72606 2.64986 2.57195 2.4925 2.41177 2.33005 2.24759 2.16464 2.08144 1.99823 1.91522 1.83264 1.75072 1.66971 1.58987 1.51147 1.43475 1.35989 1.28683 1.21497 1.14248 1.06484 0.972334 0.846571 0.66048 0.4
 3.7 3.50201 3.33458 3.20074 3.09153 2.99724 2.91089 2.82822 2.74686 2.66563 2.58396 2.50165 2.41869 2.33516 2.25118 2.1669 2.08247 1.99805 1.9138 1.82987 1.74641 1.66357 1.58146 1.50015 1.41963 1.33967 1.25972 1.17855 1.09381 1.00121 0.893755 0.761726 0.596129 0.4
 3.7 3.53592 3.38603 3.25499 3.14064 3.03846 2.9442 2.85465 2.76768 2.68197 2.59675 2.51161 2.42635 2.34089 2.25525 2.16948 2.08366 1.99788 1.91222 1.82679 1.74164 1.65684 1.57238 1.48819 1.40405 1.31956 1.23392 1.1458 1.05306 0.952483 0.839792 0.71047 0.562319 0.4
 3.7 3.55567 3.41865 3.29262 3.17764 3.07185 2.97289 2.87861 2.78736 2.69795 2.60961 2.52184 2.43435 2.34696 2.25961 2.17228 2.08498 1.99774 1.91059 1.82357 1.73668 1.64991 1.56317 1.47628 1.38896 1.30069 1.21068 1.11774 1.02021 0.915922 0.802496 0.678063 0.542685 0.4
 3.7 3.56811 3.44035 3.31925 3.2055 3.0985 2.99699 2.89966 2.8053 2.713 2.62204 2.53194 2.44238 2.35314 2.26411 2.1752 2.08639 1.99765 1.90898 1.82036 1.73175 1.64308 1.55422 1.46494 1.37492 1.28366 1.19045 1.09436 0.994171 0.888547 0.776242 0.656622 0.530363 0.4
 3.7 3.57646 3.45541 3.33857 3.2267 3.11971 3.01701 2.91781 2.82131 2.7268 2.63372 2.54163 2.45021 2.35926 2.26861 2.17816 2.08786 1.99763 1.90746 1.81727 1.72701 1.63657 1.54579 1.45445 1.36221 1.26866 1.1732 1.07512 0.973625 0.867895 0.757332 0.641839 0.522153 0.4
 3.7 3.58235 3.46628 3.35297 3.24306 3.1367 3.03361 2.93336 2.83542 2.73928 2.64451 2.55075 2.45771 2.36519 2.27303 2.18112 2.08936 1.9977 1.90606 1.81438 1.72256 1.6305 1.53803 1.44493 1.35092 1.25564 1.15862 1.05938 0.957361 0.852114 0.743378 0.631267 0.516413 0.4
 3.7 3.58669 3.47441 3.36399 3.25594 3.15046 3.04745 2.94667 2.8478 2.75048 2.65439 2.55924 2.4648 2.37087 2.27732 2.18402 2.09089 1.99784 1.90481 1.81172 1.71847 1.62494 1.53099 1.43642 1.34099 1.24441 1.14635 1.04645 0.94437 0.839857 0.732825 0.62345 0.512236 0.4
 3.7 3.59001 3.48071 3.37268 3.26631 3.16178 3.0591 2.95815 2.8587 2.76054 2.66342 2.56712 2.47146 2.37628 2.28144 2.18685 2.09242 1.99807 1.90373 1.80931 1.71473 1.61988 1.52464 1.42883 1.33227 1.23473 1.13597 1.03574 0.933849 0.830147 0.724634 0.617486 0.509086 0.4
 3.7 3.59264 3.48576 3.37974 3.27487 3.17131 3.06909 2.96816 2.86838 2.76961 2.67168 2.57443 2.47771 2.38141 2.2854 2.18961 2.09396 1.99837 1.90279 1.80713 1.71133 1.6153 1.51891 1.42205 1.32458 1.22631 1.12709 1.02675 0.925166 0.822271 0.718095 0.612785 0.506623 0.4
 3.7 3.59482 3.48995 3.38566 3.28215 3.17952 3.07783 2.97705 2.87711 2.7779 2.67932 2.58126 2.48362 2.38629 2.2892 2.19229 2.09548 1.99873 1.90197 1.80516 1.70823 1.61111 1.51371 1.41595 1.31771 1.21889 1.11936 1.01903 0.917818 0.815697 0.712701 0.608945 0.504624 0.4
 3.7 3.5967 3.49359 3.39083 3.28855 3.18682 3.08569 2.98514 2.88512 2.7856 2.68649 2.58772 2.48924 2.39098 2.29288 2.1949 2.097 1.99913 1.90126 1.80335 1.70536 1.60723 1.50892 1.41035 1.31147 1.2122 1.11247 1.01221 0.911397 0.810009 0.708077 0.605676 0.50293 0.4
 3.7 3.59839 3.49688 3.39553 3.29441 3.19355 3.09298 2.9927 2.89268 2.7929 2.69333 2.59393 2.49467 2.39553 2.29647 2.19747 2.0985 1.99956 1.90062 1.80165 1.70264 1.60356 1.50439 1.40509 1.30563 1.20598 1.1061 1.00597 0.905558 0.804873 0.703926 0.602756 0.501421 0.4
 3.7 3.6 3.5 3.4 3.3 3.2 3.1 3 2.9 2.8 2.7 2.6 2.5 2.4 2.3 2.2 2.1 2 1.9 1.8 1.7 1.6 1.5 1.4 1.3 1.2 1.1 1 0.9 0.8 0.7 0.6 0.5 0.4
