 2000 1930.45 1861.82 1794.09 1727.27 1661.36 1596.36 1532.27 1469.09 1406.82 1345.46 1285 1225.46 1166.82 1109.09 1052.28 996.367 941.368 887.277 834.096 781.824 730.46 680.006 630.461 581.825 534.098 487.28 441.371 396.371 352.281 309.099 266.826 225.463 185.008
 2019.55 1950 1881.36 1813.64 1746.82 1680.91 1615.91 1551.82 1488.64 1426.37 1365 1304.55 1245 1186.37 1128.64 1071.82 1015.91 960.913 906.823 853.641 801.369 750.006 699.552 650.006 601.37 553.643 506.825 460.917 415.917 371.826 328.644 286.372 245.008 204.554
 2038.18 1968.64 1900 1832.27 1765.45 1699.55 1634.55 1570.46 1507.27 1445 1383.64 1323.18 1263.64 1205 1147.28 1090.46 1034.55 979.55 925.459 872.278 820.005 768.642 718.188 668.643 620.007 572.28 525.462 479.553 434.553 390.462 347.281 305.008 263.644 223.19
 2055.91 1986.36 1917.73 1850 1783.18 1717.27 1652.27 1588.18 1525 1462.73 1401.37 1340.91 1281.37 1222.73 1165 1108.19 1052.28 997.277 943.186 890.005 837.733 786.369 735.915 686.37 637.734 590.007 543.189 497.28 452.28 408.19 365.008 322.735 281.372 240.917
 2072.73 2003.18 1934.55 1866.82 1800 1734.09 1669.09 1605 1541.82 1479.55 1418.18 1357.73 1298.18 1239.55 1181.82 1125 1069.09 1014.1 960.005 906.823 854.551 803.187 752.733 703.188 654.552 606.825 560.007 514.098 469.098 425.008 381.826 339.553 298.19 257.735
 2088.64 2019.09 1950.45 1882.73 1815.91 1750 1685 1620.91 1557.73 1495.46 1434.09 1373.64 1314.09 1255.46 1197.73 1140.91 1085 1030 975.914 922.732 870.46 819.097 768.642 719.097 670.461 622.734 575.916 530.007 485.008 440.917 397.735 355.462 314.099 273.644
 2103.64 2034.09 1965.45 1897.73 1830.91 1765 1700 1635.91 1572.73 1510.46 1449.09 1388.64 1329.09 1270.46 1212.73 1155.91 1100 1045 990.914 937.732 885.46 834.097 783.642 734.097 685.461 637.734 590.916 545.007 500.008 455.917 412.735 370.462 329.099 288.644
 2117.73 2048.18 1979.55 1911.82 1845 1779.09 1714.09 1650 1586.82 1524.55 1463.18 1402.73 1343.18 1284.55 1226.82 1170 1114.09 1059.1 1005 951.823 899.551 848.187 797.733 748.188 699.552 651.825 605.007 559.098 514.098 470.008 426.826 384.553 343.19 302.735
 2130.91 2061.36 1992.73 1925 1858.18 1792.27 1727.27 1663.18 1600 1537.73 1476.37 1415.91 1356.37 1297.73 1240 1183.19 1127.28 1072.28 1018.19 965.005 912.733 861.369 810.915 761.37 712.734 665.007 618.189 572.28 527.28 483.189 440.008 397.735 356.372 315.917
 2143.18 2073.64 2005 1937.27 1870.45 1804.55 1739.55 1675.46 1612.27 1550 1488.64 1428.18 1368.64 1310 1252.28 1195.46 1139.55 1084.55 1030.46 977.278 925.005 873.642 823.188 773.643 725.007 677.28 630.462 584.553 539.553 495.462 452.281 410.008 368.644 328.19
 2154.55 2085 2016.36 1948.64 1881.82 1815.91 1750.91 1686.82 1623.64 1561.36 1500 1439.55 1380 1321.37 1263.64 1206.82 1150.91 1095.91 1041.82 988.641 936.369 885.006 834.551 785.006 736.37 688.643 641.825 595.916 550.917 506.826 463.644 421.371 380.008 339.553
 2165 2095.45 2026.82 1959.09 1892.27 1826.36 1761.36 1697.27 1634.09 1571.82 1510.46 1450 1390.46 1331.82 1274.09 1217.28 1161.37 1106.37 1052.28 999.096 946.823 895.46 845.006 795.461 746.825 699.098 652.28 606.371 561.371 517.28 474.099 431.826 390.462 350.008
 2174.55 2105 2036.36 1968.64 1901.82 1835.91 1770.91 1706.82 1643.64 1581.36 1520 1459.55 1400 1341.37 1283.64 1226.82 1170.91 1115.91 1061.82 1008.64 956.369 905.005 854.551 805.006 756.37 708.643 661.825 615.916 570.916 526.826 483.644 441.371 400.008 359.553
 2183.18 2113.64 2045 1977.27 1910.45 1844.55 1779.55 1715.46 1652.27 1590 1528.64 1468.18 1408.64 1350 1292.28 1235.46 1179.55 1124.55 1070.46 1017.28 965.005 913.642 863.188 813.642 765.006 717.279 670.461 624.553 579.553 535.462 492.28 450.008 408.644 368.19
 2190.91 2121.36 2052.73 1985 1918.18 1852.27 1787.27 1723.18 1660 1597.73 1536.37 1475.91 1416.37 1357.73 1300 1243.18 1187.28 1132.28 1078.19 1025 972.732 921.369 870.915 821.37 772.734 725.007 678.189 632.28 587.28 543.189 500.008 457.735 416.371 375.917
 2197.73 2128.18 2059.55 1991.82 1925 1859.09 1794.09 1730 1666.82 1604.55 1543.18 1482.73 1423.18 1364.55 1306.82 1250 1194.09 1139.09 1085 1031.82 979.55 928.187 877.733 828.188 779.552 731.825 685.007 639.098 594.098 550.007 506.826 464.553 423.19 382.735
 2203.64 2134.09 2065.45 1997.73 1930.91 1865 1800 1735.91 1672.73 1610.46 1549.09 1488.64 1429.09 1370.46 1312.73 1255.91 1200 1145 1090.91 1037.73 985.46 934.096 883.642 834.097 785.461 737.734 690.916 645.007 600.007 555.917 512.735 470.462 429.099 388.644
 2208.64 2139.09 2070.45 2002.73 1935.91 1870 1805 1740.91 1677.73 1615.46 1554.09 1493.64 1434.09 1375.46 1317.73 1260.91 1205 1150 1095.91 1042.73 990.46 939.096 888.642 839.097 790.461 742.734 695.916 650.007 605.007 560.916 517.735 475.462 434.099 393.644
 2212.73 2143.18 2074.55 2006.82 1940 1874.09 1809.09 1745 1681.82 1619.55 1558.18 1497.73 1438.18 1379.55 1321.82 1265 1209.09 1154.09 1100 1046.82 994.55 943.187 892.733 843.188 794.552 746.825 700.007 654.098 609.098 565.007 521.826 479.553 438.189 397.735
 2215.91 2146.36 2077.73 2010 1943.18 1877.27 1812.27 1748.18 1685 1622.73 1561.36 1500.91 1441.37 1382.73 1325 1268.18 1212.28 1157.28 1103.19 1050 997.732 946.369 895.915 846.37 797.733 750.006 703.189 657.28 612.28 568.189 525.007 482.735 441.371 400.917
 2218.18 2148.64 2080 2012.27 1945.45 1879.55 1814.55 1750.45 1687.27 1625 1563.64 1503.18 1443.64 1385 1327.28 1270.46 1214.55 1159.55 1105.46 1052.28 1000 948.642 898.187 848.642 800.006 752.279 705.461 659.552 614.553 570.462 527.28 485.008 443.644 403.189
 2219.54 2150 2081.36 2013.64 1946.82 1880.91 1815.91 1751.82 1688.64 1626.36 1565 1504.55 1445 1386.37 1328.64 1271.82 1215.91 1160.91 1106.82 1053.64 1001.37 950.005 899.551 850.006 801.37 753.643 706.825 660.916 615.916 571.825 528.644 486.371 445.008 404.553
 2220 2150.45 2081.82 2014.09 1947.27 1881.36 1816.36 1752.27 1689.09 1626.82 1565.46 1505 1445.46 1386.82 1329.09 1272.28 1216.37 1161.37 1107.28 1054.1 1001.82 950.46 900.005 850.46 801.824 754.097 707.279 661.371 616.371 572.28 529.098 486.826 445.462 405.008
 2219.54 2150 2081.36 2013.64 1946.82 1880.91 1815.91 1751.82 1688.64 1626.36 1565 1504.55 1445 1386.37 1328.64 1271.82 1215.91 1160.91 1106.82 1053.64 1001.37 950.005 899.551 850.006 801.37 753.643 706.825 660.916 615.916 571.825 528.644 486.371 445.007 404.553
 2218.18 2148.64 2080 2012.27 1945.45 1879.55 1814.55 1750.45 1687.27 1625 1563.64 1503.18 1443.64 1385 1327.28 1270.46 1214.55 1159.55 1105.46 1052.28 1000 948.641 898.187 848.642 800.006 752.279 705.461 659.552 614.552 570.462 527.28 485.007 443.644 403.189
 2215.91 2146.36 2077.73 2010 1943.18 1877.27 1812.27 1748.18 1685 1622.73 1561.36 1500.91 1441.37 1382.73 1325 1268.18 1212.28 1157.28 1103.19 1050 997.732 946.369 895.915 846.369 797.733 750.006 703.188 657.28 612.28 568.189 525.007 482.735 441.371 400.917
 2212.73 2143.18 2074.54 2006.82 1940 1874.09 1809.09 1745 1681.82 1619.55 1558.18 1497.73 1438.18 1379.55 1321.82 1265 1209.09 1154.09 1100 1046.82 994.55 943.187 892.733 843.188 794.551 746.824 700.007 654.098 609.098 565.007 521.825 479.553 438.189 397.735
 2208.64 2139.09 2070.45 2002.73 1935.91 1870 1805 1740.91 1677.73 1615.46 1554.09 1493.64 1434.09 1375.46 1317.73 1260.91 1205 1150 1095.91 1042.73 990.459 939.096 888.642 839.097 790.461 742.734 695.916 650.007 605.007 560.916 517.734 475.462 434.098 393.644
 2203.64 2134.09 2065.45 1997.73 1930.91 1865 1800 1735.91 1672.73 1610.46 1549.09 1488.64 1429.09 1370.46 1312.73 1255.91 1200 1145 1090.91 1037.73 985.459 934.096 883.642 834.097 785.461 737.734 690.916 645.007 600.007 555.916 512.734 470.462 429.098 388.644
 2197.73 2128.18 2059.54 1991.82 1925 1859.09 1794.09 1730 1666.82 1604.55 1543.18 1482.73 1423.18 1364.55 1306.82 1250 1194.09 1139.09 1085 1031.82 979.55 928.187 877.733 828.187 779.551 731.824 685.006 639.098 594.098 550.007 506.825 464.553 423.189 382.735
 2190.91 2121.36 2052.73 1985 1918.18 1852.27 1787.27 1723.18 1660 1597.73 1536.36 1475.91 1416.37 1357.73 1300 1243.18 1187.28 1132.28 1078.19 1025 972.732 921.369 870.914 821.369 772.733 725.006 678.188 632.279 587.28 543.189 500.007 457.735 416.371 375.916
 2183.18 2113.64 2045 1977.27 1910.45 1844.55 1779.55 1715.45 1652.27 1590 1528.64 1468.18 1408.64 1350 1292.28 1235.46 1179.55 1124.55 1070.46 1017.28 965.005 913.641 863.187 813.642 765.006 717.279 670.461 624.552 579.552 535.462 492.28 450.007 408.644 368.189
 2174.54 2105 2036.36 1968.64 1901.82 1835.91 1770.91 1706.82 1643.64 1581.36 1520 1459.55 1400 1341.37 1283.64 1226.82 1170.91 1115.91 1061.82 1008.64 956.368 905.005 854.551 805.006 756.37 708.643 661.825 615.916 570.916 526.825 483.644 441.371 400.007 359.553
 2165 2095.45 2026.82 1959.09 1892.27 1826.36 1761.36 1697.27 1634.09 1571.82 1510.46 1450 1390.46 1331.82 1274.09 1217.28 1161.37 1106.37 1052.28 999.095 946.823 895.46 845.005 795.46 746.824 699.097 652.279 606.37 561.371 517.28 474.098 431.825 390.462 350.007
