4.9022e-311
6.91382e-310
0
4.94066e-321
1.26481e-321
4.94066e-321
3.25689e+88
2.53696e+151
2.11042e-312
0
6.91382e-310
6.91382e-310
1.19621e-316
1.19621e-316
1.19621e-316
1.19621e-316
1.19622e-316
1.19662e-316
6.91382e-310
0
0
0
0
0
1.19619e-316
6.91382e-310
7.90505e-323
0
0
0
1.19621e-316
4.04739e-320
3.23796e-319
0
0
0
6.91382e-310
0
0
0
0
6.91382e-310
2.96439e-323
0
2.02468e-320
1.2732e-313
0
0
0
0
0
0
0
0
0
0
0
0
0
0
0
0
0
0
0
3.95253e-323
6.9531e-310
6.91382e-310
0
6.91382e-310
6.9531e-310
6.91382e-310
6.91382e-310
6.91382e-310
6.91382e-310
6.9531e-310
4.94066e-324
6.91382e-310
6.91382e-310
2.07444e-317
3.58201e-314
6.9531e-310
6.9531e-310
6.14346e+291
0
6.9531e-310
2.08212e-317
6.91382e-310
-7.54747e-292
-7.44348e-299
0
0
0
6.9531e-310
4.94066e-324
-2.20697e+80
0
6.91382e-310
2.07444e-317
2.08212e-317
0
0
0
2.07457e-317
6.9531e-310
0
0
2.07459e-317
6.9531e-310
2.76677e-322
4.94066e-324
6.9531e-310
0
6.9531e-310
6.9531e-310
6.9531e-310
6.9531e-310
6.9531e-310
6.9531e-310
6.9531e-310
6.9531e-310
6.9531e-310
6.9531e-310
6.9531e-310
6.9531e-310
6.9531e-310
6.9531e-310
6.9531e-310
6.9531e-310
6.9531e-310
6.9531e-310
6.9531e-310
6.9531e-310
6.9531e-310
6.9531e-310
6.9531e-310
6.9531e-310
6.9531e-310
6.9531e-310
6.9531e-310
6.9531e-310
6.9531e-310
6.9531e-310
6.9531e-310
6.9531e-310
6.9531e-310
6.9531e-310
6.9531e-310
6.9531e-310
6.9531e-310
6.9531e-310
6.9531e-310
6.9531e-310
6.9531e-310
6.9531e-310
6.9531e-310
6.9531e-310
6.9531e-310
6.9531e-310
6.9531e-310
6.9531e-310
6.9531e-310
6.9531e-310
6.9531e-310
6.9531e-310
6.9531e-310
6.9531e-310
6.9531e-310
6.9531e-310
6.9531e-310
6.9531e-310
6.9531e-310
6.9531e-310
0
1.63042e-322
6.9531e-310
2.51973e-322
8.77461e-321
7.90505e-323
1.95181e-315
2.96439e-323
2.02369e-320
8.39912e-323
4.94066e-322
1.4822e-323
2.07229e-317
1.97626e-323
2.76677e-322
2.47033e-323
6.42285e-323
3.45846e-323
6.91382e-310
3.95253e-323
0
4.44659e-323
2.07457e-317
5.43472e-323
4.94066e-321
5.92879e-323
4.94066e-321
6.42285e-323
4.94066e-321
6.91692e-323
4.94066e-321
1.13635e-322
0
1.23516e-322
6.9531e-310
1.28457e-322
9.88131e-324
1.5316e-322
6.9531e-310
7.41098e-323
6.9531e-310
0
0
0
-3.24352e-165
3.05202e+119
1.12435e-307
0
0
0
0
0
0
0
0
0
0
0
0
0
0
0
0
0
0
0
0
0
0
0
0
0
0
0
0
0
0
0
0
0
0
0
0
0
0
0
0
0
0
0
0
0
0
0
0
0
0
0
0
0
0
0
0
0
0
0
0
0
0
0
0
0
0
0
0
0
0
0
0
0
0
0
0
0
0
0
0
0
0
0
0
0
0
0
0
0
0
0
0
0
0
0
0
0
0
0
0
0
0
0
0
0
0
0
0
0
0
0
0
0
0
0
0
0
0
0
0
0
0
0
0
0
0
0
0
0
0
0
0
0
0
0
0
0
0
0
0
0
0
0
0
0
0
0
0
0
0
0
0
0
0
0
0
0
0
0
0
0
0
0
0
0
0
0
0
0
0
0
0
0
0
0
0
0
0
0
0
0
0
0
0
0
0
0
0
0
0
0
0
0
0
0
0
0
0
0
0
0
0
0
0
0
0
0
0
0
0
0
0
0
0
0
0
0
0
0
0
0
0
0
0
0
0
0
0
0
0
0
0
0
0
0
0
0
0
0
0
0
0
0
0
0
0
0
0
0
0
0
0
0
0
0
0
0
0
0
0
0
0
0
0
0
0
0
0
0
0
0
0
0
0
0
0
0
0
0
0
0
0
0
0
0
0
0
0
0
0
0
0
0
0
0
0
0
0
0
0
0
0
0
0
0
0
0
0
0
0
0
0
0
0
0
0
0
0
0
0
0
0
0
0
0
0
0
0
0
0
0
0
0
0
0
0
0
0
0
0
0
0
0
0
0
0
0
0
0
0
0
0
0
0
0
0
0
0
0
0
0
0
0
0
0
0
0
0
0
0
0
0
0
0
0
0
0
0
0
0
0
0
0
0
0
0
0
0
0
0
0
0
0
0
0
0
0
0
0
0
0
0
0
0
0
0
0
0
0
0
0
0
0
0
0
0
0
0
0
0
0
0
0
0
0
0
0
0
0
0
0
0
0
0
0
0
0
0
0
0
0
0
0
0
0
0
0
0
0
0
0
0
0
0
0
0
0
0
0
0
0
0
0
0
0
0
0
0
0
0
0
0
0
0
0
0
0
0
0
0
0
0
0
0
0
0
0
0
0
0
0
0
0
0
0
0
0
0
0
0
0
0
0
0
0
0
0
0
0
0
0
0
0
0
0
0
0
0
0
0
0
0
0
0
0
0
0
0
0
0
0
0
0
0
0
0
0
0
0
0
0
0
0
0
0
0
0
0
0
0
0
0
0
0
0
0
0
0
0
0
0
0
0
0
0
0
0
0
0
0
0
0
0
0
0
0
0
0
0
0
0
0
0
0
0
0
0
0
0
0
0
0
0
0
0
0
0
0
0
0
0
0
0
0
0
0
0
0
0
0
0
0
0
0
0
0
0
0
0
0
0
0
0
0
0
0
0
0
0
0
0
0
0
0
0
0
0
0
0
0
0
0
0
0
0
0
0
0
0
0
0
0
0
0
0
0
0
0
0
0
0
0
0
0
0
0
0
0
0
0
0
0
0
0
0
0
0
0
0
0
0
0
0
0
0
0
0
0
0
0
0
0
0
0
0
0
0
0
0
0
0
0
0
0
0
0
0
0
0
0
0
0
0
0
0
0
0
0
0
0
0
0
0
0
0
0
0
0
0
0
0
0
0
0
0
0
0
0
0
0
0
0
0
0
0
0
0
0
0
0
0
0
0
0
0
0
0
0
0
0
0
0
0
0
0
0
0
0
0
0
0
0
0
0
0
0
0
0
0
0
0
0
0
0
0
0
0
0
0
0
0
0
0
0
0
0
0
0
0
0
0
0
0
0
0
0
0
0
0
0
0
0
0
0
0
0
0
0
0
0
0
0
0
0
0
0
0
0
0
0
0
0
0
0
0
0
0
0
0
0
0
0
0
0
0
0
0
0
0
0
0
0
0
0
0
0
0
0
0
0
0
0
0
0
0
0
0
0
0
0
0
0
0
0
0
0
0
0
0
0
0
0
0
0
0
0
0
0
0
0
0
0
0
0
0
0
0
0
0
0
0
0
0
7.18786e+165
9.82168e+252
3.86082e-81
1.41475e+195
9.82689e+25
6.47877e+170
6.28553e+92
1.24035e+224
1.48415e-76
1.24596e-89
1.39804e-76
7.27005e+228
1.16733e+98
1.72387e+45
2.25896e-306
1.46047e+45
1.12453e-307
1.49838e+151
1.12345e-307
2.51318e+88
1.40051e+195
6.21837e+175
6.74197e+199
7.74819e+20
1.0731e+200
9.36781e+25
2.81614e-75
4.58336e+228
1.66732e-70
7.07067e+223
9.43932e+218
3.81687e+180
9.40968e+218
3.04348e+79
8.67357e+217
1.02201e-307
1.51358e-13
7.98659e+115
1.72387e+45
1.16733e+98
2.25896e-306
2.51234e+93
7.90586e+25
6.01123e+175
1.38832e+93
1.48121e+248
2.26096e-80
5.57606e+228
7.39637e+97
6.87111e+246
5.57606e+228
6.85914e+246
5.03938e+223
1.75488e+64
1.44799e+79
1.01219e-307
9.16753e+102
1.09975e+122
1.18331e+78
3.89609e-22
2.09997e+262
9.03912e-32
1.37098e+267
1.19752e+151
4.97481e+151
4.30153e-38
7.12638e+193
1.35744e+243
1.97032e+69
1.35744e+243
1.14786e+59
4.78647e+06
3.89028e-80
1.98129e+161
1.111e+171
1.29079e+58
1.75995e+103
1.34488e-307
3.11305e+88
1.14442e+247
2.53734e-76
7.28778e+228
1.50806e-23
5.94542e-38
6.61765e-62
5.77399e+257
1.34333e-23
2.34804e-76
1.50806e-23
1.86137e-47
6.60914e-62
1.5045e-23
2.08449e-23
1.42341e-23
8.97142e+271
1.50806e-23
1.54057e-71
1.34336e-23
6.7479e-67
6.37698e-67
5.65154e-38
2.34804e-76
1.48812e-76
4.43179e-62
6.60914e-62
1.34261e-23
1.00876e-66
9.75259e-72
9.88342e+169
1.00963e-66
2.00179e-23
1.00963e-66
2.839e-52
6.60914e-62
1.5045e-23
3.18069e-28
2.00179e-23
1.34261e-23
2.21299e-52
7.509e+251
2.54174e-76
2.9044e-57
2.73889e-57
2.01382e+267
2.04976e-28
1.00963e-66
2.00179e-23
5.7356e-13
2.34871e-76
2.00377e-52
6.60914e-62
1.90343e-52
2.63685e-86
1.00963e-66
1.53991e-71
2.54368e-76
1.34262e-23
2.67581e-28
5.65154e-38
2.21299e-52
5.69207e+169
1.50806e-23
4.18869e-62
1.42604e-23
3.88965e-33
2.54861e-28
5.65154e-38
1.53924e-71
2.85547e-105
2.00179e-23
1.75427e-23
7.75416e+247
1.50806e-23
4.18869e-62
2.53837e-76
6.76234e-67
9.52046e-43
1.34335e-23
5.15251e-62
2.17096e-28
6.60914e-62
1.90343e-52
2.63685e-86
2.00179e-23
1.75427e-23
1.13132e+248
1.50806e-23
2.08385e-23
5.25964e+280
2.9044e-57
2.73889e-57
1.42606e-23
3.88965e-33
2.54861e-28
6.60914e-62
1.90343e-52
2.63685e-86
2.00179e-23
1.75427e-23
2.38222e+233
1.50806e-23
4.18869e-62
2.54141e-76
1.34262e-23
2.67581e-28
6.60914e-62
1.90343e-52
2.63685e-86
2.00179e-23
1.75427e-23
7.26997e+228
1.50806e-23
1.54057e-71
5.50913e-13
1.53925e-71
1.53924e-71
8.07929e-13
2.34871e-76
2.00377e-52
5.65417e-38
6.61765e-62
2.63685e-86
2.00179e-23
1.75427e-23
8.77846e+281
2.9044e-57
2.73889e-57
1.34333e-23
6.7479e-67
6.37698e-67
1.34334e-23
1.00847e-66
2.85675e-105
5.65154e-38
2.21299e-52
6.69999e+247
1.00963e-66
1.53991e-71
8.36906e-13
1.00876e-66
6.61006e-62
2.5451e-76
1.34262e-23
2.67581e-28
6.60914e-62
1.90343e-52
2.63685e-86
2.00179e-23
1.75427e-23
8.43834e+223
1.50806e-23
4.18869e-62
2.54342e-76
1.34262e-23
2.67581e-28
6.60914e-62
1.90343e-52
2.63685e-86
2.00179e-23
1.75427e-23
6.22732e+252
1.50806e-23
4.18869e-62
7.16572e-62
2.08482e-23
2.85632e-105
5.65154e-38
1.53924e-71
2.85547e-105
5.65154e-38
1.53924e-71
2.85547e-105
5.65154e-38
2.21299e-52
4.31946e+251
1.00963e-66
1.53991e-71
5.24711e-13
2.34871e-76
2.00377e-52
1.34333e-23
1.00847e-66
2.85675e-105
5.65154e-38
1.00934e-66
2.63686e-86
2.00179e-23
1.75427e-23
4.01924e+233
1.50806e-23
4.18869e-62
2.54341e-76
1.34262e-23
2.67581e-28
6.60914e-62
1.90343e-52
2.63685e-86
2.00179e-23
1.75427e-23
1.78092e+219
1.00963e-66
1.24504e-47
6.00618e+247
1.00963e-66
1.53991e-71
3.09245e+262
1.50806e-23
1.42339e-23
3.98276e+252
1.50806e-23
1.54057e-71
3.01182e+161
1.50806e-23
4.18869e-62
7.8064e-13
2.34871e-76
2.00377e-52
2.5414e-76
1.90343e-52
1.08845e-71
7.15059e-62
2.08482e-23
2.85632e-105
6.60914e-62
1.50514e-23
2.29617e-28
1.34332e-23
5.15251e-62
2.17096e-28
1.34334e-23
5.15251e-62
2.17096e-28
1.34333e-23
1.51846e-47
2.80254e-28
1.42606e-23
3.88965e-33
2.54861e-28
1.34326e-23
1.00847e-66
2.85675e-105
6.60914e-62
1.58883e-23
2.85505e-105
6.60914e-62
1.34003e-23
2.80104e-28
1.34332e-23
5.15251e-62
2.17096e-28
1.34335e-23
5.15251e-62
2.17096e-28
1.34335e-23
6.7479e-67
6.37698e-67
2.54242e-76
1.34262e-23
2.67581e-28
5.65412e-38
6.61765e-62
2.63685e-86
5.65154e-38
2.21299e-52
1.05e+189
2.00179e-23
1.79903e-52
1.21582e+266
2.00179e-23
1.79903e-52
1.0057e+242
2.00179e-23
1.57449e-76
2.34158e+232
2.00179e-23
1.79903e-52
6.59097e+246
2.00179e-23
1.03185e-71
2.63686e-86
5.65154e-38
1.00847e-66
2.85717e-105
6.60914e-62
1.34003e-23
2.80104e-28
1.34335e-23
1.00847e-66
2.85675e-105
6.60914e-62
1.58883e-23
2.85505e-105
6.60914e-62
1.58883e-23
2.85505e-105
6.60914e-62
1.58883e-23
2.85505e-105
6.60914e-62
1.90343e-52
2.63685e-86
5.65154e-38
2.21299e-52
3.57297e+227
2.00179e-23
1.79903e-52
8.31897e+217
2.00179e-23
1.75427e-23
3.30011e+281
1.00876e-66
9.75259e-72
7.23355e-13
2.34871e-76
2.00377e-52
2.54141e-76
6.76234e-67
9.52046e-43
2.54309e-76
1.34262e-23
2.67581e-28
1.34334e-23
1.00847e-66
2.85675e-105
2.00179e-23
5.65158e-38
1.93691e+208
2.00179e-23
1.75427e-23
7.64901e+228
1.00963e-66
6.37698e-67
8.68541e+164
2.00179e-23
6.76236e-67
1.05e+189
2.00179e-23
9.75253e-72
2.80106e+97
2.63685e-86
5.65154e-38
2.21299e-52
4.31946e+251
2.00179e-23
1.75427e-23
6.16948e+175
1.00963e-66
3.31187e-33
1.85519e+261
1.50806e-23
1.54057e-71
2.15681e+185
1.50806e-23
1.42339e-23
4.07068e+233
1.50806e-23
4.18869e-62
9.31796e-13
1.00876e-66
1.54079e-71
1.11129e+171
1.50806e-23
1.83602e-23
5.82503e+233
1.50806e-23
1.50482e-23
1.278e+161
1.00963e-66
6.37698e-67
2.34158e+232
2.00179e-23
9.75253e-72
2.63685e-86
1.00963e-66
2.00179e-23
1.278e+161
1.00876e-66
9.75259e-72
1.33414e-12
1.00876e-66
1.54079e-71
1.79486e+160
1.50806e-23
1.42339e-23
1.07478e+272
1.50806e-23
1.83602e-23
1.32671e+272
1.50806e-23
1.83602e-23
4.07651e+233
1.50806e-23
4.18869e-62
6.94942e-13
2.34871e-76
2.00377e-52
2.54207e-76
1.90343e-52
1.08845e-71
2.54342e-76
4.43177e-62
9.75259e-72
1.49979e-12
3.88965e-33
2.54861e-28
1.34333e-23
6.7479e-67
6.37698e-67
2.53837e-76
1.34262e-23
2.67581e-28
1.34333e-23
1.51846e-47
2.80254e-28
5.65409e-38
6.61765e-62
2.63685e-86
1.00963e-66
2.00179e-23
2.55599e+161
1.00876e-66
9.75259e-72
5.52271e-13
2.34871e-76
2.00377e-52
7.15812e-62
2.08482e-23
2.85632e-105
6.60914e-62
1.50514e-23
2.29617e-28
1.34335e-23
1.00847e-66
2.85675e-105
2.00179e-23
5.65158e-38
1.60218e+184
2.00179e-23
9.75253e-72
2.63685e-86
5.65154e-38
2.21299e-52
1.60218e+184
2.00179e-23
1.75427e-23
8.96321e+276
1.00963e-66
6.37698e-67
3.73035e+174
2.00179e-23
1.03185e-71
2.63686e-86
5.65154e-38
1.53924e-71
2.85547e-105
6.60914e-62
1.90343e-52
2.63685e-86
5.65154e-38
1.00934e-66
2.63686e-86
5.65154e-38
2.21299e-52
6.59097e+246
2.00179e-23
1.79903e-52
8.68541e+164
2.00179e-23
1.79903e-52
2.34158e+232
2.00179e-23
6.76236e-67
3.42223e+280
1.50806e-23
1.54057e-71
1.638e+190
2.9044e-57
2.73889e-57
7.14294e-62
2.08482e-23
2.85632e-105
6.60914e-62
1.90343e-52
2.63685e-86
5.65154e-38
2.21299e-52
4.31946e+251
2.00179e-23
1.79903e-52
8.68541e+164
2.00179e-23
9.75253e-72
2.63685e-86
5.65154e-38
2.21299e-52
6.59097e+246
2.00179e-23
9.75253e-72
2.63685e-86
5.65154e-38
1.00934e-66
2.63686e-86
5.65155e-38
6.61765e-62
2.63685e-86
5.65154e-38
1.53924e-71
2.85547e-105
6.60914e-62
1.58883e-23
2.85505e-105
6.60914e-62
1.90343e-52
2.63685e-86
5.65154e-38
1.53947e-71
2.63685e-86
5.65154e-38
2.21299e-52
2.34158e+232
2.00179e-23
1.03185e-71
2.63686e-86
5.65154e-38
1.00847e-66
2.85717e-105
6.60914e-62
1.90343e-52
2.63685e-86
5.65154e-38
1.00847e-66
2.85717e-105
6.60914e-62
1.90343e-52
2.63685e-86
5.65154e-38
1.53947e-71
2.63685e-86
1.00963e-66
2.00179e-23
1.70579e+272
1.00963e-66
3.11928e-33
2.57963e+257
1.00963e-66
6.37698e-67
3.57297e+227
2.00179e-23
1.79903e-52
4.31946e+251
2.00179e-23
9.75253e-72
2.63685e-86
5.65154e-38
1.53947e-71
2.63685e-86
5.65154e-38
2.21299e-52
5.69207e+169
2.00179e-23
1.75427e-23
1.25248e+200
1.00876e-66
9.75259e-72
1.27618e-12
1.00876e-66
2.84225e-52
1.1021e-12
1.00876e-66
1.54079e-71
9.05229e+271
1.50806e-23
2.08385e-23
1.42607e+214
1.00963e-66
1.53991e-71
6.01722e+175
1.50806e-23
1.50482e-23
1.4934e+214
1.00963e-66
1.19944e-71
3.25164e+233
1.00963e-66
1.19944e-71
3.62424e+233
1.00963e-66
1.19944e-71
3.62424e+233
1.00963e-66
1.19944e-71
1.69059e+262
1.00963e-66
1.19944e-71
2.13392e+219
1.00963e-66
1.24504e-47
1.35874e+214
1.00963e-66
2.00179e-23
4.98229e+175
1.00963e-66
6.37698e-67
8.31897e+217
2.00179e-23
1.79903e-52
2.34158e+232
2.00179e-23
1.79903e-52
2.34158e+232
2.00179e-23
9.75253e-72
2.63685e-86
5.65154e-38
2.21299e-52
4.31946e+251
1.50806e-23
1.54057e-71
2.16312e+185
1.50806e-23
1.42339e-23
1.98443e+214
1.50806e-23
1.83602e-23
6.09633e+247
1.50806e-23
4.18869e-62
6.36321e-13
1.00876e-66
6.61006e-62
7.50998e-13
2.34871e-76
2.00377e-52
2.54242e-76
1.34262e-23
2.67581e-28
1.34335e-23
1.00847e-66
2.85675e-105
6.60914e-62
1.90343e-52
2.63685e-86
6.60914e-62
1.58883e-23
2.85505e-105
5.65385e-38
6.61765e-62
2.63685e-86
6.60914e-62
1.90343e-52
2.63685e-86
6.60914e-62
1.50514e-23
2.29617e-28
2.53804e-76
1.17901e-47
1.38428e-47
5.23295e-13
1.53925e-71
1.53924e-71
9.27725e+242
1.00963e-66
1.53991e-71
2.16312e+185
1.00963e-66
1.19944e-71
5.30561e+199
2.00179e-23
1.75427e-23
3.8245e+228
2.00179e-23
1.03185e-71
2.63686e-86
6.60914e-62
1.58883e-23
2.85505e-105
1.34333e-23
6.7479e-67
6.37698e-67
6.37538e-13
1.53925e-71
4.33507e-57
9.25985e-71
1.50806e-23
4.18869e-62
1.97535e+166
1.50806e-23
2.08385e-23
3.25164e+233
2.00179e-23
1.79903e-52
5.2219e+275
5.65154e-38
1.00934e-66
2.63686e-86
6.60914e-62
1.58883e-23
2.85505e-105
1.34335e-23
1.65782e-76
1.17635e-47
6.94931e-13
2.34871e-76
2.00377e-52
8.07958e-13
1.53925e-71
4.33507e-57
1.33349e-70
1.50806e-23
4.18869e-62
1.98318e+214
1.50806e-23
2.08352e-23
9.88894e+165
1.00963e-66
1.19944e-71
3.25611e+214
2.00179e-23
1.03185e-71
2.63686e-86
6.60914e-62
1.90343e-52
2.63685e-86
6.60914e-62
1.90343e-52
2.63685e-86
6.60914e-62
1.83731e-23
2.85718e-105
1.34333e-23
5.15251e-62
2.17096e-28
2.54344e-76
1.34262e-23
2.67581e-28
2.5387e-76
1.17901e-47
1.38428e-47
6.36648e-13
2.34871e-76
2.00377e-52
2.02445e+267
1.50806e-23
1.83602e-23
2.0658e+161
2.00179e-23
6.76236e-67
3.73035e+174
6.60914e-62
1.50514e-23
2.29617e-28
1.10564e-12
1.53925e-71
1.53924e-71
2.21106e+161
1.50806e-23
1.54057e-71
1.36724e+161
2.00179e-23
1.75427e-23
2.47384e+267
5.65154e-38
2.21299e-52
8.78403e+25
6.60914e-62
1.34261e-23
1.00876e-66
1.54079e-71
3.99529e+252
2.00179e-23
1.75427e-23
1.34829e+161
5.65154e-38
1.53924e-71
2.85547e-105
2.54107e-76
6.76234e-67
9.52046e-43
1.40392e+166
1.50806e-23
4.18869e-62
1.80102e+219
1.00963e-66
3.11928e-33
5.77375e+175
5.65154e-38
1.00934e-66
2.03593e+232
1.34333e-23
1.51846e-47
2.80254e-28
8.0662e-13
2.34871e-76
2.00377e-52
5.73618e+194
1.00963e-66
6.37698e-67
1.60218e+184
1.34327e-23
1.51846e-47
2.80254e-28
1.41463e+190
1.50806e-23
1.83602e-23
1.68462e+122
5.65154e-38
1.53925e-71
2.85548e-105
1.44738e-12
2.34871e-76
2.00377e-52
1.97319e+93
1.00963e-66
8.97343e-67
1.35689e+69
1.3433e-23
2.34804e-76
1.50806e-23
2.08385e-23
1.15583e+21
2.85506e-105
5.22407e-13
2.34871e-76
2.00377e-52
1.67667e+243
1.00963e-66
1.24504e-47
1.23653e+243
6.60914e-62
1.90343e-52
2.63685e-86
5.51274e-13
1.53925e-71
4.33507e-57
3.98539e+209
5.65154e-38
1.00934e-66
2.80107e+97
1.16361e-12
4.32906e+185
5.65154e-38
1.00934e-66
5.73062e+246
1.44599e-12
1.53925e-71
4.33507e-57
1.82027e+185
5.65154e-38
1.00934e-66
6.52175e+87
5.77383e+175
1.50806e-23
5.94542e-38
1.00847e-66
2.85717e-105
1.67667e+243
1.00963e-66
1.24504e-47
5.37802e+175
2.54242e-76
1.17901e-47
1.38428e-47
1.41463e+190
5.65154e-38
1.00934e-66
2.63686e-86
7.28189e+223
1.50806e-23
1.83602e-23
9.296e+242
1.34334e-23
1.24504e-47
2.92925e-28
7.7041e+228
2.00179e-23
9.75253e-72
3.69117e+15
1.03717e+98
1.50806e-23
1.50708e-23
4.3887e+175
2.53871e-76
1.17901e-47
1.38428e-47
8.9039e+252
6.60914e-62
1.83731e-23
2.85718e-105
2.98023e+228
2.00179e-23
9.75253e-72
4.27408e+92
3.16053e+233
1.00963e-66
1.24504e-47
5.54481e+199
6.09561e-13
1.53925e-71
4.33507e-57
1.66648e+64
1.34335e-23
2.34804e-76
1.50806e-23
2.08385e-23
1.97418e+93
5.80556e-13
2.34871e-76
2.00211e-23
1.03185e-71
2.63686e-86
5.36566e+199
1.00963e-66
1.24504e-47
5.34063e+228
5.79701e-13
1.53925e-71
1.53924e-71
1.99666e+209
2.5387e-76
1.17901e-47
1.38428e-47
3.76014e+112
6.60914e-62
1.83731e-23
2.85718e-105
1.64647e+98
5.65154e-38
1.00934e-66
2.63686e-86
2.88068e+214
2.00179e-23
6.76236e-67
1.35689e+69
1.70583e+272
1.00963e-66
4.33136e-57
1.34003e-23
2.80104e-28
8.90156e+247
6.60914e-62