10.8998
10.8807
10.9664
10.9232
10.8914
10.9788
10.9131
10.9003
10.8626
10.9789
10.9607
10.9698
10.9046
10.8693
10.9038
10.9447
10.8999
10.9062
10.8511
10.8724
10.8796
10.8554
10.9317
11.0179
11.0375
10.9655
10.9443
10.9682
11.0738
11.1168
11.0866
11.1223
11.0765
11.0882
10.9591
10.8613
10.9183
10.9174
11.0061
10.9793
10.934
10.8008
10.8474
10.9664
10.9802
11.1192
11.0606
11.0674
10.9262
10.8238
10.8092
10.9755
11.0373
11.0713
11.0125
11.0352
11.0805
11.082
10.9209
10.9025
10.8773
10.8927
10.8798
10.8362
10.9127
10.9689
10.9378
10.8853
10.9019
10.8617
10.8519
10.9572
11.0267
11.0339
10.8753
10.8828
10.8066
10.852
10.7976
10.8229
10.9114
10.9112
10.9684
10.929
10.8612
10.8861
10.9217
10.9409
10.9026
10.9059
10.8818
10.9873
10.9153
10.9104
10.8808
10.8781
10.9338
10.8346
10.8383
10.7766
10.9295
10.9616
11.0485
11.0288
11.041
10.9496
10.9614
10.9265
10.988
10.9616
10.9887
11.0704
10.986
10.9569
10.9334
10.9736
10.9586
11.0141
11.0402
11.0003
10.9781
10.9627
10.9897
10.9995
10.8409
10.7726
10.7208
10.8545
10.868
10.9479
10.9254
11.0293
11.0011
10.9284
11.0051
10.9631
10.964
10.9728
11.0183
10.9193
10.8351
10.9138
11.1155
11.1511
11.1101
10.9799
10.944
10.8795
10.9794
10.8935
10.8897
10.7842
10.8454
10.8766
11.0122
11.0184
11.0268
11.0566
10.9659
10.9905
11.0099
10.8859
10.8744
10.8946
10.952
10.9924
11.0061
11.0178
10.8836
10.9125
10.9127
10.9773
10.983
10.9628
11.0537
11.0461
10.9786
10.9927
11.0538
11.0491
10.9607
10.8699
10.9294
10.9345
10.9588
10.9173
10.9465
10.9121
10.9554
11.0365
11.0844
11.1388
11.0866
11.0767
11.0004
10.8983
10.8399
10.9621
11.0636
11.1485
11.0207
10.8637
10.8466
10.788
10.8881
10.926
10.9671
10.9185
10.9413
10.9372
10.915
10.967
10.9685
11.0285
11.0211
11.0134
10.9684
10.9144
10.9921
10.935
11.023
10.9947
11.0842
11.0403
10.9444
10.8879
10.9875
10.9872
11.0093
11.0112
10.9926
10.9572
10.8333
10.9261
10.8957
10.9249
10.9206
10.8728
10.8715
10.9066
10.863
10.9771
11.0711
11.1386
10.9866
10.8433
10.8826
10.8824
10.9978
10.9403
10.9195
10.8847
10.9045
10.8657
10.9608
11.0417
11.0593
10.903
10.8823
10.9983
10.9741
11.0463
11.0152
11.0684
10.9666
11.0729
11.0012
10.9877
11.11
11.0186
10.9603
10.8498
10.8865
10.8296
10.847
10.9517
11.0495
10.9874
11.018
10.8961
10.98
11.0071
10.9545
10.9137
10.9216
11.0075
10.9306
10.8243
10.8995
10.7813
10.7838
10.801
10.8927
11.0908
11.1752
11.125
11.0742
11.0015
10.9975
10.9959
11.0727
10.9835
10.927
10.8564
10.8526
10.871
10.993
11.0739
11.1092
11.0281
10.9625
10.9004
10.8748
10.9268
10.992
10.9581
10.8944
10.8921
10.8741
10.8626
10.7802
10.8603
10.9696
11.0859
11.072
10.9486
10.9797
10.9848
10.9013
10.7901
10.8148
10.8871
10.9098
10.8849
10.9514
10.981
11.1253
11.1244
11.0008
10.9531
10.9259
10.8775
10.8803
10.9533
10.9396
10.9823
10.9429
10.8648
10.8853
11.0176
11.1864
11.1181
10.9721
10.9038
10.8574
10.8855
10.8706
10.8421
10.7789
10.851
10.9669
10.9331
10.8979
10.789
10.8896
10.8803
10.9751
10.9101
10.9512
10.972
10.9854
10.869
10.9368
10.908
10.9084
10.8494
10.9106
10.9615
10.959
10.9996
10.9179
10.9331
10.8794
10.8645
11.0215
10.9885
11.0892
11.0348
11.0149
10.9671
10.8696
11.0325
11.0038
10.9259
10.9226
10.9754
11.035
11.0592
10.9632
10.9792
10.9327
11.0581
10.9814
10.9321
10.7827
10.8521
10.8863
10.8853
10.8739
10.968
11.0799
11.1042
11.0659
10.9142
10.9461
11.0305
11.1081
11.0353
10.9946
10.9657
10.9822
10.9932
10.9613
11.0501
10.9632
10.9882
10.9846
10.9394
10.8919
10.9635
11.0383
11.0478
10.8722
10.889
10.8947
10.9428
10.9581
10.9026
10.8035
10.7882
10.811
10.8527
10.9157
10.9428
11.0063
10.9646
11.0719
11.0971
11.0595
10.9845
10.8681
10.7377
10.76
10.8918
10.9909
11.0657
11.0237
10.9928
10.9995
10.955
10.9991
10.9407
10.9341
10.9774
11.0638
11.0653
11.0094
10.9472
10.9148
10.9117
10.933
10.9661
11.0631
11.1069
11.1034
10.991
10.8896
10.8668
10.9265
10.952
10.8661
10.9424
10.992
10.9691
10.948
10.9998
10.9912
10.9972
10.8967
10.9316
10.792
10.8496
10.8762
10.929
10.8505
10.9198
10.8702
10.9765
10.9045
10.9305
10.8995
10.8281
10.9147
11.0273
10.9375
10.9499
10.9526
11.0979
11.0058
10.9123
10.8393
10.887
11.0222
10.9905
10.9502
11.0041
11.0029
11.0276
11.0389
11.0663
11.044
11.078
11.0025
10.966
10.9637
10.9818
10.9495
10.9648
10.9394
10.9484
10.8915
10.9125
10.9547
10.9524
10.934
10.9009
10.8652
10.9081
10.915
10.905
10.921
10.9535
10.8154
10.8805
10.9054
11.0703
10.9655
10.9839
10.9506
10.9872
11.0071
10.9426
11.0255
10.9915
10.9878
10.9705
11.0839
11.0962
10.9626
10.868
10.8915
10.8575
10.9401
10.9009
11.0437
10.8939
10.9057
10.9072
11.0017
10.9273
10.8558
10.8195
10.7575
10.8842
10.8506
10.9545
11.0826
11.0576
10.927
10.8836
10.9571
10.9472
10.9206
10.9576
10.9443
10.9688
10.9665
10.9856
10.9878
10.8457
10.9243
11.0342
11.0451
10.9516
10.8946
10.8634
10.9789
10.8757
10.8662
10.8896
10.8963
10.9486
10.9179
11.0255
11.0138
10.9175
10.8561
10.9621
11.0754
10.9211
10.8274
10.859
11.0567
11.0647
11.0084
10.9135
10.8659
10.9336
10.9838
11.0308
11.035
10.9944
10.9512
10.8473
10.8904
10.9558
11.0446
11.1161
11.0709
11.1287
11.0577
11.0805
11.0025
10.8924
10.9049
10.9192
10.9558
10.8464
10.8833
10.9317
10.9852
11.0711
10.9895
10.8566
10.8434
10.8437
10.9325
10.9273
10.9396
10.82
10.7966
10.8287
10.8109
10.8526
10.8863
10.7999
10.8292
10.7816
10.9132
10.9361
10.9863
11.0075
11.0275
11.0888
10.9955
11.0457
10.9512
11.0088
11.0166
11.0278
10.915
10.8475
10.9322
10.9486
11.0455
10.9861
10.9461
10.8352
10.8484
10.9498
11.021
11.0552
11.0014
11.0104
10.8846
10.8673
10.9335
11.0375
10.8904
10.8856
10.8768
10.8556
10.8002
10.9054
10.9337
10.9787
10.9673
11.0136
10.9691
10.8992
10.9278
10.9989
11.0427
10.985
10.9978
10.8601
10.8546
10.9368
10.9738
10.9278
10.9607
11.0454
11.0014
10.9598
10.9629
11.0719
11.1224
11.0582
11.1164
11.0266
11.072
11.0426
10.9903
10.8866
10.8471
10.8533
10.959
10.9855
11.0573
11.0454
10.8908
10.887
10.8475
10.9264
10.8526
10.9937
10.8776
11.0108
10.9108
10.9687
11.0172
10.9899
11.0377
10.9352
10.8968
10.7861
10.6921
10.7884
10.8301
10.942
10.9042
10.9708
10.8007
10.836
10.9019
11.0604
11.0102
10.9451
10.9709
11.0959
11.09
10.9254
10.8819
10.8502
10.8418
10.8945
10.947
11.01
11.023
10.9287
10.8502
10.8384
10.9248
10.9329
10.9906
10.9595
11.0699
11.0579
11.0062
10.9278
10.7956
10.8435
10.7875
10.8701
10.9465
10.9988
11.0904
11.0684
11.0456
10.9837
10.9663
10.9171
10.9823
10.927
10.9182
10.927
10.9415
10.9561
10.9305
10.9778
10.9839
11.0021
11.0802
11.0805
11.0944
10.9819
10.8564
10.8728
10.9435
10.9267
10.8941
10.8255
10.9948
10.909
10.8793
10.8065
10.8906
10.9981
11.0432
11.054
10.997
10.9313
11.0306
10.9607
10.9374
10.9912
11.0795
11.0509
10.9704
10.8435
10.9529
10.9976
10.9949
10.9577
11.0409
11.0899
11.0889
10.9589
10.9068
10.9182
10.9384
10.9601
10.9128
10.9349
10.9876
11.0853
11.1113
11.0838
10.9657
10.9684
10.8908
11.0308
10.9973
10.9059
10.8301
10.8899
10.925
11.0834
11.1495
11.131
11.1252
11.0647
11.0833
11.038
10.9471
10.9642
10.7539
10.8797
10.9458
11.048
10.9958
10.8628
10.8957
10.888
10.9754
10.9362
10.9974
10.9494
11.0025
11.0273
11.0549
10.9936
10.9564
10.8515
10.9015
10.8929
10.9126
10.9304
11.0171
11.0836
10.9974
11.0627
11.0712
11.0322
10.9612
10.9235
10.9994
10.9909
10.9839
10.9729
10.9248
10.9504
11.035
11.0241
11.0144
10.8896
10.9897
11.0199
11.0555
10.9308
11.0084
10.8986
10.8347
10.8311
10.8084
10.9245
10.935
11.0163
11.0729
11.2319
11.0916
11.0479
10.9926
11.0727
11.0867
11.0689
10.954
10.9406
10.9836
11.0449
10.9156
10.9255
11.0198
11.1296
11.1298
11.0335
11.0501
11.0428
10.9984
10.9611
10.9252
10.9784
10.9424
10.8846
10.8977
10.9372
11.0356
11.0285
11.0321
10.9393
10.9974
11.0598
11.093
11.0725
11.0317
11.0683
11.0294
11.0188
10.9879
10.8859
10.9097
10.8281
10.926
10.8818
10.9463
10.916
11.0265
11.0247
11.0751
11.0234
11.0252
11.0087
11.0113
11.0473
10.9776
10.956
10.8955
11.0287
10.9779
11.0142
10.9409
10.9402
10.9539
10.9062
10.909
10.9259
10.8855
10.926
10.8816
10.9522
10.9663
11.0114
10.9737
10.8464
10.8247
10.937
11.049
11.0817
11.1147
11.0103
11.0481
11.0398
11.0541
11.0609
11.0226
10.8753
10.8973
11.0423
11.1039
11.1268
11.0937
11.0292
10.955
10.8951
10.7853
10.8144
10.8914
10.9593
10.9254
10.861
10.9299
10.9448
10.9718
11.0114
10.9439
10.9087
10.9486
10.977
10.9604
10.9885
11.0224
11.074
10.9277
10.8936
10.8855
10.9653
10.9802
11.0565
11.0286
10.9664
10.9538
10.9789
10.9628
10.9745
10.9302
10.9475
10.9168
10.8872
10.9706
11.1224
11.0516
11.0404
10.8433
10.8737
10.779
10.8531
10.9397
10.8891
10.9847
10.8923
10.8688
10.8367
10.9055
10.9169
10.9495
10.8969
10.9962
11.0123
10.9659
10.9098
10.9091
11.0324
10.9818
11.0064
10.9912
11.021
11.0193
11.0241
11.0398
11.0076
10.8997
10.9047
11.0437
11.0866
11.0822
11.0129
10.9265
10.9188
10.8262
10.8237
10.9314
11.0268
11.0295
11.0437
11.0397
11.0439
11.0112
11.0023
10.9037
10.9239
10.909
10.9207
10.8747
10.8329
10.9193
10.9123
11.0179
10.9937
10.9917
11.0424
11.1254
11.0402
10.9248
10.8397
10.8484
10.9434
11.0461
11.0747
10.9962
10.992
10.924
10.9249
11.0292
11.0217
11.0234
10.9016
10.9186
11.0227
10.9746
10.8946
10.8765
10.9414
11.0557
10.9991
10.924
10.9144
10.9485
11.0291
10.9756
10.9934
11.0003
11.0286
11.019
10.9918
10.9753
10.991
10.947
10.8953
10.9898
11.0162
11.0296
11.0729
10.9727
10.944
10.9223
10.9777
10.9322
10.9348
10.7888
10.9485
10.9387
10.9652
10.9152
11.0237
11.0143
10.9883
10.9242
10.9733
10.8795
10.8764
10.9954
11.0649
11.1459
11.082
10.9509
10.9091
10.8485
10.8454
10.7494
10.9285
11.0408
11.0252
10.9308
10.8863
10.9412
11.0148
10.9534
10.9426
10.9633
11.0485
11.073
11.038
11.0725
11.0261
10.9859
10.8602
10.9338
10.93
10.9007
10.9071
10.8782
11.0105
11.0153
11.039
10.9295
10.8538
10.7555
10.8832
10.8536
10.9217
10.9072
10.9388
10.8554
10.9518
10.9848
10.9991
10.798
10.8408
10.8239
10.9239
10.8626
10.9419
10.9457
10.9699
10.9312
10.9003
10.9267
10.9125
10.8873
10.83
10.8824
10.8837
10.9578
11.1057
11.0322
11.0828
10.9467
10.9188
10.9524
11.096
11.0809
11.116
11.0561
11.0921
11.0679
11.1093
11.1091
11.0281
10.9038
10.9701
10.9261
10.9241
10.9212
10.8551
11.0142
10.9199
10.8453
10.8412
10.981
11.0361
11.0275
10.9523
10.9079
10.9092
10.8939
10.9904
11.0147
10.9566
10.9097
10.895
10.893
10.8434
10.8547
11.0052
11.0343
11.0419
10.9338
10.8433
10.9202
11.0348
11.0391
11.0705
11.0878
11.0585
10.9875
10.927
11.0785
11.0895
11.0294
10.9361
10.9802
11.038
10.9742
11.041
10.9557
10.9302
10.9551
10.9201
10.9966
11.0481
11.045
11.0596
11.0111
10.9858
10.9787
11.0135
10.997
10.8972
10.9575
10.942
10.9811
10.9836
11.0316
11.0551
10.9942
10.8813
10.7901
10.8805
10.9015
10.9918
10.9346
11.023
10.9632
10.9463
10.9597
10.9935
11.0226
11.0111
10.9941
11.0927
10.9422
10.9365
10.8675
10.8882
11.0211
11.0256
11.0032
10.9229
10.9204
10.9575
10.9538
10.8565
10.9288
10.9523
10.9767
10.9754
11.0198
11.0098
10.988
10.9372
11.0426
10.9601
10.9252
10.8059
10.7886
10.7667
10.7744
10.8666
10.9535
10.9699
11.0124
10.9445
10.9233
10.8484
11.0259
10.9115
10.9027
10.8317
10.9127
10.9265
10.9714
11.005
11.0193
11.0307
10.9422
10.9535
10.9983
11.0911
10.9996
10.9883
11.0502
11.0661
11.0141
10.9563
11.0292
10.9883
10.9434
10.9731
10.9253
10.9202
10.9251
10.958
10.8869
10.7531
10.9075
10.9133
11.06
11.0486
11.1148
10.9978
10.9763
10.8782
10.9349
11.0448
11.1113
11.0178
10.9548
10.9765
10.9763
10.9731
10.9288
10.9851
10.9203
10.8772
10.8031
10.7479
10.7526
10.8916
10.9456
10.9129
10.9589
10.9314
11.0188
11.0902
11.0809
10.9546
10.984
10.9185
10.8689
10.9564
10.9069
10.9383
11.0094
11.0012
10.9908
10.9662
10.8992
10.9465
11.0347
11.1812
11.1668
11.1538
11.0344
11.0172
10.9602
10.8746
10.958
10.9006
10.9603
10.7774
10.7981
10.7516
10.8411
10.9195
10.9241
10.9832
10.8962
10.9257
10.8697
10.976
10.9133
10.9832
11.0113
11.0826
10.9811
10.9042
10.9259
10.9541
10.9689
10.9324
10.8336
10.9108
10.9269
11.0249
10.9845
11.0664
11.1373
11.1439
11.0471
10.9829
10.9232
10.9419
10.8784
10.9091
10.9631
10.9729
11.0573
10.9983
10.906
10.8261
10.8989
11.0268
11.043
10.8946
10.9602
10.9317
10.9587
11.023
11.1095
11.1013
11.0102
11.0207
11.0929
11.1309
11.1143
11.114
11.1017
11.0821
11.0154
10.9331
10.8897
10.9768
11.1077
11.0352
10.928
10.9157
10.8959
10.9831
10.9661
10.9375
10.8989
10.8617
10.9623
10.9174
10.9522
11.0444
11.0337
10.923
10.9019
10.8097
11.0504
11.0532
11.0415
10.8637
10.8973
10.9226
10.9539
10.851
10.8412
10.8891
10.9381
10.9396
10.9614
10.9671
11.0226
11.0195
11.0165
11.0148
10.9209
10.9501
10.9401
10.8724
10.9169
10.9533
10.9922
11.0686
11.0822
10.9354
10.8474
10.8565
10.9986
11.0179
10.9457
10.8592
10.9714
11.0643
11.1018
11.0586
11.0764
10.97
11.0743
11.0584
11.06
11.0248
11.022
10.9868
11.075
11.0375
11.0616
10.9304
10.8928
10.8164
10.9553
10.9846
10.9479
10.8466
10.7705
10.7163
10.7694
10.8511
10.9174
11.0306
10.9947
11.0463
11.0141
11.0615
11.039
11.0581
10.9839
11.0003
10.9678
10.9874
10.9587
10.8537
10.8955
11.0872
11.0467
11.0624
11.0767
10.9689
10.9248
11.016
11.0684
11.0427
10.8763
10.842
10.9778
11.0079
11.0984
10.9958
11.0449
10.9935
10.9708
10.9183
10.9413
10.9697
11.0261
10.9874
11.0518
11.1465
11.1645
11.0097
10.9453
11.0203
11.0706
10.9638
10.9408
10.9018
10.911
10.9378
10.9943
11.0273
10.9045
10.9494
10.9726
11.0147
11.0471
10.9247
10.869
10.911
10.9105
10.9748
11.0049
11.0032
11.0454
11.0444
11.0611
11.1415
11.0954
11.0801
11.008
11.0275
11.0624
11.0023
10.9542
10.9239
10.8835
10.9941
11.0175
10.9679
10.9654
11.0289
11.0465
11.0489
11.0188
11.0022
10.9183
10.8828
10.9571
10.9588
10.9463
10.7895
10.8972
10.9399
10.9863
10.9599
10.925
10.8897
10.9656
11.0208
11.0309
10.9271
10.8613
10.7611
10.8513
10.8461
10.9636
10.9964
10.9328
10.9832
10.9311
10.9849
10.9408
10.9017
10.8672
10.9319
11.014
11.0077
10.9185
10.989
11.1021
11.1288
11.0141
10.9251
10.9513
10.9848
11.0431
11.0119
11.0085
10.9791
10.983
10.9569
10.843
10.9805
11.0481
11.014
10.9063
10.8684
10.8946
10.8696
10.8374
10.8603
10.8762
10.8823
10.9807
11.0352
11.0705
11.0761
11.0581
11.053
10.98
11.0271
10.9326
10.9571
10.8382
10.9027
10.9261
10.9063
10.887
10.9461
10.9868
10.9785
10.9394
11.0426
11.1194
11.1606
11.0215
11.0802
11.0216
10.9851
10.913
10.8774
10.9396
10.8887
10.9715
11.0654
11.128
11.0854
10.9425
10.9579
10.9906
10.9256
10.9027
10.9361
10.8545
10.906
10.9723
11.0333
11.049
11.057
11.0374
10.9554
10.9045
10.921
10.9127
10.9328
10.9617
11.0851
10.9748
10.9308
10.9261
10.8974
10.9899
10.9657
11.0343
11.0356
10.95
10.9309
10.9845
10.8918
10.9823
11.078
11.1916
11.1066
11.1089
11.0072
11.002
10.9453
10.9303
11.0264
10.999
11.0868
11.0589
11.1646
11.0681
10.9796
10.924
10.8164
10.9426
10.9694
10.9619
10.9493
10.9151
11.0326
10.9866
10.8477
10.8587
10.868
11.0326
11.0557
10.9008
10.8845
10.7599
10.8583
10.9106
10.8793
10.9344
10.934
10.8896
10.9004
10.9218
10.9436
10.9209
10.9353
10.916
10.971
10.9914
10.9582
11.034
10.9457
11.0154
10.949
10.9932
11.0485
11.0156
10.9579
10.9325
10.9879
10.966
11.0607
11.0792
11.1585
11.0089
10.9833
10.8168
10.8584
10.9232
10.9415
10.8971
10.9193
10.9207
11.0244
11.0636
11.0275
10.9529
10.8404
10.8622
10.8738
10.8673
10.9315
10.9729
10.9876
10.8971
10.9018
10.8718
10.8472
10.8437
10.9122
10.9815
11.0722
11.0774
11.1167
11.045
11.0294
10.8843
10.8505
10.9598
10.9883
10.9503
10.9025
10.9835
11.0866
11.1903
11.2797
11.1279
10.9137
10.8205
10.9606
10.8977
10.9029
10.9733
11.014
10.9513
10.9113
10.9603
10.9748
10.853
10.832
10.9057
10.9457
10.8165
10.8208
10.9088
10.8901
10.8403
10.8794
10.85
10.951
11.0578
11.1168
10.9399
10.8304
10.7859
10.9041
10.9045
10.8676
10.8897
10.9304
10.9657
10.9787
10.9413
10.9414
11.0106
11.088
11.0346
10.9473
10.9403
10.9425
10.96
11.0373
11.032
11.0094
11.1066
11.0889
11.1444
11.0194
10.9287
10.8969
11.0075
11.1689
11.1071
11.0504
10.9948
11.0425
10.9717
10.9517
10.9384
10.9642
10.9295
10.8313
10.8506
10.8871
10.9809
11.0541
11.0932
11.0752
10.9903
11.0112
10.908
10.9105
10.8374
10.8924
10.8929
11.0164
10.9246
10.9902
10.9452
11.0658
11.1617
11.1094
11.1035
10.966
10.9915
10.9756
10.9639
10.9348
10.9106
10.773
10.7816
10.8108
10.924
10.9567
10.9549
10.8825
10.8834
10.9387
10.9727
11.043
10.9356
10.8534
10.792
10.858
10.9639
11.0719
10.9682
10.9387
10.8946
10.9463
10.9128
10.8953
10.9054
10.9777
10.965
10.8907
10.977
10.9171
10.8928
10.9076
10.9928
11.0573
10.9965
10.9452
11.0366
10.9424
11.0218
10.799
10.8173
10.8606
10.9376
10.9308
10.9179
10.9014
10.8963
10.9598
10.9906
11.0086
10.8979
10.8348
10.8138
10.9051
10.9922
10.9693
11.0292
11.0438
10.9393
10.9265
10.8713
10.9464
11.0095
11.0243
11.0209
11.0307
11.0229
10.9981
11.0557
11.0002
11.1239
11.0377
10.9258
10.8594
10.8709
10.8863
10.873
10.7804
10.8137
10.7839
10.9244
10.8612
11.017
10.9352
10.9899
10.9859
11.1181
10.9656
10.9013
10.9432
10.9656
10.9888
10.9499
10.9313
10.9375
10.9537
10.8742
10.8281
10.9616
10.9657
11.0763
10.96
10.951
10.9379
10.9687
10.9814
10.9707
10.9941
11.0649
10.9952
11.0218
10.9456
11.1059
11.0352
11.04
10.9387
10.9603
10.9349
10.986
11.0288
11.0658
11.0697
11.0124
10.9329
10.824
10.8914
10.9046
10.9609
10.8813
10.8073
10.9141
10.9337
10.9619
10.9613
10.9556
11.0298
10.9387
10.9353
10.9385
10.8804
10.9364
10.9159
10.8861
10.9656
11.0735
11.0907
11.0544
10.9495
10.8398
10.9257
11.0499
11.0178
10.9491
11.0083
11.0874
11.0991
11.1315
11.0495
11.0609
11.0732
11.0163
11.0274
10.9756
11.0779
10.9513
10.9575
10.9446
10.9894
11.0149
10.9833
11.0312
11.063
11.0652
11.0935
10.9967
10.9229
10.8771
10.8977
10.9611
11.0336
11.0615
11.0464
11.0441
11.0629
11.0855
11.0497
10.9882
11.0527
10.922
11.0568
10.9555
10.9609
10.9194
10.8154
10.9426
10.9109
10.9804
10.9603
10.8744
10.9524
10.9787
10.895
10.936
11.0144
10.9405
10.9607
10.9134
11.0714
10.9646
10.9845
10.9821
10.9732
11.0209
11.0378
11.0784
11.0878
11.1244
11.074
10.9908
10.926
10.8495
10.8094
10.7813
10.849
10.9595
10.9258
10.9734
10.9838
10.9631
11.0442
11.0592
11.0885
11.0269
10.906
10.8452
10.9364
10.9314
11.017
11.061
11.0796
10.9801
10.912
10.9245
10.9798
10.9353
10.9691
10.9423
11.001
10.9183
10.8927
10.9513
10.9403
10.9148
10.9454
10.941
11.0301
10.9519
10.9569
10.8756
10.9854
11.0091
10.9529
10.958
10.9162
10.955
10.8361
10.8578
10.7674
10.7899
10.7952
10.9874
11.0181
10.9391
10.9187
10.9492
10.9528
10.9737
10.8732
10.8993
10.8779
10.9002
10.9061
10.8731
10.8851
10.9013
11.0209
10.9711
11.0269
10.994
10.9957
11.049
10.9973
10.9139
11.0291
11.0461
10.9854
10.8459
10.765
10.8251
10.8732
10.9045
10.8643
10.8717
10.8596
10.7441
10.757
10.8335
10.864
10.8897
10.8975
10.9245
10.965
11.0836
11.0004
10.875
10.9195
10.9382
11.0511
10.97
10.9435
10.8765
10.9114
10.9212
10.9672
11.0553
11.098
10.9697
10.9434
10.9412
10.9219
10.961
11.1149
11.1694
11.0451
11.0046
10.9445
10.8882
10.9044
10.9476
10.9909
10.988
11.0042
10.9498
10.9294
11.0042
10.9841
10.9925
10.9346
10.8977
10.8591
10.9094
10.9741
10.9911
11.1416
11.0189
11.0312
11.0389
11.1018
11.0242
10.9877
10.9508
10.9661
10.9962
10.9814
11.0767
11.0105
10.9319
10.8359
10.8739
10.9603
10.9458
10.9844
11.0515
11.049
11.0459
10.9573
10.9179
10.9518
10.952
10.969
10.9784
11.0369
11.0045
10.9205
10.8002
10.7695
10.8809
11.0392
11.0275
10.9874
10.846
10.8517
10.8863
10.8772
10.8924
10.9202
10.9111
11.059
11.0266
11.0441
10.9808
10.9648
10.9383
10.9348
10.9212
10.9894
10.903
11.0051
11.0271
11.0442
10.9829
11.0794
11.1009
11.0818
11.0184
10.9534
11.0111
11.0594
11.0546
11.0288
10.9525
10.9781
10.9229
10.9649
10.9624
10.9366
10.9043
10.7796
10.8339
10.8907
10.9072
10.8996
10.929
10.9403
10.9551
10.9124
10.9948
11.0297
10.999
10.9943
11.0144
10.9026
10.9573
10.9428
10.9119
10.9581
10.9678
11.0908
10.9926
10.9583
10.9435
10.9502
10.9855
10.9585
11.0493
11.0312
11.0139
10.9433
10.946
10.9445
10.9569
10.9314
10.9557
10.9832
11.0881
11.0792
11.0206
10.9235
10.9547
10.817
10.9362
10.9407
11.0214
10.994
10.9467
10.9513
10.9359
11.0354
10.9472
10.9196
10.9656
10.9515
10.891
10.8816
10.9347
11.0922
10.9976
11.0117
10.9892
11.0583
11.0885
10.9334
10.9257
10.8798
10.889
10.9795
10.9697
10.9385
10.8786
10.8665
10.9243
10.9792
10.995
10.9751
10.8986
10.9729
11.0402
10.9966
11.0591
10.9689
10.9672
10.9191
10.8385
10.841
10.9533
11
11.1125
11.0108
10.9694
10.9033
10.934
10.97
10.9852
10.9713
10.9866
10.9739
10.9121
10.8349
10.8308
10.9275
11.0137
10.9112
10.9628
10.9678
10.9237
11.0226
11.0294
11.0401
10.9834
10.8773
10.8793
10.8687
10.8801
10.9227
10.921
10.9171
10.9278
10.961
11.0145
10.9919
10.9807
10.9784
10.9726
10.9967
10.9953
11.0199
10.9739
10.8764
10.945
11.0347
11.2317
11.1606
11.0101
10.9852
10.9819
11.0207
10.9813
10.918
10.8654
10.876
10.913
11.0084
11.0163
10.9966
11.0645
10.9967
11.0372
10.9299
10.9864
10.9971
11.059
11.0112
11.0238
10.9287
10.8885
10.9332
10.9116
10.9517
11.0161
11.0088
10.9718
11.0084
11.0608
11.0555
10.9316
10.84
10.8625
10.98
11.0183
10.9485
10.9203
10.8675
10.9135
11.0036
10.9895
10.9762
10.8562
10.8096
10.9281
10.9082
10.9334
11.051
10.9989
11.0898
11.0207
11.0182
10.94
10.9956
11.0492
11.0209
10.9767
10.9189
10.8169
10.8177
10.8274
10.9572
10.966
11.0461
11.0553
10.9949
10.9442
10.8535
10.9075
11.0473
11.0282
11.0277
10.9831
11.12
11.0886
11.0735
11.0164
11.0008
10.9763
10.9667
11.0776
10.9846
10.9576
11.032
10.9915
10.8642
10.9014
10.9027
10.9234
11.0031
10.9268
10.9344
11.0046
11.0596
11.0265
10.9487
10.9194
10.9923
10.9438
10.9171
10.9396
10.9652
10.9475
10.9129
10.8804
10.7918
10.8519
10.9583
10.9047
10.9204
10.953
11.0003
10.8467
10.7301
10.8493
10.9394
11.0378
10.9125
10.9267
10.9058
10.9852
10.9924
11.0637
11.0721
11.076
11.097
11.1443
11.0459
10.8558
10.7786
10.8481
10.9082
10.9276
10.9457
10.9554
11.0625
11.0021
11.0588
10.9684
11.0563
11.1503
11.2349
11.2223
10.9561
11.0468
10.8871
10.8966
10.9357
10.9876
10.9806
10.9058
10.9033
10.8189
10.7849
10.8155
10.8429
10.9151
10.9596
10.9955
10.9669
10.915
10.9992
10.9471
10.8196
10.837
10.834
11.04
11.0182
10.9642
10.8925
10.9287
10.9017
10.7992
10.9398
11.0492
11.1341
11.0845
11.0159
11.015
10.9947
10.9868
10.9795
10.929
10.8494
10.8989
10.9333
11.0529
11.1026
11.0671
11.1595
11.0851
11.164
10.9965
11.0069
10.9468
10.9928
11.0282
10.9639
11.0372
10.999
11.045
11.0602
10.9358
10.8827
10.8441
10.9166
10.8802
10.967
10.9295
10.925
10.9267
10.9769
10.9603
10.8694
10.8415
10.8975
11.0043
10.936
11.0436
10.9976
11.015
11.054
11.1097
11.0883
11.0157
10.98
11.0427
11.0389
11.0128
10.9892
11.0483
11.0452
11.0041
10.9742
10.9593
10.9445
10.9231
10.9411
10.9263
10.919
10.8734
10.9133
10.8527
10.8633
10.8871
10.8679
10.841
10.8591
10.9216
10.9132
10.8755
10.9519
10.9588
11.0808
11.0135
11.0146
10.8471
10.8396
10.8924
10.9736
10.9165
10.8086
10.834
10.9187
10.9867
10.8598
10.9012
10.8793
10.9547
10.8761
11.0011
11.0202
10.979
10.8275
10.9238
11.0341
11.0193
11.0776
10.9685
10.9058
10.7783
10.881
10.8681
11.0044
10.9677
10.9926
11.0493
11.0378
11.0875
11.0428
10.9271
10.9546
10.9744
10.9885
10.9654
10.82
10.8225
10.8617
10.9394
10.9545
10.9734
10.9871
11.0141
11.1168
11.0063
10.9333
10.9249
10.8235
10.8481
10.8652
10.9907
10.9274
10.9545
10.9306
10.8399
10.8797
10.9112
10.9737
10.9614
10.9691
11.0342
10.9499
11.0293
11.0113
11.0576
10.999
11.0871
11.0277
10.9616
10.8435
10.9147
10.9353
10.9997
11.0301
11.0113
10.9575
10.8885
10.9052
10.8908
10.9458
10.9791
10.9266
10.9386
10.9129
10.9399
11.0296
10.9495
11.0288
11.0579
11.0766
11.082
11.0736
11.0123
10.9704
11.0566
11.0204
10.9481
10.8898
10.9022
10.9477
10.9717
10.9642
11.0667
11.0745
11.0376
10.9293
10.8507
10.9544
10.8799
10.9641
10.8883
11.0011
10.9797
10.9906
10.939
10.9446
10.9833
11.0446
11.0007
10.9401
10.8568
10.881
10.9626
10.9686
11.0007
10.9859
10.8827
10.9892
10.9234
10.954
10.9319
11.0048
10.962
11.0067
10.9599
10.9943
10.9449
10.9875
10.9851
10.9974
11.0604
10.991
10.9921
10.9832
10.9959
11.0018
10.9226
10.9698
11.0314
11.137
11.1071
11.021
10.9377
10.9609
10.9888
10.8674
10.7711
10.8073
10.9428
11.0529
10.9959
10.9433
10.9575
11.0929
10.9312
10.9349
10.8887
11.067
11.1328
11.0359
11.0341
10.9857
11.0626
10.9401
10.8836
10.8682
10.9031
10.9496
11.0721
11.032
10.9398
10.8751
10.8454
10.8789
10.912
10.889
11.0118
10.9831
10.9874
10.9687
10.9401
10.9839
10.997
10.9799
10.9427
10.9739
11.0527
11.083
11.11
11.0997
11.0657
10.9159
10.8968
10.8949
10.9236
10.904
10.9414
11.0137
11.0187
10.9806
10.9447
10.9731
11.1052
11.0629
10.992
10.9262
11.031
11.0019
11.0518
10.9295
10.9954
11.0113
11.001
10.8784
10.7633
10.7758
10.8935
10.9535
10.9934
10.9044
10.9029
10.9873
11.0654
11.0468
11.0393
10.9623
11.0383
11.0783
11.047
11.1176
11.0837
11.0357
11.0131
11.002
10.9812
10.8599
10.9004
10.9781
11.0519
11.0497
10.8638
10.8753
10.956
11.0768
10.9576
10.9496
10.9062
10.8813
10.8413
10.837
10.9851
10.9785
11.0566
10.936
10.8875
10.8523
10.8802
10.8933
10.9154
10.8889
10.9007
10.9109
10.8802
10.8413
10.8995
10.9631
10.9985
10.9268
10.9228
10.9759
11.066
11.0751
10.931
10.8557
10.8735
10.9033
10.9663
10.9133
10.9528
11.0657
11.1115
10.9953
10.8722
10.9768
11.0212
11.1551
11.1135
11.0019
10.9271
10.8489
11.0268
11.1049
11.1013
10.9919
10.9998
10.8962
10.8959
10.9553
10.9728
11.0226
10.9812
10.9397
10.864
10.9044
10.9311
10.9841
11.0306
11.0077
11.0997
11.038
11.0143
10.8747
10.8643
10.7948
10.8853
11.0083
11.076
11.1261
11.0555
10.8517
10.8081
10.8692
10.9213
11.0257
10.9379
10.9831
10.9732
11.0828
11.0858
10.9834
10.9034
10.884
10.9015
10.8959
10.8857
10.9969
10.9879
10.973
10.874
10.8624
10.8507
10.9888
11.0083
11.0393
11.0862
11.1213
11.1507
10.9917
11.0316
10.9819
11.017
10.9986
10.9466
10.9595
10.9363
10.9574
10.9448
10.8952
10.8127
10.8413
10.8731
10.9855
11.002
10.9917
11.0134
11.0164
11.0771
11.0894
11.0027
10.851
10.9548
11.041
11.0594
11.0144
10.907
10.9193
10.9614
11.0524
11.0426
11.0312
10.9235
10.8525
10.8176
10.8591
10.8473
10.8756
10.9072
10.9668
10.9265
10.8523
10.8485
10.8775
10.9201
10.8495
10.8718
10.9122
10.9091
10.9977
10.991
11.0522
11.0033
11.0586
11.0961
11.0997
10.9032
10.9143
10.9584
10.9017
10.8843
10.8674
10.9092
11.0288
11.0115
11.0623
10.9119
10.9879
11.0171
11.0578
10.8745
10.872
10.9414
10.9561
11.009
11.0693
11.0011
10.9974
11.0644
11.0713
10.9839
10.9327
10.9944
10.9759
11.0837
11.0859
10.9904
10.9543
10.9964
11.0875
11.1564
11.1567
11.0182
10.9276
10.7879
10.9141
10.9647
11.1504
11.0556
10.983
10.8614
10.8859
10.9168
10.9379
10.9889
10.9298
11.0132
10.9556
10.9082
10.8993
10.9835
11.1021
10.9748
10.968
10.9094
10.9176
10.9429
11
11.0424
10.9699
10.8725
10.8374
10.9439
11.0518
11.075
11.0424
10.9761
10.9685
10.9228
10.924
10.9391
10.9206
10.9113
11.0959
11.162
11.1885
11.1208
10.997
10.9785
10.8635
10.9039
10.8541
10.9844
11.0247
10.9526
10.9538
10.9051
11.0089
11.0697
11.052
10.9633
10.8357
10.7876
11.0139
11.0733
11.1609
10.9554
10.8994
10.823
10.8634
10.9254
10.9485
10.9456
10.9424
10.9079
10.8456
10.8674
10.8731
10.8696
10.7749
10.7859
10.8238
10.8397
10.8696
10.9598
11.0115
10.9768
10.9279
10.8916
10.8795
10.9372
11.0396
11.0251
11.0682
10.9925
10.9496
10.9558
10.9505
11.0434
11.0626
11.0345
10.9537
10.9568
11.0006
11.0092
10.8393
10.8193
10.8793
10.8658
10.9008
11.0567
11.1617
11.1339
11.0614
10.9095
10.8039
10.9138
11.0041
11.0733
10.9572
10.9194
10.9366
10.8958
10.9463
10.9285
10.9522
10.976
10.908
10.9817
10.9388
10.9825
10.9719
10.9932
10.9042
10.8786
10.9466
10.9904
10.9373
10.8483
10.8258
10.8814
10.9184
10.9713
10.9769
10.976
10.907
10.9635
10.8825
10.9743
10.9668
11.0988
11.0299
11.0382
10.969
11.0275
10.9351
10.9564
10.9521
10.9152
10.8614
10.8274
10.8676
10.8937
10.8618
10.9215
10.9394
10.9002
10.8074
10.8859
10.9145
10.8709
10.9895
11.0767
11.1986
11.1824
11.1086
11.063
11.0554
10.9637
10.9769
10.8582
10.9489
10.9566
10.977
11.0408
11.0092
11.0032
10.963
11.0418
10.9678
11.0459
10.989
11.0886
11.043
11.1567
11.1264
11.0039
10.9472
10.946
10.9598
10.9778
10.958
10.9866
10.907
10.929
11.0662
11.1051
11.0411
10.9729
10.8901
10.8384
10.878
10.9096
10.9087
10.8476
10.9818
11.0057
10.9674
10.9477
10.986
10.863
10.8787
10.9224
10.9967
10.8386
10.8574
10.8071
10.9923
10.9726
10.9783
11.0293
10.905
10.943
10.971
11.0003
10.927
10.8999
10.8901
11.0083
11.0987
11.0394
10.9765
10.9554
10.9403
10.9251
10.9244
11.0598
11.0537
11.1283
11.105
10.9885
10.8731
10.8598
10.9185
10.9796
11.0392
10.9524
10.9118
11.0237
10.9731
11.0165
11.0112
11.0644
11.0413
11.0349
11.0046
11.0214
11.0395
11.1443
11.0545
11.0002
10.9923
10.9447
11.0121
11.0217
10.9978
10.9678
10.9874
11.1038
10.9894
10.9778
10.9107
11.0453
10.9973
11.1125
11.0109
10.9719
10.8527
10.8191
10.8871
10.9021
10.8868
10.9397
10.9446
10.9101
10.9044
10.9639
10.9281
10.92
11.0285
11.0512
10.9386
10.9614
10.9738
10.9741
10.9081
10.9526
10.8728
10.9447
10.8794
10.9868
11.0572
11.089
10.9739
10.8628
10.8189
10.8807
10.8588
10.9046
10.933
10.8843
10.8335
10.8738
10.8578
10.9565
10.9952
11.0092
11.0588
11.0556
10.9764
11.0003
10.9762
11.0754
11.1436
11.0557
10.9492
10.9729
10.9221
10.9397
10.9647
11.0057
10.8966
10.978
10.9035
10.9574
10.9446
10.9983
11.0238
11.075
10.9983
10.9013
10.961
11.0505
11.1235
11.0667
10.9687
10.9504
11.0017
11.0531
10.9659
10.9305
10.8577
10.9777
10.9088
10.9604
10.8341
11.0055
10.897
10.8821
10.8879
10.9153
10.9691
11.0817
10.9987
10.895
10.9494
10.9021
10.9693
10.8977
10.9791
10.8656
10.9053
10.9992
11.0105
11.026
11.0044
10.9956
10.9817
10.9078
11.0066
11.0626
11.0028
10.9453
10.8449
10.9365
11.035
11.0326
10.9287
11.0374
11.0651
11.0955
10.9602
10.8311
10.8455
10.9344
11.0454
10.9954
10.9768
11.0402
11.0554
11.0015
11.0462
11.1017
11.1341
10.9757
10.9803
11.0704
11.1333
11.0107
10.9403
10.7962
10.8827
10.9117
11.006
11.0549
11.0376
11.0657
10.9963
10.9731
11.0024
10.9443
10.785
10.7096
10.7482
10.8717
10.9639
10.9849
10.9022
10.9201
10.9704
10.9673
10.9875
10.9506
10.9126
10.9187
10.994
10.9876
10.9695
10.9987
10.9099
10.8768
10.9387
11.0527
11.1024
11.0832
11.0938
11.0026
11.0119
10.9829
10.9766
10.9406
10.8467
10.8408
10.8621
10.894
10.9543
10.9373
11.037
10.9914
10.937
10.9118
10.9429
10.9552
10.9802
10.9829
11.0722
11.0309
11.0175
10.9737
11.0044
11.0344
10.9894
10.9178
10.8375
10.8606
10.8829
10.8596
10.8727
10.9864
11.0387
10.9777
10.8474
10.8843
10.9762
10.9973
10.981
10.9886
11.0063
10.9704
11.0188
10.9473
10.9672
10.8562
10.844
10.8397
10.8018
10.9779
10.979
11.0695
11.061
11.1352
11.0235
11.1505
10.9533
10.9734
10.9733
10.9294
10.9798
10.9786
11.0177
11.0786
11.0056
11.0233
10.9164
10.9023
10.929
11.0291
11.0249
10.9914
10.9423
11.0107
11.0019
11.0115
10.9284
10.9562
10.9909
10.976
10.8492
10.7871
10.8992
10.8975
10.942
10.9592
10.9994
11.0387
10.943
10.9084
10.9025
10.9547
10.9552
10.8965
10.788
10.9976
10.9693
11.034
10.9872
11.0418
11.0844
11.0215
11.0487
10.9959
10.9788
10.9838
11.0711
10.9974
11.062
10.9823
11.0142
10.9846
10.8831
10.926
10.951
10.8129
10.8197
10.8196
10.8946
10.9866
11.0229
10.9853
10.9605
10.9524
11.0392
11.0312
10.8829
10.863
10.8485
11.0625
11.1406
11.1392
10.9406
10.867
10.9438
10.9749
10.8811
10.9011
10.9
10.8273
10.9393
11.0613
11.0511
10.9576
11.0411
11.1125
11.0825
10.931
10.8492
10.8479
10.8666
10.8745
10.9487
10.9327
11.0317
11.0227
11.1787
11.0832
11.0908
11.0452
11.0745
10.8769
10.9128
10.9006
10.9136
10.7816
10.8503
10.8898
11.026
10.9673
10.9892
10.9025
10.8745
10.935
10.865
10.9155
10.9098
10.9177
11.1013
11.0883
10.9721
10.9411
10.9536
11.0303
11.032
11.0065
11.0076
10.981
10.9843
10.9829
10.9897
10.9153
10.8446
10.8568
10.9208
10.8934
10.858
10.9826
11.0672
11.1082
11.0297
11.0625
11.0027
10.9034
10.8147
10.852
10.896
10.9162
10.935
10.9437
10.9802
11.0795
11.0892
11.099
10.9184
10.846
10.8657
10.817
10.891
10.9455
10.9479
10.8826
10.9459
10.9903
11.0888
10.9804
10.9903
10.9145
10.9385
11.0196
10.9358
10.9266
10.8423
10.9077
10.9288
10.9562
10.9444
10.9996
11.0044
11.0298
10.9745
10.8879
10.8392
10.7974
10.862
10.9544
11.0255
11.009
11.0103
10.9789
11.0055
10.9533
10.9881
10.9531
10.9838
10.9848
10.9648
10.976
10.9757
10.9027
10.8497
10.9304
10.9952
11.0274
10.9892
10.967
10.9347
10.7882
10.8124
10.8751
10.9863
11.0954
11.0338
11.0437
10.9935
11.0007
10.9858
11.0631
10.9244
10.8904
10.9005
10.9306
11.0172
10.9684
11.0083
11.0373
11.0297
11.0476
11.0627
11.0293
10.9289
10.9009
10.8688
10.9258
10.8798
10.8677
11.0454
11.0412
11.0766
10.98
11.0041
10.987
10.9968
10.9594
10.891
10.9403
10.8817
10.9933
11.0327
10.9741
10.9236
10.8869
10.9354
10.8997
10.9272
10.9267
11.0588
10.9855
11.0374
10.9913
11.1042
10.9894
11.0064
10.9145
10.9909
10.9691
10.9144
10.9781
10.8963
10.9574
10.8862
10.9305
10.9614
11.0157
11.0168
10.9548
11.0084
10.9868
10.9973
10.9322
10.9205
10.969
11.0894
11.1055
10.8731
10.8466
10.7802
10.8692
10.9005
11.0784
11.1868
11.1754
11.1003
10.9675
10.9017
10.7742
10.8195
10.913
10.9684
10.968
10.9864
10.959
10.9966
10.9275
10.9328
11.091
11.1478
11.0183
10.9823
10.9622
11.0557
10.9718
10.9335
10.9539
10.962
10.8657
10.8475
10.9147
11.0472
11.0944
11.0821
10.9519
10.9629
10.9394
11.069
11.0127
11.0077
10.9435
10.9529
10.9728
10.958
10.9304
10.9992
10.996
11.0029
11.0518
11.0011
10.991
10.9041
10.9735
10.9072
10.9925
10.9846
10.8865
10.8632
10.7946
10.9414
11.0021
11.095
11.0526
10.9752
10.9427
10.8915
10.8772
10.9178
11.0467
11.0514
11.0908
11.0442
11.0674
10.9703
10.9538
10.9676
10.9931
11.0096
11.0069
10.9461
10.8719
10.8918
10.813
10.9386
10.9234
10.9769
10.9254
10.9697
11.0248
11.047
10.9499
10.9075
10.9453
11.0405
10.976
11.0621
11.081
11.1043
11.0004
10.9584
10.9007
11.0095
10.8787
10.9516
10.9928
11.0397
11.0136
10.9277
10.951
10.9107
10.843
10.9463
10.9929
11.0478
10.9188
10.855
10.9316
11.0769
10.9957
11.0221
10.9285
10.9847
11.0056
11.1208
11.1139
11.0973
10.9299
10.9858
11.0127
10.9628
10.9968
10.9831
11.076
11.0251
11.0465
10.9403
10.9036
10.9188
11.0031
10.984
11.1146
11.0457
11.1594
10.9419
10.9128
10.7608
10.8026
10.7604
10.934
11.0463
10.9255
10.9763
10.9109
10.9597
10.9347
10.9851
10.9904
11.1082
11.0668
11.0574
11.0139
10.957
10.9717
10.9453
10.9165
10.9709
11.0456
11.0776
10.9591
10.9429
10.9394
11.03
10.9898
11.0676
10.9771
10.7646
10.8223
10.9328
11.0069
10.9583
11.0284
11.074
11.1667
11.1846
11.1519
11.1256
11.0264
10.9371
10.9575
10.9838
10.9791
10.9838
11.0188
11.0423
11.0312
11.0904
11.0475
11.0322
11.0387
11.0719
11.0483
11.0322
10.9998
10.9631
10.9695
10.9549
11.0107
10.9808
11.0133
11.0001
11.0495
10.9414
10.865
10.8875
10.8551
10.9295
10.9407
11.0905
10.9927
10.9547
10.8752
10.9706
10.867
10.961
10.8533
10.9529
10.8633
10.8734
10.9834
10.9634
10.986
10.8695
10.9784
11.0295
10.9966
10.9062
10.8414
10.8548
11.0101
11.021
10.9369
10.9306
11.0019
10.9971
10.9252
10.8858
10.8282
10.8094
10.836
10.9096
11.041
11.0338
11.0333
11.0212
11.1088
11.1174
11.0313
10.9974
10.9204
10.9721
10.834
10.8425
10.7563
10.8439
10.8554
10.872
10.9422
11.0448
11.0303
11.0142
11.0066
11.0675
10.9231
10.9345
10.9485
11.0418
11.0206
10.8741
10.8884
10.8335
10.9459
10.9717
10.9834
11.0317
10.9346
10.9743
10.9567
10.9249
10.8306
10.9057
10.9162
11.0053
10.9128
10.9041
10.7687
10.7298
10.8302
10.9561
10.9887
11.035
11.022
11.0576
10.816
10.8418
10.8999
10.9935
11.0429
11.0203
11.0524
11.0932
10.9811
10.9384
10.8423
10.8671
10.9591
10.9922
10.9923
11.0537
11.1395
11.0488
10.9758
10.8373
10.9436
11.0123
11.0416
10.9676
10.9958
10.913
10.9003
10.8928
10.9063
10.9769
11.0052
11.0596
11.0171
10.9791
10.9119
10.9539
10.9645
10.9538
10.8893
10.8994
10.821
10.9198
10.8518
10.9731
10.9751
11.0636
10.9813
10.8824
10.8544
10.9139
10.8687
10.9153
10.8243
10.9127
10.958
10.9609
10.9438
10.9892
10.9902
10.9992
11.0338
11.0768
11.0044
10.9977
10.9683
11.0202
10.9787
10.9541
11.0323
11.0647
11.0111
10.9262
10.9829
10.8922
11.0111
11.0634
11.0892
11.0354
11.0014
10.9319
10.9488
10.9561
10.923
11.0502
11.0869
11.0799
10.91
10.8882
10.9598
10.9257
10.9859
10.887
11.02
11.0023
10.982
10.9672
10.9815
10.9769
10.9682
10.9703
10.9578
10.9419
10.9908
11.0007
11.1219
11.09
11.0586
11.0694
10.9844
11.0612
11.0433
11.0019
11.0007
10.9903
10.8567
10.982
10.9224
11.0001
10.9344
10.904
10.8684
10.7922
10.8383
10.8377
10.9219
10.916
10.8989
10.953
11.0286
11.0515
10.9388
10.8322
10.9354
10.9827
11.0149
10.9959
10.9386
10.7982
10.8763
10.8309
10.9447
10.8901
10.8853
10.9345
10.9911
11.0673
10.9798
10.925
11.0086
11.0725
11.0569
10.9964
10.9026
10.9506
10.9831
11.1121
11.0395
11.1657
11.0497
10.9028
10.9108
10.8646
10.8742
11.011
11.126
11.1074
11.0613
10.924
11.0905
11.0632
11.1565
11.0056
11.0632
11.044
11.0395
11.0346
10.9297
10.9264
10.9942
10.9851
10.904
10.8786
10.961
10.956
10.9668
11.0028
10.9415
11.0839
11.07
11.0835
10.9177
10.8336
10.8061
10.875
10.8173
10.8209
10.7511
10.8616
10.8984
10.9742
11.0873
11.0592
11.1025
10.9233
10.9015
10.9361
10.8829
11.0668
11.0475
11.0692
10.9619
10.9237
10.9811
10.9845
10.9615
11.0512
10.9654
10.9503
10.9274
10.7984
10.8473
10.9321
11.0226
10.9416
10.8263
10.8654
10.9296
11.0302
11.076
11.1394
11.0652
11.0215
10.8485
10.8684
10.9669
10.8859
10.8676
10.928
11.044
10.9965
10.981
10.863
10.9313
10.9488
10.8686
10.9199
11.0215
11.0708
11.1021
10.9861
11.0176
10.9665
11.0805
11.0064
11.0063
10.8365
10.939
10.8833
10.8857
10.9046
11.0597
10.9986
11.0491
10.9426
10.9247
10.8846
10.8416
10.9172
10.8734
10.9597
10.8938
10.8605
10.8534
10.8134
10.9489
10.8707
11.0573
10.9654
11.0063
11.041
11.0589
11.0692
11.0385
11.0506
10.9535
10.9058
10.8873
10.918
10.8869
10.9552
10.9194
11.0014
10.9235
11.0603
11.0548
11.0132
10.8981
10.9596
11.0074
11.0182
10.923
10.8369
10.9375
11.0532
11.065
10.9793
10.8929
10.9933
11.0415
11.0085
10.976
10.9531
10.8479
10.8787
10.9187
10.9718
11.0067
11.0006
11.0112
10.9468
10.9934
11.0787
10.9217
10.9933
10.9513
11.1095
10.984
11.0175
10.8426
10.8949
10.8291
10.9883
10.9671
10.9366
10.9006
10.8944
10.9721
10.9013
10.9778
11.0252
11.1674
11.1582
11.0429
11.0807
10.9695
10.9529
10.8788
10.8985
10.9157
11.0273
11.0659
11.1152
11.1211
10.9447
10.873
10.7943
10.922
10.9994
10.9923
10.9827
10.975
10.8394
10.9437
10.9194
11.0024
10.9291
10.8517
10.7337
10.772
10.8101
10.8702
10.9092
10.9445
10.9728
11.013
10.9832
10.9308
10.9258
10.8898
10.836
10.8465
10.8007
10.9233
10.9383
10.9964
10.9833
10.9567
10.9746
11.0037
10.9186
10.8992
10.8547
10.8781
10.985
10.9979
11.0954
10.9143
11.036
10.9469
10.9667
10.9595
10.9835
10.9517
10.8497
10.8983
10.9416
11.08
10.8869
10.8983
10.9083
10.9304
10.9181
10.8525
10.8653
10.8972
10.9844
11.0596
10.9696
10.9017
10.8424
10.815
10.926
10.9366
10.8927
10.926
10.9177
10.9915
11.0361
10.9409
10.9872
10.9953
11.1061
11.0989
10.9481
11.0207
10.9874
10.9892
10.9345
10.8778
11.0105
11.0053
10.9963
11.0088
10.9839
11.0433
10.9194
10.986
10.9192
11.0317
11.0604
10.9951
10.956
10.9463
10.9244
10.9248
10.9921
10.9364
10.8707
10.8881
10.8943
10.9197
10.8644
10.8899
10.909
10.9417
10.9298
10.8903
11.0003
11.0121
11.0558
10.9917
10.9257
11.065
11.0251
10.9352
10.9067
10.8854
10.9348
10.9583
10.9709
10.9917
10.9192
11.0105
11.0084
11.0504
10.9565
11.0206
10.9492
11.0524
11.0295
11.0547
10.9342
10.8326
10.858
11.1138
11.1964
11.0261
11.0285
11.0329
11.065
11.0498
10.9189
10.9838
10.9793
10.9278
10.9026
10.9312
10.9547
10.8863
10.8559
10.9476
11.0011
10.9989
10.9266
10.9396
10.8858
10.911
10.996
10.9479
10.9877
11.0577
11.0732
11.039
11.1266
10.9937
10.8995
10.8012
10.879
10.9216
10.9476
11.0201
11.0013
10.9649
10.8953
10.9659
10.9903
11.0253
11.0088
11.0178
11.0065
10.9137
10.9197
10.8472
10.8852
10.8516
10.9372
10.8842
10.9646
11.0128
11.0113
10.982
11.0028
10.9442
11.0009
10.9184
10.9837
10.9861
10.9773
10.9254
10.8063
10.9098
10.8763
10.8499
10.8979
10.8745
11.0238
11.0139
11.0742
11.0301
11.0605
11.0349
10.9685
10.9873
11.0186
10.9026
10.9717
10.924
11.0811
10.9897
10.9966
10.925
10.8777
10.8666
10.9146
10.945
11.0411
11.0373
10.8824
10.8526
10.8895
10.9842
10.9294
10.9749
10.9443
10.9972
11.0098
11.0767
11.0551
10.9731
10.8762
10.9445
10.9949
11.0572
11.0639
10.9906
11.0837
11.115
11.022
10.9217
10.9416
10.909
10.9261
10.9055
10.9407
10.8735
10.887
10.8579
10.8958
10.8036
10.9227
10.886
10.9131
10.9039
10.8447
10.7784
10.8318
10.9422
11.0346
11.1065
10.9852
10.9796
10.845
10.8054
10.891
11.0181
10.9495
10.8994
10.8108
10.8956
10.977
10.9015
10.9035
10.844
10.9347
10.8764
10.8908
10.869
10.8448
11.0369
11.0854
11.0989
11.0862
11.0905
10.9833
11.0141
10.9551
10.9453
10.9644
10.854
10.7314
10.8802
10.918
10.9806
10.9637
10.9329
10.9431
10.8868
10.8475
10.8741
10.8006
10.8798
10.887
10.9345
10.8829
10.9053
10.9588
10.9386
10.9747
10.9692
11.0385
11.0307
11.0156
10.9345
10.9644
10.9902
10.9828
10.9669
10.903
10.8081
10.8472
10.8356
10.8654
10.8748
10.9232
10.9947
10.8678
10.9985
10.9936
11.0213
10.9645
11.0326
11.0582
11.0078
10.995
10.989
11.0287
11.0697
11.0563
10.9821
10.9115
10.9321
10.9211
10.9472
10.9489
10.9375
10.8767
10.9446
10.912
10.9415
10.827
10.911
10.9421
11.004
10.901
10.85
10.8179
10.9449
10.9045
11.0731
11.0543
11.0121
10.8964
10.8882
10.922
10.9259
10.9388
10.9631
10.9893
10.9564
10.9669
10.9613
11.0455
10.9648
10.914
10.9565
11.0798
11.0064
10.949
10.9153
10.9679
10.986
11.0357
10.9343
10.8619
10.8454
10.9368
11.0585
11.0071
10.9472
10.9194
10.8159
10.8987
10.9791
11.0647
11.0765
11.0174
10.8262
10.8055
10.7808
10.9018
10.9905
11.0691
11.1431
11.0618
11.0205
10.8673
10.826
10.8587
11.0001
11.1646
11.1069
10.9852
10.9308
10.8186
10.8883
10.9265
11.1138
11.0439
11.0271
10.9705
10.8771
10.9332
10.9619
11.0043
11.0082
10.9957
10.9741
10.9229
10.9673
11.0195
10.9148
11.0029
10.9909
10.9585
10.9221
10.9651
11.0283
11.0176
10.9986
10.8897
10.9122
10.9115
11.0297
11.0285
10.9921
10.9513
10.9249
10.9971
11.0755
11.018
11.0589
10.9508
10.9206
10.8649
10.9455
11.0375
11.0039
10.9155
10.7911
10.7114
10.8365
10.8105
10.9126
10.8414
10.9397
10.9755
10.96
10.948
11.0357
11.0673
10.9611
10.8973
10.8808
10.9778
11.033
11.0062
10.9749
10.9081
10.887
10.8798
10.9732
10.9526
10.9685
10.9332
10.9149
11.0284
11.0635
11.0677
11.111
11.0315
10.9572
10.8963
10.7827
10.7386
10.8161
10.9336
10.9728
10.9392
10.8747
10.8773
10.883
10.8948
11.0356
11.0323
11.0956
11.1157
11.0383
10.979
10.9494
10.9897
11.0002
10.9483
11.0379
11.0494
10.9883
10.8814
10.9747
11.0239
11.0735
11.1958
11.1005
11.0425
11.0217
11.0481
10.9636
10.9987
10.9555
11.0328
10.9458
11.0201
11.0175
11.0268
11.0502
11.137
11.0636
10.9795
10.9808
10.9327
10.9274
10.9374
10.9329
11.0317
11.0555
11.0077
10.9911
11.0683
10.9865
10.977
10.8445
10.8742
10.9106
10.9915
10.9954
11.0418
11.0886
11.0382
10.8868
10.7752
10.9152
10.9869
10.9319
10.9337
10.9184
10.9813
10.9004
10.8825
10.8154
10.9063
10.8307
10.9846
11.0164
11.104
11.0804
11.062
10.9536
10.9743
11.0922
10.9824
11.0489
10.9749
10.9995
10.8227
10.7992
10.8349
10.7811
10.8267
10.9307
10.9657
11.0337
11.0258
11.013
11.1415
11.1092
11.0823
10.9345
10.9275
10.9063
10.9319
11.0051
10.9692
10.9573
10.892
10.9227
10.9645
10.9962
11.0461
11.0349
10.9874
10.9566
11.0542
11.0356
11.0771
10.9831
11.0085
10.989
10.9058
10.9447
10.9712
10.92
10.9468
10.9979
10.8779
10.8669
10.9299
11.0083
11.0885
11.0659
11.0809
11.0232
10.8684
10.9817
11.0238
11.0846
11.0288
10.9882
10.9816
10.9049
10.8815
10.9169
10.9931
10.9962
10.9364
10.9042
10.8203
10.8675
11.006
11.0969
11.0226
10.9302
10.9268
10.8735
11.0033
11.0042
11.0311
10.9114
10.8594
10.9109
11.0377
11.0198
10.9799
10.9185
10.97
11.0625
11.0931
10.9379
11.0201
10.9811
10.9596
11.0535
11.0809
11.0841
11.0761
11.1374
11.0313
10.9554
10.9025
10.8781
10.7967
10.902
11.0671
11.006
10.9675
10.8408
10.8443
10.9056
11.0359
10.9748
10.9225
10.7537
10.8153
10.9125
10.8769
10.9494
10.9147
10.9075
10.9125
11.0249
10.9754
11.0498
10.9567
10.9309
10.8524
10.827
10.8633
10.8515
10.9574
10.9065
10.9572
10.9895
11.0005
11.0444
10.9223
10.9633
10.9219
10.9963
10.9903
11.1058
11.077
11.0383
11.0358
10.9981
11.0949
10.9789
10.9142
10.952
10.9861
10.9621
10.9599
10.9307
10.8701
10.7929
10.8132
10.9341
11.0463
11.0152
10.9731
10.9353
10.9897
10.9961
11.0029
10.8692
10.8718
10.8231
10.8415
10.9987
10.9789
10.9518
10.9651
10.9309
11.0267
10.992
10.9923
10.9992
10.95
10.9238
10.9244
11.0021
11.0283
11.1017
11.0612
11.1052
11.0142
11.0328
11.0094
10.958
11.014
10.9476
11.0583
11.0547
10.9942
10.8594
10.8351
10.8872
11.0189
11.0994
11.1114
10.9586
10.9345
10.8162
10.9204
10.9483
11.0404
10.9931
10.9604
11.0357
10.9698
11.0215
10.9966
11.0559
10.9881
10.9461
10.9292
11.0063
11.0641
10.9531
10.9833
10.8774
11.0286
10.9928
11.0889
11.0665
10.9563
10.9892
11.0295
11.1471
10.9698
10.9745
10.923
10.8769
10.9344
10.936
11.0531
11.0167
11.0179
10.9325
10.9939
11.149
11.119
11.0744
10.9277
11.0416
11.0409
11.0713
10.9852
11.1226
11.028
11.0452
10.9317
10.9379
10.983
10.935
10.8958
10.872
10.8515
10.8778
11.0235
10.9786
11.0122
10.9173
10.9422
10.936
11.0132
10.9442
10.9387
11.0144
11.0225
11.0199
11.0012
10.9975
10.9508
11.0051
10.9701
10.9055
10.9404
10.8676
10.8789
10.9392
10.9108
10.817
10.8044
10.9046
10.985
11.0296
10.9214
10.9837
10.8959
10.9576
10.9828
11.0864
11.0743
11.0731
11.0645
10.9961
10.9761
11.0224
10.9957
11.0414
10.9691
10.8641
10.6857
10.6998
10.7706
10.8585
10.9051
10.913
10.948
10.9186
10.923
10.883
10.9436
10.972
11.0124
10.9373
10.8802
10.8974
10.8194
10.8753
10.9395
10.9408
10.9976
10.9318
10.9981
10.9889
10.9423
10.9186
10.9726
10.9302
11.0709
11.0325
11.0429
10.9319
10.9614
10.9226
10.9273
10.8968
10.9108
10.985
10.9488
10.8921
10.946
11.0248
11.0495
10.9534
10.885
10.8259
10.8731
10.8977
10.8578
10.9651
11.0175
11.0079
10.8943
10.9338
11.004
10.8934
10.9593
11.0688
11.0909
11.0676
10.9147
10.9537
10.9793
11.0877
11.0193
11.1334
11.1168
11.1278
10.9152
10.9549
10.9277
10.9546
10.9625
10.9426
10.987
10.9899
10.96
10.9691
11.0327
11.0512
10.9723
10.9272
10.8514
10.8885
10.9573
10.9095
10.9625
10.9874
10.9681
10.8856
10.9852
10.8721
10.9948
11.108
11.0904
10.9983
10.9491
10.9275
10.9648
11.0221
11.0578
11.1123
11.0501
11.0112
10.9165
10.9103
10.8739
10.9128
10.9816
10.9537
10.9693
11.0163
10.9322
10.965
10.9402
10.9653
10.8905
10.8457
10.8708
10.9496
11.0835
11.0119
11.0164
10.9393
10.9812
10.9871
10.9365
10.9051
10.864
11.0043
10.8968
10.8431
10.8459
10.9142
11.0248
11.0151
10.9342
10.9983
10.9729
10.9495
10.9351
10.9133
10.9654
10.9284
11.0298
11.0652
10.9587
10.9512
10.9838
11.0393
11.0612
10.9491
10.8801
10.8682
10.8999
10.9289
10.9044
10.9525
11.028
10.9958
11.102
11.0052
11.0688
10.9447
10.9139
10.9323
10.9447
10.8838
10.9593
10.9773
10.9355
10.9599
10.959
11.0128
11.1114
11.0129
11.0173
10.8126
10.8322
10.7642
10.7809
10.8533
10.9843
11.0523
11.1322
11.1432
10.9273
10.8536
10.8603
10.9578
11.0019
11.0068
10.9696
11.038
11.0163
11.0538
10.8987
10.9641
10.9592
11.0506
11.0191
10.9521
10.8719
10.8757
10.7846
10.8973
10.9255
11.0105
11.0145
11.0389
11.0771
11.0444
11.0339
10.9371
10.9615
10.8498
10.832
10.9401
10.9526
11.0828
10.9837
11.0158
10.8724
10.8925
10.9202
11.0849
11.0459
10.875
10.858
10.874
10.9002
10.9185
10.9576
10.8972
10.8231
10.866
10.8696
10.9133
10.8714
10.8199
10.8331
10.8929
10.8591
10.8246
10.934
11.0145
10.9842
10.9458
10.798
10.8357
10.8508
10.9428
10.9136
10.9978
11.0099
11.0374
10.9123
10.9123
10.973
11.0909
11.1036
11.0463
11.0139
11.0365
11.0745
11.02
10.9859
10.9409
11.014
10.9913
11.0305
10.9621
11.0217
11.0219
10.9616
10.9722
10.9387
10.9017
11.0291
10.9564
10.9281
10.8466
10.8518
10.8854
10.9553
10.9729
11.0224
11.0083
11.1525
11.0611
11.0536
11.0294
10.9595
10.9204
10.8291
10.8201
10.8904
11.0291
11.0304
10.9409
10.9222
10.9719
10.9595
10.9782
11.0173
11.108
11.1557
11.0678
11.0085
10.9339
10.9766
10.9159
10.897
10.8227
10.8375
10.9569
11.1194
11.146
11.0404
10.8414
10.863
10.9509
11.033
11.1643
11.0959
11.1524
11.1748
11.1324
11.1325
11.0384
11.0406
10.9306
10.9632
10.91
11.0586
10.9989
11.0548
11.0088
10.9619
10.9727
11.103
11.0892
11.0384
10.9525
10.8804
10.9905
10.9891
10.9264
10.851
10.9964
10.9283
10.9541
11.0089
10.9498
11.0188
10.9382
10.9608
10.8715
10.9698
10.9518
10.9266
10.8642
10.9359
10.9898
11.0616
11.0226
10.9957
10.9897
10.9589
10.9527
11.0092
10.9223
10.9815
10.9668
11.1196
11.0262
11.0045
11.0751
11.0731
11.0835
11.0742
10.9608
10.99
10.9344
10.9741
10.9146
10.9549
11.0234
11.0592
11.0033
11.0281
11.0865
11.0842
11.0152
11.0523
11.1207
11.1947
11.0834
11.0839
11.0075
11.0483
11.0403
10.8803
10.8921
10.8413
10.9481
10.9891
11.0322
11.0997
11.0876
11.1116
10.9808
11.0301
10.9449
10.9734
10.9137
10.922
10.9397
10.9
10.8939
10.9554
10.8918
10.8867
10.9131
10.9386
10.8726
10.7576
10.8036
10.8436
10.8439
10.9157
11.0062
11.062
11.0164
11.0065
11.0597
10.9962
11.0412
11.1363
11.039
10.9283
10.9274
11.0466
11.0587
11.0004
10.8943
10.902
10.9049
11.0055
10.9951
10.9481
10.7957
11.0024
11.1145
11.1011
10.952
10.862
10.927
10.9051
10.9837
10.9558
10.9834
10.9943
11.0094
10.9806
10.9674
10.8607
10.9049
10.948
10.9806
11.0075
11.1176
11.0611
10.906
10.7779
10.7713
10.8702
10.8513
10.966
11.1221
11.0924
11.0055
10.8592
10.8701
11.0028
11.0155
11.0773
10.8809
10.8166
10.7681
10.8157
10.7542
10.8094
10.8767
10.8972
10.8837
10.9813
11.0001
11.0692
11.1047
11.0109
10.9516
10.8737
10.8937
10.9697
10.8976
10.9517
10.902
10.9231
10.9402
10.8975
10.9079
10.7904
10.8545
10.8675
10.9739
10.9458
10.8109
10.7929
10.8607
11.0234
11.1599
11.0641
11.0219
10.9488
10.9194
11.0456
11.0489
11.1704
11.1217
11.1002
11.0459
10.942
10.9646
10.909
10.9774
10.8177
10.92
10.973
10.9736
10.9099
10.8194
10.8901
10.9128
11.0374
11.0545
10.9872
10.8641
10.9136
10.9362
11.0433
11.0053
11.0092
10.9716
11.0431
11.099
11.0416
11.0429
10.9568
10.9234
10.9357
11.04
11.0854
11.0037
10.9839
11.0543
10.9694
10.9702
10.9198
10.9812
10.9549
10.9931
11.0302
11.0423
11.0027
10.8858
10.8774
10.8971
11.0364
11.0613
11.0747
11.0298
11.009
10.9606
10.9266
10.937
10.9647
10.9018
10.9404
10.9022
10.8577
10.8238
10.9549
10.8568
10.9758
11.0105
11.0488
10.9586
11.0035
10.9843
10.9879
10.9084
10.971
11.0367
11.0365
11.0017
10.946
10.9078
10.9438
10.9348
10.9699
10.8549
10.9156
10.9671
11.0492
11.0376
10.9669
10.8932
10.904
10.9708
10.9762
11.0048
11.0227
11.0104
10.9414
10.9095
10.959
11.0321
11.0039
11.0186
10.9616
11.0876
11.0455
10.9526
10.9966
11.0231
11.1331
11.1796
11.0726
10.9995
10.81
10.8704
10.9363
10.9382
10.925
10.8772
10.9203
10.9142
10.8473
10.8202
10.8585
11.0133
11.0742
11.0037
11.0339
10.9554
10.9574
10.9374
11.0367
11.0547
10.999
10.9641
10.9089
10.9199
10.9047
10.8222
10.8053
10.8259
10.991
11.092
11.091
11.0751
11.065
10.9945
11.0222
11.0268
11.0038
10.9716
10.9093
10.9897
11.0566
11.0626
11.0836
10.9632
10.9998
11.005
11.0835
11.0401
11.024
10.9894
11.0326
11.0075
10.9112
10.9809
10.8615
10.8728
10.8425
10.8535
10.9
10.9567
11.0323
11.0999
10.9728
10.9711
10.8179
11.0639
11.028
11.135
11.0903
11.0735
10.9955
11.0847
10.9282
10.9545
10.8897
11.0175
10.9584
11.0334
11.0006
11.0375
10.8579
10.8053
10.8942
10.9957
10.9798
10.9103
10.9352
11.0047
11.0207
11.0212
11.0564
10.9884
10.9948
10.8145
11.0233
10.9654
11.0949
11.0094
11.0473
11.0141
10.9371
10.8896
10.9611
10.9176
11.0358
11.0933
11.0951
11.0121
11.0004
10.9598
10.9206
10.8715
10.9033
10.9048
10.9236
10.9156
10.9131
10.9457
10.8796
10.8779
10.8008
10.8376
10.9541
11.0698
11.117
11.034
11.0193
10.9238
10.9613
11.049
11.0415
11.0831
10.9748
11.0847
11.0826
11.0187
10.9768
11.0039
10.994
10.9545
11.0029
10.9836
10.9982
10.9854
10.9998
11.0315
11.0275
10.9469
10.9587
11.0714
11.0943
11.1096
11.0801
11.0849
10.9806
10.9668
10.9731
11.0393
10.9493
10.8704
10.951
10.9419
10.905
11.0433
11.0182
11.0928
11.0109
11.0465
11.0489
11.0584
11.064
11.0161
11.0183
10.9176
10.9271
10.9577
10.9249
10.9134
10.8762
10.9434
10.9337
10.9861
10.9569
10.9791
10.9398
10.9508
10.9973
10.9923
10.9734
10.9967
10.9429
11.0087
10.9513
10.9479
10.8868
10.9338
10.9435
10.9628
10.9209
10.886
10.7624
10.8261
10.8299
10.9156
10.9581
10.8646
10.8708
10.8756
10.9501
10.9348
10.937
11.0025
11.0256
11.0505
10.9616
10.9168
10.9819
10.9793
11.1081
11.0471
11.0565
10.9562
10.9252
10.9067
10.9696
10.9863
10.8267
10.8791
10.8028
10.8986
10.8881
10.7903
10.8157
10.8643
10.983
10.8738
10.8855
10.9295
10.966
10.9477
11.0226
11.0426
10.9959
10.9304
10.8954
10.9021
10.8829
11.0037
10.9692
11.0546
10.925
10.9292
10.8072
10.8526
10.9674
10.9775
11.0267
11.076
11.0747
11.0557
10.9098
10.9306
10.9238
11.0559
11.1516
11.0784
10.9402
10.9141
10.8371
10.8533
10.9077
10.8953
10.9701
11.0343
10.9697
10.918
10.8312
10.864
10.8596
10.9277
10.8128
10.8845
10.9887
11.0646
11.0622
10.9904
11.0831
11.136
11.129
10.957
10.8709
10.9128
11.0816
11.1481
10.9794
10.8246
10.8342
10.8264
10.8993
10.8863
10.8748
10.9892
10.9896
11.1132
11.1243
10.9865
10.9964
11.0336
11.0656
10.9797
11.0233
11.0553
11.0019
10.9846
11.0155
10.9284
10.9061
10.9479
10.9053
10.941
10.9352
10.9469
11.0342
11.0103
11.0154
10.9391
10.9296
10.9862
10.9324
11.1225
11.0958
11.1054
10.9786
10.9769
11.046
11.1116
10.9995
10.8605
10.8884
10.9086
10.8855
10.9366
10.9889
11.0073
10.9787
10.9057
10.8594
10.8727
11.018
10.9468
10.9109
10.9369
10.9286
10.9588
10.8941
10.8094
10.8189
10.9407
11.0087
11.0141
11.0112
10.9939
11.0064
11.118
11.1357
11.0027
10.8247
10.9597
11.0239
11.0206
11.0592
10.9854
11.063
11.0499
10.9987
10.9252
10.902
10.8643
10.9962
10.9852
11.1687
11.0815
11.1009
11.0711
11.0421
11.038
10.9946
10.9753
10.942
10.9531
11.0356
11.0614
11.0361
11.0226
10.9894
11.0424
10.9555
11.1004
11.0527
11.014
10.9603
10.9169
10.8038
10.8709
10.8651
10.9195
10.9115
11.0001
11.0338
10.9433
10.8487
10.9994
10.9484
11.1474
11.0945
11.0808
11.086
10.999
10.9711
10.8391
10.8104
10.9062
10.9544
11.0276
11.0494
11.0045
10.9848
10.9765
10.9683
10.8891
10.924
10.9873
10.9843
10.9803
10.9997
10.9798
11.0704
11.1122
10.9931
11.0682
11.1256
11.1159
10.9909
11.0013
10.8497
10.887
10.8325
10.8852
10.8781
10.9871
11.0355
11.1089
11.0433
11.1373
11.0875
11.0823
11.0463
10.9999
10.9723
11.0074
11.0749
10.9055
10.8203
10.8156
10.9804
11.0885
11.1463
11.0942
11.0607
10.9788
10.9441
10.9131
10.973
10.9259
10.7983
10.7919
10.8292
10.9648
10.9567
10.9345
10.744
10.8778
10.8735
10.9734
11.002
10.9328
10.8317
10.7947
10.8958
11.0057
11.0278
11.0168
10.852
10.9325
10.9362
10.9005
10.9268
10.8422
10.9149
10.864
11.037
11.0319
11.0596
11.0539
10.9541
11.0093
10.9195
10.9064
10.8955
10.8888
10.9485
10.945
10.8948
10.8248
10.7808
10.8955
10.8696
10.984
10.9385
11.0692
11.0105
10.977
10.9331
10.8921
10.9545
10.9113
10.9235
10.8138
10.8358
11.0275
11.0741
11.1634
11.0332
11.0629
10.9671
10.8193
10.7198
10.7433
10.9299
10.9313
11.0551
11.1152
11.137
11.0527
10.9357
10.8796
10.9056
10.9909
11.0834
11.0998
11.0058
10.9951
11.0206
11.0654
11.1362
11.0423
10.9565
10.8369
10.8987
10.9856
10.9429
10.753
10.8162
10.9502
10.977
11.0124
10.8898
10.8514
10.8104
10.824
10.897
10.9755
11.0604
10.8674
10.8046
10.8153
10.9716
11.1139
11.0974
11.0299
10.8755
10.7875
10.7569
10.9055
10.958
10.9468
10.8812
10.9509
11.0479
10.9915
10.9473
10.9909
10.9584
10.8954
10.8813
10.9107
10.8469
10.8808
10.9856
11.0497
11.0234
10.9233
10.9194
10.9729
10.9874
10.8348
10.8447
10.8333
10.9394
10.9345
10.9586
10.8786
10.8771
10.9337
10.9769
10.8931
10.8418
10.8978
11
10.9214
11.0442
11.0303
11.0039
10.9983
10.9782
10.9657
11.0033
11.0048
11.0072
10.9994
10.8556
10.8697
10.97
10.9395
10.8796
10.8017
10.8186
10.8405
10.9366
10.9233
10.9367
10.9131
10.9792
10.9445
10.933
10.838
10.922
10.9733
10.9757
10.948
10.9677
11.0022
10.9091
10.9564
10.924
11.0163
11.0114
10.9772
10.8719
10.8182
10.9173
11.0391
11.0039
11.0168
10.9198
11.0995
11.0309
11.0714
11.0222
10.9269
10.8241
10.8607
10.8758
10.9049
10.994
10.9768
10.9845
10.9503
10.8868
10.9933
11.001
11.0108
10.9195
10.9123
10.9309
10.9313
11.0802
11.0563
11.0201
10.99
10.9777
11.0694
10.9791
10.9696
10.9014
11.0049
11.0703
11.008
10.9658
10.9099
10.9348
10.9519
10.9534
11.0928
11.0551
11.0416
10.8655
10.9796
10.8832
10.9866
10.8178
10.9931
11.0297
10.9848
10.8909
10.844
10.967
10.9379
11.0113
10.8791
10.8995
10.8733
10.9862
10.9483
10.9852
10.9673
10.8415
10.9241
10.8799
11.025
11.0036
11.0831
10.95
10.8723
10.8633
10.8977
10.9514
10.9152
10.9418
10.8861
10.8652
10.8265
10.7899
10.9098
10.9172
10.934
10.9335
10.9427
10.9387
10.9439
10.8605
10.8416
10.7518
10.8693
10.8757
10.93
10.9485
10.9457
10.9805
11.0286
11.0626
11.0253
11.0117
10.8897
10.7928
10.7941
10.877
10.9098
10.9524
10.9191
10.9076
11.028
11.0921
11.0575
10.933
10.9686
10.8325
10.9197
10.9423
11.1039
11.0263
10.9601
10.8744
10.8522
10.8538
10.925
11.0608
11.015
10.7483
10.8337
10.8617
11.0066
11.028
10.9879
10.9289
10.92
10.9599
10.8588
10.9499
10.9449
10.9504
10.9116
10.9085
10.9146
10.9479
10.9441
10.9906
10.989
10.9224
10.7514
10.9231
10.9596
10.9947
10.8583
10.96
10.8692
10.827
10.8498
10.9854
10.9388
10.9947
10.8289
10.8727
10.9929
11.1316
10.9516
10.9454
10.9228
10.9639
10.9825
10.8661
10.8958
10.8617
10.8801
10.9584
11.1118
11.1461
11.005
10.9608
10.8928
10.8901
10.9716
11.0297
10.9441
10.8812
10.8656
10.8969
10.9039
11.0146
11.0182
10.9287
10.8462
10.879
10.8486
10.8417
10.9175
10.978
10.9577
10.9568
10.8394
10.846
10.9175
11.0545
11.0425
10.9905
10.8678
10.9498
11.0482
11.1005
11.1032
10.9556
11.0238
10.9659
11.1583
11.0761
10.9953
10.9418
10.9688
10.9949
10.957
11.0005
11.0403
11.0701
11.0357
11.1127
11.0112
10.9231
10.9486
10.9984
11.1001
10.957
11.0082
10.973
11.0067
10.9731
11.0606
11.0727
11.1124
11.0451
11.0125
11.0463
10.9345
10.8931
10.9102
10.9459
10.866
10.8801
10.955
10.9631
10.8786
10.9504
10.9677
11.0754
11.03
11.0456
10.9438
10.9076
10.8262
10.8418
10.9098
11.0753
11.0394
11.0109
10.8766
10.944
10.8017
10.8435
10.9624
11.0337
10.928
10.9592
10.9183
11.0151
11.055
11.0665
11.0603
10.9993
10.9767
10.9628
11.0047
11.0449
10.9797
10.8829
10.8883
11.0095
10.9903
10.9899
10.8854
10.8681
10.9043
10.9269
10.9173
10.9912
10.8932
10.9145
10.8846
10.921
10.8987
10.9118
11.0274
11.0852
11.0424
10.9132
10.8258
10.855
10.834
10.879
10.8629
11.0473
11.0479
11.0165
10.9121
10.8413
10.9439
10.9992
11.0589
10.9702
10.9861
11.1
11.1521
11.0526
10.9442
10.9542
10.916
10.9637
10.9971
10.9991
10.9713
10.9359
11.0464
11.0191
10.9195
10.8847
10.9352
11.0033
11.0559
10.9734
10.909
10.9909
10.9402
10.9249
10.9154
10.9179
10.9908
10.8739
10.9651
10.9339
11.0491
11.056
11.1561
11.1144
10.9882
10.976
10.9548
10.7859
10.8738
10.9815
11.005
11.0371
10.9764
11.0407
11.0341
11.0984
11.0406
11.0593
10.9923
10.9573
10.9077
10.8637
10.9739
10.9551
11.0047
10.9335
10.9396
10.8611
10.9227
10.9244
10.9975
10.8797
10.8921
10.92
11.0359
11.0341
10.8769
10.9583
10.8939
10.9258
10.8325
10.9345
11.0429
11.0034
11.0026
11.0556
11.0039
10.936
10.9247
11.0027
11.0142
11.0564
11.0242
11.0053
10.9155
11.0027
11.0034
11.0344
10.9465
10.9821
11.008
11.0169
10.9885
10.9849
11.044
11.1149
11.0697
11.0196
10.9675
10.9079
10.8636
10.9
10.8973
11.0029
10.9762
11.0804
11.0251
11.1706
11.0467
11.045
10.9171
10.847
10.9342
11.0149
10.9803
10.8712
10.8423
10.9062
11.0245
10.9939
10.9986
10.9494
11.0397
11.0694
11.016
10.9908
10.8824
10.7959
10.8862
10.9753
10.9823
10.8368
10.858
10.9575
11.0816
11.048
11.033
10.9154
10.9293
10.8596
10.9156
10.9887
11.0537
11.0699
11.0019
10.9504
11.0025
11.0224
11.0341
10.9608
10.9111
11.0034
10.9106
10.9196
10.9635
11.0388
10.9976
10.997
11.0812
11.0796
10.994
10.9576
10.8751
10.8579
10.8438
10.943
10.9129
10.9724
11.0425
11.0963
10.9739
10.959
10.9635
11.0531
10.9633
11.0352
11.0298
11.1301
11.0199
10.8983
10.9332
10.9681
11.0328
11.0734
11.0562
11.1
11.044
10.9777
10.9276
10.815
10.8918
10.886
10.9567
10.934
10.9521
10.9473
10.9679
11.0863
11.0668
11.0223
10.9553
10.9282
10.9636
10.8698
10.9729
11.0155
11.0496
11.0556
11.0108
10.9892
10.9982
11.035
11.0974
11.0982
11.0259
10.9654
10.9573
11.047
11.0803
11.0054
11.0371
11.0448
11.1185
11.042
10.9904
10.9532
10.9899
11.0726
11.0748
11.0604
10.944
10.9193
10.8375
10.9269
10.8059
10.9066
10.9028
10.8505
10.8233
10.738
10.8903
10.9026
11.0165
10.969
11.0551
11.0356
10.9631
10.968
11.012
11.0585
11.008
10.9108
10.9633
11.0169
10.9569
10.9218
10.8863
10.9377
10.9112
10.8955
10.9444
10.8692
10.9576
10.9262
10.9864
10.947
10.9185
10.8452
10.8398
10.7595
10.8855
10.943
11.0059
10.9088
10.9941
10.8693
10.946
10.9537
10.9916
11.0277
11.0768
11.0956
11.1363
11.06
10.9984
10.9132
10.9236
10.8925
10.9825
11.0897
11.1015
11.0303
10.8433
10.8817
10.9551
10.9018
10.9234
10.8787
10.9947
11.0094
10.9086
10.903
10.8091
11.0112
10.9796
10.9168
10.912
10.9098
10.7444
10.7039
10.8476
10.9357
10.9773
11.0677
11.0278
10.9843
10.9736
11.0014
11.0283
10.9742
10.9194
10.8895
10.9207
10.9521
10.9926
10.9931
10.9536
10.9938
10.9515
10.9745
10.9241
11.0199
10.9886
10.9286
10.874
10.8507
10.9876
11.0068
11.005
10.9889
11.0372
10.9767
11.0637
11.0007
11.0271
10.9451
10.9568
10.9566
10.9979
10.9947
10.9976
10.9175
10.8688
10.8332
10.9226
11.0381
11.1378
11.1337
11.0804
10.9858
10.9468
11.0924
11.142
11.0996
10.9749
10.9392
10.9056
10.8392
10.8889
10.9427
10.941
10.8887
10.9684
10.9856
10.9956
10.8858
10.8322
10.903
10.9556
10.9515
11.0147
11.0129
11.1069
11.0353
10.9527
11.0124
11.0486
11.078
11.0289
11.0189
10.9822
10.9654
10.8722
10.976
10.9717
11.0318
11.0662
11.1638
11.0459
11.0006
10.9305
10.9465
10.9161
11.0149
10.9918
11.0373
11.0384
10.9937
11.0562
11.1419
11.0936
11.1139
10.9576
10.9724
10.8355
10.9674
10.934
10.9699
10.8904
10.9626
10.8479
10.9419
10.9347
11.0141
10.9893
11.035
11.0424
11.0919
10.9623
11.0227
11.0405
11.0942
11.0283
10.9168
10.8911
10.9483
10.9745
10.9446
10.9913
10.9941
11.0418
11.0261
10.9779
10.9001
10.8927
10.8604
10.8481
10.9303
10.947
11.0121
11.0241
11.0288
11.062
11.11
11.083
11.0306
10.9319
10.9095
10.8779
10.9236
10.9794
11.0182
11.0902
10.9507
11.026
10.91
10.8887
10.9402
11.0151
11.1123
11.066
11.0034
10.8827
10.975
10.9754
10.9882
10.8856
10.9426
10.977
10.9232
10.8078
10.8839
10.9753
11.0729
11.0203
11.0821
11.0603
11.0112
11.085
11.0779
10.9438
10.8386
10.908
11.0045
10.9277
10.9626
10.9252
10.8491
10.8522
10.8206
10.8751
10.9461
10.9392
10.9361
10.9816
10.9969
10.8887
10.8029
10.9449
10.9971
10.9645
10.9149
10.9028
10.9718
11.0714
11.0935
11.0419
10.9954
10.9381
10.9557
10.9629
11.0161
10.9838
10.9615
10.9725
10.9568
10.9573
10.9042
10.9187
10.8582
10.9177
10.9
10.8715
10.8821
10.9239
10.9222
11.0104
10.9969
10.9601
10.9342
10.8623
10.9501
11.0863
11.0659
10.9485
10.9084
10.9343
10.9629
11.0101
10.9488
10.9302
11.0213
10.9671
11.0204
11.0151
10.9633
10.9499
10.8838
10.9633
10.92
10.991
10.9026
10.9569
10.9341
10.9595
11.021
10.9556
10.9342
10.8975
10.9377
11.0254
11.0148
10.9919
10.9324
10.9553
10.8318
10.848
10.9166
10.9763
10.9975
11.0017
10.9426
10.9638
10.9552
10.9855
10.9678
10.9557
10.9611
10.9514
10.9149
10.9217
10.7948
10.9579
10.9788
11.0424
10.9825
10.9923
11.0144
11.057
11.0394
10.9536
10.995
10.9545
11.0198
11.0793
11.0528
11.0418
10.9144
10.8991
10.943
11.0208
10.8861
10.782
10.8603
11.0279
11.0092
10.9938
10.8993
10.8873
10.868
10.9321
10.9678
10.9261
11.0266
10.9939
10.7747
10.8277
10.8522
10.9637
11.0683
11.0536
11.0859
10.9746
10.933
10.7957
10.828
10.9718
11.0201
10.9925
10.9561
10.9556
10.9327
10.9789
11.0075
11.016
10.9153
10.9537
10.8665
10.9746
11.013
11.1022
11.0121
10.9655
10.9965
10.9567
10.962
10.9711
10.8827
10.8636
10.8995
10.9232
10.9134
10.9525
11.0171
10.9442
11.0347
11.0277
10.9595
10.9764
11.0104
11.0829
10.973
10.901
10.8989
10.8696
10.979
11.0363
11.0634
10.9911
10.9261
10.929
10.9992
10.9966
11.0796
11.0628
11.0281
10.9874
11.0447
10.9363
11.0048
10.9382
11.0943
10.9744
11.0474
11.0047
11.0275
10.9832
11.0018
11.0704
11.0259
11.0029
10.9368
10.9183
10.8773
10.9009
10.9697
11.012
10.9746
10.9255
10.9499
10.9358
10.9924
11.0181
10.9788
10.9554
10.9173
11.0126
10.9744
10.9606
10.9618
10.9842
10.8646
10.8725
10.9492
10.9121
10.9506
10.907
10.9358
11.0004
10.9402
10.9574
10.9704
10.9594
11.1324
11.0217
10.9409
10.9116
10.8001
10.8668
10.8799
10.9952
10.9931
10.9224
10.914
10.9657
10.9117
10.9534
11.0172
10.9217
10.9944
10.8669
11.0076
10.8933
10.9437
10.8417
10.8145
10.91
10.9363
11.0337
11.0211
11.0676
11.0133
10.9711
11.0195
11.0186
10.9623
10.965
10.8835
10.9224
10.7944
10.8663
10.8578
10.9586
10.9412
10.9163
10.8968
10.9914
11.0061
10.9726
10.9492
10.91
11.0056
10.9458
11.0659
10.9771
11.0594
10.9666
11.0257
11.0594
11.0177
11.0158
10.9129
10.9772
10.973
10.8905
10.9616
11.1008
11.0957
10.9163
10.8586
10.8979
11.0378
11.0937
11.0045
10.8476
10.9032
10.8854
10.9172
10.7215
10.7282
10.7406
10.8346
10.9002
10.9361
10.9062
11.0188
10.9871
11.0517
10.9969
10.9378
10.9546
10.9341
10.9308
10.9488
10.9744
11.0053
11.1049
10.9896
10.9674
10.9157
10.9748
11.0052
10.9789
10.9578
10.9461
10.8271
10.8698
10.8704
10.9498
10.856
10.9137
10.9399
10.988
11.0134
11.028
11.0599
11.0282
10.9697
10.859
10.8628
10.7933
10.8814
10.8699
10.9344
10.9931
10.9321
10.8609
10.8762
10.9062
10.9023
10.8267
10.8505
10.8703
10.9934
11.0404
11.0484
10.9922
10.9298
11.0192
11.0685
11.0993
11.0062
10.8776
10.9272
10.8483
10.9003
10.9413
10.9676
10.9788
10.9884
11.0205
10.9185
10.8241
10.9215
10.9186
10.938
10.914
11.0213
10.9091
10.9529
11.0307
11.0821
11.0044
10.9986
11.1097
11.1564
11.1706
11.093
10.976
10.8836
10.816
10.9174
11.0637
11.057
10.9049
10.9067
10.8872
10.9608
10.9737
10.9486
10.8224
10.7957
10.9627
11.0085
11.1307
11.0962
11.0119
10.9309
11.0075
11.0302
11.005
11.0039
11.0178
11.0207
11.0883
11.2178
11.1484
11.0452
11.042
10.9986
10.9522
10.8988
10.9336
10.9038
10.8917
10.8605
10.9138
11.0275
10.9492
10.9532
10.87
11.0585
10.9855
11.0064
10.9354
10.9059
10.9394
10.8352
10.8587
10.8932
10.882
10.8723
10.7555
10.7894
10.8988
10.867
10.8695
10.9864
11.0446
11.1191
11.0506
11.0453
11.0802
11.0065
11.0224
10.9785
11.0557
10.9169
10.9687
11.0125
10.9548
10.9004
10.9676
10.9248
11.0997
11.0511
11.1618
11.1128
11.148
11.1243
11.1314
11.0096
10.974
10.9747
10.9096
10.9578
10.8596
10.8408
10.9387
11.0325
11.1554
11.0929
11.0526
10.9595
10.965
10.8671
10.8398
10.869
10.9731
10.9051
10.9079
10.9251
10.974
10.9791
11.0297
10.9446
11.0047
10.8205
10.9577
10.992
11.1289
11.0684
11.1008
10.931
11.0032
10.884
10.9876
10.9135
10.9978
10.9323
11.0182
10.9152
10.8526
10.856
10.8937
10.9783
10.9582
10.8954
10.9065
10.9219
10.8809
10.8683
10.8657
10.9218
11.0746
10.9857
10.9633
10.9967
10.9418
11.0591
11.0205
11.1196
11.0306
11.0278
11.018
11.0164
10.883
10.9186
10.9256
10.9231
10.8795
10.8971
10.9411
11.0013
10.9939
10.9697
10.9653
10.9147
10.9784
10.9635
11.0096
11.0771
11.0922
11.1037
10.9917
11.0443
11.0302
10.9238
10.8306
10.7527
10.7766
10.9533
11.0408
11.0333
11.193
11.1696
11.1446
10.9874
10.9119
10.9156
10.8561
10.9514
11.0494
11.074
10.9869
10.7583
10.9085
10.9737
11.1061
10.9899
10.9291
10.9028
10.9267
10.8682
10.8279
10.8236
10.8828
10.9909
11.0006
10.9803
10.9516
10.8261
10.9031
10.9238
11.0253
11.0179
11.021
10.8915
10.9294
10.9071
10.9169
10.8717
10.9701
10.9637
11.008
10.9202
10.9316
10.8233
10.8052
10.9121
10.8645
10.8829
10.8218
10.9097
10.8668
10.837
10.8196
10.8611
10.9004
10.9282
10.9131
10.9179
10.9062
10.8279
10.895
10.9817
11.0606
11.1106
11.0694
11.1341
11.0071
11.0451
10.9208
10.9644
10.9556
11.1003
11.0172
10.9031
10.938
10.9172
10.8946
10.7827
10.839
10.9232
10.9381
10.99
10.9215
10.9313
10.8824
10.8556
10.864
10.9774
10.9005
11.0243
11.0386
11.0523
10.9599
10.9501
10.9993
11.0895
11.0227
10.934
10.8661
10.8979
10.9636
10.9684
11.0111
11.0721
10.889
10.8799
10.8955
11.0034
11.0506
10.9303
10.9269
10.9731
10.9658
10.8989
10.8885
10.9344
11.0076
11.04
11.0364
10.919
10.9056
10.8974
10.9923
11.0048
11.0155
11.0317
10.945
10.9867
11.0626
11.0566
11.066
11.0023
11.0146
10.9255
10.9977
11.0451
11.0754
11.0453
11.0084
10.9962
10.9516
10.8943
10.8822
10.7694
10.7244
10.8401
10.9457
10.8567
10.7926
10.8686
10.8695
10.9265
10.8965
10.9774
10.9269
10.9974
10.986
10.9672
10.995
10.9828
11.0604
11.0511
11.0624
11.0692
11.0351
11.046
11.0769
11.0726
11.0374
10.9659
10.9133
10.9255
10.8777
10.9631
11.0502
10.9662
10.9692
11.0507
11.1011
10.9892
11.0705
11.0109
11.0518
10.9245
10.954
10.9744
10.9827
10.9922
11.0373
11.0369
10.9546
10.908
10.9195
10.9336
10.968
10.9307
10.9208
10.9723
10.9893
11.0076
11.0241
10.9892
11.0594
10.9476
10.9458
10.8565
10.9376
10.883
10.9469
10.9991
11.0673
10.9423
10.9027
10.9198
10.9514
10.9785
10.9833
10.9533
11.0149
11.0124
11.0318
11.0359
11.0176
11.0368
10.9855
11.0531
11.0436
10.9774
10.8907
10.9603
10.916
10.9835
10.9295
10.9551
10.9594
10.9958
11.0415
10.9916
10.9612
11.0277
10.9782
10.9935
10.9654
10.8686
10.8758
10.967
10.9789
10.9883
10.9491
10.9823
11.0338
11.0478
10.912
10.82
10.8015
10.9379
10.999
10.9807
10.8929
10.9682
10.9623
10.9234
10.9069
10.8656
10.9274
10.9634
11.0247
11.0293
11.0302
10.9678
10.9403
10.9567
11.0011
10.9393
10.8881
10.9068
10.9577
10.9828
10.9882
10.8905
10.8228
10.8249
10.8913
10.8534
10.8408
10.9586
11.0239
11.0024
10.9558
10.996
11.0464
11.0418
11.0223
11.0177
11.0152
10.9438
11.067
11.0017
10.9654
10.9097
10.8733
10.8901
10.9098
10.9763
10.9949
10.981
10.9893
10.9996
10.9938
11.0161
11.0396
10.9938
10.9881
10.9428
10.9828
10.9619
10.9854
11.0337
11.0086
11.0122
10.9714
11.0075
10.9626
10.9305
11.0361
11.0634
11.0226
10.9283
11.009
11.0756
11.0465
11.0914
10.9989
10.9976
10.9185
10.9282
11.0068
11.0265
10.9641
11.0253
11.051
11.0938
11.0225
10.9557
10.9193
11.0258
11.0324
11.0355
10.991
10.9625
11.0513
11.02
11.0554
11.0215
10.9806
10.8765
10.982
11.1636
11.0804
11.0019
11.0145
11.1463
11.0577
11.112
10.9648
11.0431
10.8949
11.0077
10.9762
11.0632
11.0299
11.0141
10.9521
10.8739
10.8651
10.9067
10.9299
10.916
10.921
11.0187
10.9894
11.0533
10.9581
11.1099
10.9642
11.115
11.0109
11.0853
11.0253
10.951
10.9513
10.9349
10.9785
11.0032
10.9398
10.9847
10.9917
10.9995
11.11
11.0807
11.2525
11.1655
11.1469
11.0429
11.0961
11.0417
10.9867
10.8475
10.8046
10.8431
10.8802
10.9607
11.0564
11.0123
10.9469
10.9044
10.9383
11.0501
11.1716
10.9908
10.9845
10.9665
10.9257
10.8354
10.8776
10.9856
11.0324
10.9065
10.9005
10.9801
11.0664
11.0582
10.9861
10.9293
10.966
10.9532
10.9548
11.0427
11.0431
10.9106
10.9236
11.0235
11.1166
11.1169
11.0273
10.9699
10.9537
10.8337
10.8586
10.8647
10.9943
11.0366
11.1193
10.9885
10.8846
10.9419
11.0517
11.1116
10.9518
10.8834
10.869
10.9346
10.9492
10.9735
10.9399
10.9462
10.892
10.9466
10.9628
10.9401
10.8906
10.9238
10.8729
10.9087
10.7975
10.9499
11.0067
11.1213
10.9564
10.9152
10.9022
10.9567
10.9513
11.0051
11.0714
10.9894
10.8734
10.8527
10.8812
10.9231
10.9101
10.8246
10.8467
10.8201
10.9687
10.9296
11.0549
11.0046
10.9897
10.8552
10.9254
10.8562
10.9341
10.8819
10.8446
10.9418
10.9819
10.9766
11.0043
10.9914
10.9506
10.8539
10.901
10.9174
10.9045
10.9521
10.8969
10.855
10.9972
10.9284
11.0053
10.9624
11.0073
10.9098
10.8268
10.8588
10.8936
10.8902
10.8945
10.8373
11.0188
11.0099
11.0146
10.9205
10.8705
11.0487
10.95
11.0298
11.0709
11.0094
11.0592
11.0609
11.0723
10.9544
11.0502
11.0574
11.0627
10.9816
10.9394
10.9566
11.0493
11.1298
11.0769
10.9477
10.9323
10.9578
11.0044
10.9689
10.9179
10.9836
10.9652
10.9217
10.9139
10.9224
10.932
10.866
10.9471
10.9838
11.0181
10.9433
11.034
11.1831
11.1003
11.0485
10.8186
10.8113
10.9158
10.9109
10.9223
10.8018
10.9058
10.881
10.8342
10.7526
10.8844
11.0154
11.1444
11.0151
11.0254
10.9318
10.9311
10.8645
10.7998
10.8316
10.8032
10.8471
10.9114
10.9606
10.9995
10.974
11.0519
10.9681
10.952
10.9586
10.9343
10.9243
10.8704
10.891
11.0338
11.0133
11.0535
11.0145
11.058
10.8635
10.9464
10.9475
11.0594
11.0562
11.1057
11.0782
10.9365
11.0106
11.1057
11.1907
11.079
11.0522
11.0212
10.9818
11.0161
10.9371
10.9074
10.9702
10.988
10.9101
10.9457
10.9891
10.9728
11.0298
11.0622
11.0083
10.8963
10.998
11.0158
11.0012
10.8934
10.8733
10.8771
10.949
10.9614
10.9285
10.9401
10.9504
10.8896
10.8228
10.874
10.9897
10.9715
11.0027
11.0085
11.0693
10.9856
10.9486
10.8989
10.8034
10.8997
10.8762
10.915
10.9644
10.9761
10.9146
10.833
10.8713
10.9099
11.0199
11.0034
10.9638
10.8073
10.7398
10.8294
11.0553
11.0742
11.0554
10.912
10.9465
10.9411
10.9833
10.9048
10.9265
10.9997
11.1021
10.9843
11.0335
10.9782
11.0544
10.9874
11.0472
11.0787
11.0667
10.9797
10.8874
10.9246
10.975
11.0102
10.9881
10.9911
10.973
10.9565
10.9211
10.786
10.8181
10.8683
11.0061
10.9476
10.9292
10.8368
10.8319
10.8407
10.8308
10.915
10.8522
10.8919
10.9058
10.8418
10.9562
11.1046
11.2128
11.1507
10.9358
10.8844
11.0293
11.1134
11.0691
10.9915
10.966
10.9822
11.0136
11.1756
11.0079
11.005
10.93
10.9232
10.9855
10.9386
10.9995
10.9295
10.9112
10.9379
10.9073
10.8533
10.806
10.8897
10.9498
10.9454
10.9993
10.9978
11.0582
11.0724
11.0057
11.0238
11.0505
10.9963
10.9668
10.961
10.833
10.7801
10.87
10.8797
10.9496
10.936
10.8702
10.7809
10.9046
11.038
11.1176
10.9694
10.8842
11.0143
11.1155
11.1179
10.9241
10.8138
10.8523
10.9926
11.1292
11.1058
10.9584
10.9498
10.8659
10.9072
10.7976
10.8596
10.9275
11.0294
11.0487
10.9921
10.8264
10.8475
10.8704
10.8991
10.9454
10.9086
10.9988
11.0246
10.985
10.9783
10.9393
10.9031
10.9743
11.0261
10.9354
10.8324
10.7992
10.9372
11.0043
10.9113
10.9316
10.8865
10.9313
10.986
10.9179
10.9549
11.0061
10.9424
10.8811
10.9274
11.0035
10.9404
10.9702
11.0179
11.0506
10.885
10.8469
10.8531
11.0234
10.9948
10.9187
10.9451
10.9468
10.9691
10.9583
10.9878
10.9262
10.8761
10.8433
10.8841
10.8568
10.8401
10.8356
10.9617
10.9626
11.0135
10.9455
10.8744
10.8848
10.9263
11.0072
11.0201
11.0067
10.9707
10.9491
10.9224
10.8844
10.8153
10.8132
10.9419
11.0534
11.0037
10.9179
11.0008
11.0998
11.0292
11.0041
10.9289
10.945
10.9804
10.9
10.9743
11.019
11.0818
11.0599
10.96
10.9992
10.9341
10.9325
10.87
10.9223
10.8608
10.8994
10.8465
10.9054
10.8724
10.8588
10.8801
10.9023
11.0078
10.9236
10.9059
10.9538
10.8679
10.7864
10.849
11.0097
11.0788
11.0677
11.0531
10.9626
11.022
10.8932
10.839
10.8065
10.7467
10.8142
10.8884
11.0248
11.0825
11.1468
11.0434
10.9366
11.0809
10.9697
10.9783
10.9362
10.9853
10.9159
10.8113
10.8383
10.947
11.0179
11.0461
11.0082
10.9689
10.955
10.9607
11.004
11.0633
11.0514
10.996
10.9497
10.955
10.9883
11.0046
10.9988
10.8984
10.9409
11.0191
11.0762
10.9378
10.8241
10.9063
10.8725
10.8549
10.9317
11.0012
11.0556
10.9347
10.9165
10.9178
10.9601
11.0052
10.9719
10.9903
11.0118
10.9778
10.9449
10.9126
10.8103
10.8655
10.8704
10.9752
10.944
11.0543
11.0316
10.9857
10.9579
10.9565
10.947
10.9973
11.0152
11.053
10.9347
10.9158
10.8484
10.8789
10.9675
11.0904
11.1202
11.0014
10.9669
11.026
11.0514
11.0889
11.0412
11.0838
11.0444
11.035
10.9528
11
11.0677
11.0861
11.0666
10.9386
10.8391
10.8587
10.9319
11.0301
11.0557
11.01
10.9955
10.9834
11.062
11.1388
11.0492
11.0248
11.024
11.0603
11.0816
11.1437
11.0672
11.0713
10.9491
10.9793
11.0006
10.9562
10.944
10.9169
10.9551
10.9445
11.018
10.9612
10.9937
10.9864
11.0198
10.9932
11.0041
11.0533
11.176
11.1092
11.0968
11.0315
11.0963
11.0166
10.9103
10.8607
10.9681
11.0513
11.083
11.1039
11.0804
11.0505
11.0895
11.0647
11.0817
11.0698
11.0461
11.0342
10.9753
10.9973
10.9001
10.9671
10.9893
11.1103
11.0537
11.1216
10.9303
10.8832
10.8445
10.9446
10.9522
11.0197
10.9758
11.0013
11.0748
11.079
10.9553
10.8902
10.8761
11.0099
10.9737
11.0461
10.9429
11.0091
10.8985
11.0057
10.9657
10.9515
10.877
10.9734
11.083
11.1845
11.1672
11.1046
10.9791
10.9816
10.9399
10.9944
10.957
10.8729
10.8889
10.8603
10.8441
10.8808
10.8572
10.8596
10.9733
11.0361
11.0554
10.9579
10.9768
10.8955
10.8471
10.9804
10.9257
10.8786
10.8649
10.9959
11.0328
10.9181
10.9002
10.8611
10.8389
10.8818
11.0357
11.1241
11.0955
11.0776
10.9219
10.9605
10.8724
10.9795
10.8767
10.9848
11.0451
11.0154
10.937
10.8558
10.8439
10.9905
10.8695
10.8334
10.8103
10.8485
10.8672
10.7819
10.8513
10.8676
10.9053
10.9392
10.9108
10.9588
10.8483
10.9092
10.8698
10.9083
10.8931
10.9472
10.9494
10.9213
10.8854
10.8731
10.9669
10.9594
10.9914
11.03
11.075
11.0035
10.914
11
10.9604
10.9375
10.8774
11.0541
10.956
11.0202
10.8665
10.9134
10.9098
10.9725
10.9706
10.9157
10.983
11.0402
10.9987
11.0331
11.0593
11.0741
11.1353
10.9488
10.9913
11.0148
10.9285
11.0403
10.9682
10.9678
10.9497
10.9636
11.0427
10.9778
11.0845
11.0093
11.0853
11.0252
10.9612
10.9529
10.8679
10.8405
10.8853
10.7994
10.8442
10.7733
10.93
11.0007
11.0804
11.0977
11.1237
11.1532
11.0336
11.0032
11.0073
10.9682
11.018
10.8975
10.9774
10.9068
11.0131
10.9654
11.0346
11.018
11.0281
10.9509
10.9427
10.8876
10.8074
10.8708
10.8935
10.971
10.9982
10.9622
10.9567
10.9896
10.9626
10.8944
10.9241
10.8857
10.9534
10.8737
10.9238
10.8265
10.944
10.9865
10.9149
10.9511
10.9389
10.9249
10.8817
10.8827
10.8987
10.9773
11.0444
11.0836
11.0038
11.0179
10.9478
10.9226
10.9288
10.9395
10.9778
11.0005
10.9532
10.9777
10.8334
10.866
10.8265
10.9029
10.8938
10.9904
11.0359
11.1284
11.0869
10.9745
10.9943
10.9161
10.9335
10.8982
10.9212
10.923
10.9269
10.8991
10.8473
10.7872
10.8972
10.9857
11.0512
11.0128
10.8769
10.8964
10.9846
11.0725
10.8815
10.8629
10.929
10.8443
10.8087
10.7996
10.8985
10.8774
10.8948
10.9407
10.9966
10.9934
10.9257
10.8029
10.7681
10.8656
10.9237
10.8894
10.8188
10.8584
10.8656
11.0164
10.9251
11.0325
11.0398
11.0052
10.9817
10.8692
10.9563
10.9872
11.0123
11.0567
10.9668
10.9479
10.8917
10.8923
10.9501
10.9824
10.9829
10.8893
10.9355
11.0086
11.0491
10.9025
10.9418
10.9452
10.9518
10.8877
10.8606
11.0634
10.9735
11.0217
10.9156
10.9686
11.0047
11.114
11.1157
11.0308
10.9575
10.9557
10.8338
10.8537
10.9226
10.9154
10.905
10.8149
10.9113
10.913
11.0418
11.105
11.0993
10.9819
10.9493
10.9681
11.0023
11.0202
11.0412
10.9837
10.9774
10.9215
11.0527
11.0915
11.0262
10.9371
10.9658
10.9958
11.0763
11.1453
11.1692
11.0189
10.9927
10.8981
10.7995
10.8078
10.8657
10.9109
10.9428
11.0423
10.9947
10.9369
10.9851
10.8988
10.9501
10.9314
10.9222
10.9497
10.8329
10.9994
10.983
10.958
10.8136
10.8471
10.7958
10.8429
10.8761
10.9353
10.9968
10.9834
10.8668
10.9305
10.9633
11.0701
11.1408
11.1278
11.0079
10.981
10.9913
11.0464
10.9333
10.9018
10.8626
10.9894
10.9738
11.0678
10.9948
10.9614
10.8826
10.8709
11.0351
11.0367
10.9507
10.8534
10.9356
10.9676
10.8715
10.889
10.9451
10.9917
10.9436
10.8677
10.9475
10.943
10.9958
10.8356
10.7787
10.8088
10.9299
10.8868
10.9718
10.9038
10.9478
10.9002
10.9551
10.9975
10.9814
10.9226
11.0061
11.0017
10.9833
10.8436
10.9528
11.0273
10.9731
10.9449
10.8404
10.7928
10.7917
10.8629
10.8482
10.8691
10.8847
11.0685
10.9962
10.968
10.9275
10.9487
10.922
10.93
10.9759
11.028
11.0705
11.0939
11.0897
10.9738
10.8617
10.9449
10.989
10.9779
10.8118
10.871
11.0003
10.964
10.9918
10.9329
11
10.9011
10.9935
10.9953
11.0209
10.8984
10.9617
10.8316
10.9651
10.813
10.8318
10.8809
11.0491
10.9652
11.0973
10.9889
10.9564
10.9761
10.994
11.0486
11.0334
11.0284
10.927
10.9137
10.9326
10.9287
11.0081
10.9852
11.0358
10.9551
10.9162
10.9998
11.0956
11.0863
11.0465
11.0704
11.0155
11.0521
11.0143
11.0799
11.0535
11.0685
11.0372
10.9949
10.9867
10.9299
10.9435
10.8726
11.0244
10.9426
10.9423
10.9281
10.9907
10.9784
10.925
10.9181
10.9148
10.9348
10.9277
10.9297
11.0253
11.069
11.0298
11.0691
11.0398
11.0737
10.9834
10.9954
10.978
10.9378
10.8878
10.9329
10.9871
10.9951
10.8691
10.897
11.0339
11.1727
11.1476
11.0234
11.0353
10.8961
10.91
10.9389
10.9577
11.0488
10.9832
11.0024
10.9229
10.9702
11.0431
11.0911
11.0056
10.8723
10.8676
10.9731
11.0733
11.0538
11.0238
10.8681
10.9447
10.8565
10.9242
10.9759
11.0345
11.0187
10.9306
10.9627
10.9592
10.9608
10.9569
10.8971
10.9976
11.0794
11.0772
11.0074
10.8359
10.8874
10.81
10.8883
10.8781
11.0057
10.9107
10.8821
10.9535
10.9849
11.0025
11.0384
11.0597
11.0549
11.0157
10.8997
10.9288
10.8365
11.0086
10.9002
10.807
10.7294
10.9088
10.9778
10.9981
10.9706
10.9212
10.8814
10.8793
10.9246
11.0847
11.1346
11.1033
11.0618
11.0391
11.0232
10.93
10.8253
10.8073
10.8561
10.9274
10.886
10.9363
10.9542
10.947
10.8142
10.9439
10.9735
11.0019
10.9035
10.8395
10.8761
10.9595
10.9933
10.938
10.8054
10.8715
10.885
10.8779
10.9238
10.9574
10.9951
10.9595
11.0451
11.0614
10.9779
10.9843
11.0768
11.0085
