-inf
0
0.30103
0.477121
0.60206
0.69897
0.778151
0.845098
0.90309
0.954243
1
1.04139
1.07918
1.11394
1.14613
1.17609
1.20412
1.23045
1.25527
1.27875
1.30103
1.32222
1.34242
1.36173
1.38021
1.39794
1.41497
1.43136
1.44716
1.4624
1.47712
1.49136
1.50515
1.51851
1.53148
1.54407
1.5563
1.5682
1.57978
1.59106
1.60206
1.61278
1.62325
1.63347
1.64345
1.65321
1.66276
1.6721
1.68124
1.6902
1.69897
1.70757
1.716
1.72428
1.73239
1.74036
1.74819
1.75587
1.76343
1.77085
1.77815
1.78533
1.79239
1.79934
1.80618
1.81291
1.81954
1.82607
1.83251
1.83885
1.8451
1.85126
1.85733
1.86332
1.86923
1.87506
1.88081
1.88649
1.89209
1.89763
1.90309
1.90849
1.91381
1.91908
1.92428
1.92942
1.9345
1.93952
1.94448
1.94939
1.95424
1.95904
1.96379
1.96848
1.97313
1.97772
1.98227
1.98677
1.99123
1.99564
2
2.00432
2.0086
2.01284
2.01703
2.02119
2.02531
2.02938
2.03342
2.03743
2.04139
2.04532
2.04922
2.05308
2.0569
2.0607
2.06446
2.06819
2.07188
2.07555
2.07918
2.08279
2.08636
2.08991
2.09342
2.09691
2.10037
2.1038
2.10721
2.11059
2.11394
2.11727
2.12057
2.12385
2.1271
2.13033
2.13354
2.13672
2.13988
2.14301
2.14613
2.14922
2.15229
2.15534
2.15836
2.16137
2.16435
2.16732
2.17026
2.17319
2.17609
2.17898
2.18184
2.18469
2.18752
2.19033
2.19312
2.1959
2.19866
2.2014
2.20412
2.20683
2.20952
2.21219
2.21484
2.21748
2.22011
2.22272
2.22531
2.22789
2.23045
2.233
2.23553
2.23805
2.24055
2.24304
2.24551
2.24797
2.25042
2.25285
2.25527
2.25768
2.26007
2.26245
2.26482
2.26717
2.26951
2.27184
2.27416
2.27646
2.27875
2.28103
2.2833
2.28556
2.2878
2.29003
2.29226
2.29447
2.29667
2.29885
2.30103
2.3032
2.30535
2.3075
2.30963
2.31175
2.31387
2.31597
2.31806
2.32015
2.32222
2.32428
2.32634
2.32838
2.33041
2.33244
2.33445
2.33646
2.33846
2.34044
2.34242
2.34439
2.34635
2.3483
2.35025
2.35218
2.35411
2.35603
2.35793
2.35984
2.36173
2.36361
2.36549
2.36736
2.36922
2.37107
2.37291
2.37475
2.37658
2.3784
2.38021
2.38202
2.38382
2.38561
2.38739
2.38917
2.39094
2.3927
2.39445
2.3962
2.39794
2.39967
2.4014
2.40312
2.40483
2.40654
2.40824
2.40993
2.41162
2.4133
2.41497
2.41664
2.4183
2.41996
2.4216
2.42325
2.42488
2.42651
2.42813
2.42975
2.43136
2.43297
2.43457
2.43616
2.43775
2.43933
2.44091
2.44248
2.44404
2.4456
2.44716
2.44871
2.45025
2.45179
2.45332
2.45484
2.45637
2.45788
2.45939
2.4609
2.4624
2.46389
2.46538
2.46687
2.46835
2.46982
2.47129
2.47276
2.47422
2.47567
2.47712
2.47857
2.48001
2.48144
2.48287
2.4843
2.48572
2.48714
2.48855
2.48996
2.49136
2.49276
2.49415
2.49554
2.49693
2.49831
2.49969
2.50106
2.50243
2.50379
2.50515
2.50651
2.50786
2.5092
2.51055
2.51188
2.51322
2.51455
2.51587
2.5172
2.51851
2.51983
2.52114
2.52244
2.52375
2.52504
2.52634
2.52763
2.52892
2.5302
2.53148
2.53275
2.53403
2.53529
2.53656
2.53782
2.53908
2.54033
2.54158
2.54283
2.54407
2.54531
2.54654
2.54777
2.549
2.55023
2.55145
2.55267
2.55388
2.55509
2.5563
2.55751
2.55871
2.55991
2.5611
2.56229
2.56348
2.56467
2.56585
2.56703
2.5682
2.56937
2.57054
2.57171
2.57287
2.57403
2.57519
2.57634
2.57749
2.57864
2.57978
2.58092
2.58206
2.5832
2.58433
2.58546
2.58659
2.58771
2.58883
2.58995
2.59106
2.59218
2.59329
2.59439
2.5955
2.5966
2.5977
2.59879
2.59988
2.60097
2.60206
2.60314
2.60423
2.60531
2.60638
2.60746
2.60853
2.60959
2.61066
2.61172
2.61278
2.61384
2.6149
2.61595
2.617
2.61805
2.61909
2.62014
2.62118
2.62221
2.62325
2.62428
2.62531
2.62634
2.62737
2.62839
2.62941
2.63043
2.63144
2.63246
2.63347
2.63448
2.63548
2.63649
2.63749
2.63849
2.63949
2.64048
2.64147
2.64246
2.64345
2.64444
2.64542
2.6464
2.64738
2.64836
2.64933
2.65031
2.65128
2.65225
2.65321
2.65418
2.65514
2.6561
2.65706
2.65801
2.65896
2.65992
2.66087
2.66181
2.66276
2.6637
2.66464
2.66558
2.66652
2.66745
2.66839
2.66932
2.67025
2.67117
2.6721
2.67302
2.67394
2.67486
2.67578
2.67669
2.67761
2.67852
2.67943
2.68034
2.68124
2.68215
2.68305
2.68395
2.68485
2.68574
2.68664
2.68753
2.68842
2.68931
2.6902
2.69108
2.69197
2.69285
2.69373
2.69461
2.69548
2.69636
2.69723
2.6981
2.69897
2.69984
2.7007
2.70157
2.70243
2.70329
2.70415
2.70501
2.70586
2.70672
2.70757
2.70842
2.70927
2.71012
2.71096
2.71181
2.71265
2.71349
2.71433
2.71517
2.716
2.71684
2.71767
2.7185
2.71933
2.72016
2.72099
2.72181
2.72263
2.72346
2.72428
2.72509
2.72591
2.72673
2.72754
2.72835
2.72916
2.72997
2.73078
2.73159
2.73239
2.7332
2.734
2.7348
2.7356
2.7364
2.73719
2.73799
2.73878
2.73957
2.74036
2.74115
2.74194
2.74273
2.74351
2.74429
2.74507
2.74586
2.74663
2.74741
2.74819
2.74896
2.74974
2.75051
2.75128
2.75205
2.75282
2.75358
2.75435
2.75511
2.75587
2.75664
2.7574
2.75815
2.75891
2.75967
2.76042
2.76118
2.76193
2.76268
2.76343
2.76418
2.76492
2.76567
2.76641
2.76716
2.7679
2.76864
2.76938
2.77012
2.77085
2.77159
2.77232
2.77305
2.77379
2.77452
2.77525
2.77597
2.7767
2.77743
2.77815
2.77887
2.7796
2.78032
2.78104
2.78176
2.78247
2.78319
2.7839
2.78462
2.78533
2.78604
2.78675
2.78746
2.78817
2.78888
2.78958
2.79029
2.79099
2.79169
2.79239
2.79309
2.79379
2.79449
2.79518
2.79588
2.79657
2.79727
2.79796
2.79865
2.79934
2.80003
2.80072
2.8014
2.80209
2.80277
2.80346
2.80414
2.80482
2.8055
2.80618
2.80686
2.80754
2.80821
2.80889
2.80956
2.81023
2.8109
2.81158
2.81224
2.81291
2.81358
2.81425
2.81491
2.81558
2.81624
2.8169
2.81757
2.81823
2.81889
2.81954
2.8202
2.82086
2.82151
2.82217
2.82282
2.82347
2.82413
2.82478
2.82543
2.82607
2.82672
2.82737
2.82802
2.82866
2.8293
2.82995
2.83059
2.83123
2.83187
2.83251
2.83315
2.83378
2.83442
2.83506
2.83569
2.83632
2.83696
2.83759
2.83822
2.83885
2.83948
2.84011
2.84073
2.84136
2.84198
2.84261
2.84323
2.84386
2.84448
2.8451
2.84572
2.84634
2.84696
2.84757
2.84819
2.8488
2.84942
2.85003
2.85065
2.85126
2.85187
2.85248
2.85309
2.8537
2.85431
2.85491
2.85552
2.85612
2.85673
2.85733
2.85794
2.85854
2.85914
2.85974
2.86034
2.86094
2.86153
2.86213
2.86273
2.86332
2.86392
2.86451
2.8651
2.8657
2.86629
2.86688
2.86747
2.86806
2.86864
2.86923
2.86982
2.8704
2.87099
2.87157
2.87216
2.87274
2.87332
2.8739
2.87448
2.87506
2.87564
2.87622
2.87679
2.87737
2.87795
2.87852
2.8791
2.87967
2.88024
2.88081
2.88138
2.88195
2.88252
2.88309
2.88366
2.88423
2.8848
2.88536
2.88593
2.88649
2.88705
2.88762
2.88818
2.88874
2.8893
2.88986
2.89042
2.89098
2.89154
2.89209
2.89265
2.89321
2.89376
2.89432
2.89487
2.89542
2.89597
2.89653
2.89708
2.89763
2.89818
2.89873
2.89927
2.89982
2.90037
2.90091
2.90146
2.902
2.90255
2.90309
2.90363
2.90417
2.90472
2.90526
2.9058
2.90634
2.90687
2.90741
2.90795
2.90849
2.90902
2.90956
2.91009
2.91062
2.91116
2.91169
2.91222
2.91275
2.91328
2.91381
2.91434
2.91487
2.9154
2.91593
2.91645
2.91698
2.91751
2.91803
2.91855
2.91908
2.9196
2.92012
2.92065
2.92117
2.92169
2.92221
2.92273
2.92324
2.92376
2.92428
2.9248
2.92531
2.92583
2.92634
2.92686
2.92737
2.92788
2.9284
2.92891
2.92942
2.92993
2.93044
2.93095
2.93146
2.93197
2.93247
2.93298
2.93349
2.93399
2.9345
2.935
2.93551
2.93601
2.93651
2.93702
2.93752
2.93802
2.93852
2.93902
2.93952
2.94002
2.94052
2.94101
2.94151
2.94201
2.9425
2.943
2.94349
2.94399
2.94448
2.94498
2.94547
2.94596
2.94645
2.94694
2.94743
2.94792
2.94841
2.9489
2.94939
2.94988
2.95036
2.95085
2.95134
2.95182
2.95231
2.95279
2.95328
2.95376
2.95424
2.95472
2.95521
2.95569
2.95617
2.95665
2.95713
2.95761
2.95809
2.95856
2.95904
2.95952
2.95999
2.96047
2.96095
2.96142
2.9619
2.96237
2.96284
2.96332
2.96379
2.96426
2.96473
2.9652
2.96567
2.96614
2.96661
2.96708
2.96755
2.96802
2.96848
2.96895
2.96942
2.96988
2.97035
2.97081
2.97128
2.97174
2.9722
2.97267
2.97313
2.97359
2.97405
2.97451
2.97497
2.97543
2.97589
2.97635
2.97681
2.97727
2.97772
2.97818
2.97864
2.97909
2.97955
2.98
2.98046
2.98091
2.98137
2.98182
2.98227
2.98272
2.98318
2.98363
2.98408
2.98453
2.98498
2.98543
2.98588
2.98632
2.98677
2.98722
2.98767
2.98811
2.98856
2.989
2.98945
2.98989
2.99034
2.99078
2.99123
2.99167
2.99211
2.99255
2.993
2.99344
2.99388
2.99432
2.99476
2.9952
2.99564
2.99607
2.99651
2.99695
2.99739
2.99782
2.99826
2.9987
2.99913
2.99957
3
3.00043
3.00087
3.0013
3.00173
3.00217
3.0026
3.00303
3.00346
3.00389
3.00432
3.00475
3.00518
3.00561
3.00604
3.00647
3.00689
3.00732
3.00775
3.00817
3.0086
3.00903
3.00945
3.00988
3.0103
3.01072
3.01115
3.01157
3.01199
3.01242
3.01284
3.01326
3.01368
3.0141
3.01452
3.01494
3.01536
3.01578
3.0162
3.01662
3.01703
3.01745
3.01787
3.01828
3.0187
3.01912
3.01953
3.01995
3.02036
3.02078
3.02119
3.0216
3.02202
3.02243
3.02284
3.02325
3.02366
3.02407
3.02449
3.0249
3.02531
3.02572
3.02612
3.02653
3.02694
3.02735
3.02776
3.02816
3.02857
3.02898
3.02938
3.02979
3.03019
3.0306
3.031
3.03141
3.03181
3.03222
3.03262
3.03302
3.03342
3.03383
3.03423
3.03463
3.03503
3.03543
3.03583
3.03623
3.03663
3.03703
3.03743
3.03782
3.03822
3.03862
3.03902
3.03941
3.03981
3.04021
3.0406
3.041
3.04139
3.04179
3.04218
3.04258
3.04297
3.04336
3.04376
3.04415
3.04454
3.04493
3.04532
3.04571
3.0461
3.0465
3.04689
3.04727
3.04766
3.04805
3.04844
3.04883
3.04922
3.04961
3.04999
3.05038
3.05077
3.05115
3.05154
3.05192
3.05231
3.05269
3.05308
3.05346
3.05385
3.05423
3.05461
3.055
3.05538
3.05576
3.05614
3.05652
3.0569
3.05729
3.05767
3.05805
3.05843
3.05881
3.05918
3.05956
3.05994
3.06032
3.0607
3.06108
3.06145
3.06183
3.06221
3.06258
3.06296
3.06333
3.06371
3.06408
3.06446
3.06483
3.06521
3.06558
3.06595
3.06633
3.0667
3.06707
3.06744
3.06781
3.06819
3.06856
3.06893
3.0693
3.06967
3.07004
3.07041
3.07078
3.07115
3.07151
3.07188
3.07225
3.07262
3.07298
3.07335
3.07372
3.07408
3.07445
3.07482
3.07518
3.07555
3.07591
3.07628
3.07664
3.077
3.07737
3.07773
3.07809
3.07846
3.07882
3.07918
3.07954
3.0799
3.08027
3.08063
3.08099
3.08135
3.08171
3.08207
3.08243
3.08279
3.08314
3.0835
3.08386
3.08422
3.08458
3.08493
3.08529
3.08565
3.086
3.08636
3.08672
3.08707
3.08743
3.08778
3.08814
3.08849
3.08884
3.0892
3.08955
3.08991
3.09026
3.09061
3.09096
3.09132
3.09167
3.09202
3.09237
3.09272
3.09307
3.09342
3.09377
3.09412
3.09447
3.09482
3.09517
3.09552
3.09587
3.09621
3.09656
3.09691
3.09726
3.0976
3.09795
3.0983
3.09864
3.09899
3.09934
3.09968
3.10003
3.10037
3.10072
3.10106
3.1014
3.10175
3.10209
3.10243
3.10278
3.10312
3.10346
3.1038
3.10415
3.10449
3.10483
3.10517
3.10551
3.10585
3.10619
3.10653
3.10687
3.10721
3.10755
3.10789
3.10823
3.10857
3.1089
3.10924
3.10958
3.10992
3.11025
3.11059
3.11093
3.11126
3.1116
3.11193
3.11227
3.11261
3.11294
3.11327
3.11361
3.11394
3.11428
3.11461
3.11494
3.11528
3.11561
3.11594
3.11628
3.11661
3.11694
3.11727
3.1176
3.11793
3.11826
3.1186
3.11893
3.11926
3.11959
3.11992
3.12024
3.12057
3.1209
3.12123
3.12156
3.12189
3.12222
3.12254
3.12287
3.1232
3.12352
3.12385
3.12418
3.1245
3.12483
3.12516
3.12548
3.12581
3.12613
3.12646
3.12678
3.1271
3.12743
3.12775
3.12808
3.1284
3.12872
3.12905
3.12937
3.12969
3.13001
3.13033
3.13066
3.13098
3.1313
3.13162
3.13194
3.13226
3.13258
3.1329
3.13322
3.13354
3.13386
3.13418
3.1345
3.13481
3.13513
3.13545
3.13577
3.13609
3.1364
3.13672
3.13704
3.13735
3.13767
3.13799
3.1383
3.13862
3.13893
3.13925
3.13956
3.13988
3.14019
3.14051
3.14082
3.14114
3.14145
3.14176
3.14208
3.14239
3.1427
3.14301
3.14333
3.14364
3.14395
3.14426
3.14457
3.14489
3.1452
3.14551
3.14582
3.14613
3.14644
3.14675
3.14706
3.14737
3.14768
3.14799
3.14829
3.1486
3.14891
3.14922
3.14953
3.14983
3.15014
3.15045
3.15076
3.15106
3.15137
3.15168
3.15198
3.15229
3.15259
3.1529
3.1532
3.15351
3.15381
3.15412
3.15442
3.15473
3.15503
3.15534
3.15564
3.15594
3.15625
3.15655
3.15685
3.15715
3.15746
3.15776
3.15806
3.15836
3.15866
3.15897
3.15927
3.15957
3.15987
3.16017
3.16047
3.16077
3.16107
3.16137
3.16167
3.16197
3.16227
3.16256
3.16286
3.16316
3.16346
3.16376
3.16406
3.16435
3.16465
3.16495
3.16524
3.16554
3.16584
3.16613
3.16643
3.16673
3.16702
3.16732
3.16761
3.16791
3.1682
3.1685
3.16879
3.16909
3.16938
3.16967
3.16997
3.17026
3.17056
3.17085
3.17114
3.17143
3.17173
3.17202
3.17231
3.1726
3.17289
3.17319
3.17348
3.17377
3.17406
3.17435
3.17464
3.17493
3.17522
3.17551
3.1758
3.17609
3.17638
3.17667
3.17696
3.17725
3.17754
3.17782
3.17811
3.1784
3.17869
3.17898
3.17926
3.17955
3.17984
3.18013
3.18041
3.1807
3.18099
3.18127
3.18156
3.18184
3.18213
3.18241
3.1827
3.18298
3.18327
3.18355
3.18384
3.18412
3.18441
3.18469
3.18498
3.18526
3.18554
3.18583
3.18611
3.18639
3.18667
3.18696
3.18724
3.18752
3.1878
3.18808
3.18837
3.18865
3.18893
3.18921
3.18949
3.18977
3.19005
3.19033
3.19061
3.19089
3.19117
3.19145
3.19173
3.19201
3.19229
3.19257
3.19285
3.19312
3.1934
3.19368
3.19396
3.19424
3.19451
3.19479
3.19507
3.19535
3.19562
3.1959
3.19618
3.19645
3.19673
3.197
3.19728
3.19756
3.19783
3.19811
3.19838
3.19866
3.19893
3.19921
3.19948
3.19976
3.20003
3.2003
3.20058
3.20085
3.20112
3.2014
3.20167
3.20194
3.20222
3.20249
3.20276
3.20303
3.2033
3.20358
3.20385
3.20412
3.20439
3.20466
3.20493
3.2052
3.20548
3.20575
3.20602
3.20629
3.20656
3.20683
3.2071
3.20737
3.20763
3.2079
3.20817
3.20844
3.20871
3.20898
3.20925
3.20952
3.20978
3.21005
3.21032
3.21059
3.21085
3.21112
3.21139
3.21165
3.21192
3.21219
3.21245
3.21272
3.21299
3.21325
3.21352
3.21378
3.21405
3.21431
3.21458
3.21484
3.21511
3.21537
3.21564
3.2159
3.21617
3.21643
3.21669
3.21696
3.21722
3.21748
3.21775
3.21801
3.21827
3.21854
3.2188
3.21906
3.21932
3.21958
3.21985
3.22011
3.22037
3.22063
3.22089
3.22115
3.22141
3.22167
3.22194
3.2222
3.22246
3.22272
3.22298
3.22324
3.2235
3.22376
3.22401
3.22427
3.22453
3.22479
3.22505
3.22531
3.22557
3.22583
3.22608
3.22634
3.2266
3.22686
3.22712
3.22737
3.22763
3.22789
3.22814
3.2284
3.22866
3.22891
3.22917
3.22943
3.22968
3.22994
3.23019
3.23045
3.2307
3.23096
3.23121
3.23147
3.23172
3.23198
3.23223
3.23249
3.23274
3.233
3.23325
3.2335
3.23376
3.23401
3.23426
3.23452
3.23477
3.23502
3.23528
3.23553
3.23578
3.23603
3.23629
3.23654
3.23679
3.23704
3.23729
3.23754
3.23779
3.23805
3.2383
3.23855
3.2388
3.23905
3.2393
3.23955
3.2398
3.24005
3.2403
3.24055
3.2408
3.24105
3.2413
3.24155
3.2418
3.24204
3.24229
3.24254
3.24279
3.24304
3.24329
3.24353
3.24378
3.24403
3.24428
3.24452
3.24477
3.24502
3.24527
3.24551
3.24576
3.24601
3.24625
3.2465
3.24674
3.24699
3.24724
3.24748
3.24773
3.24797
3.24822
3.24846
3.24871
3.24895
3.2492
3.24944
3.24969
3.24993
3.25018
3.25042
3.25066
3.25091
3.25115
3.25139
3.25164
3.25188
3.25212
3.25237
3.25261
3.25285
3.2531
3.25334
3.25358
3.25382
3.25406
3.25431
3.25455
3.25479
3.25503
3.25527
3.25551
3.25575
3.256
3.25624
3.25648
3.25672
3.25696
3.2572
3.25744
3.25768
3.25792
3.25816
3.2584
3.25864
3.25888
3.25912
3.25935
3.25959
3.25983
3.26007
3.26031
3.26055
3.26079
3.26102
3.26126
3.2615
3.26174
3.26198
3.26221
3.26245
3.26269
3.26293
3.26316
3.2634
3.26364
3.26387
3.26411
3.26435
3.26458
3.26482
3.26505
3.26529
3.26553
3.26576
3.266
3.26623
3.26647
3.2667
3.26694
3.26717
3.26741
3.26764
3.26788
3.26811
3.26834
3.26858
3.26881
3.26905
3.26928
3.26951
3.26975
3.26998
3.27021
3.27045
3.27068
3.27091
3.27114
3.27138
3.27161
3.27184
3.27207
3.27231
3.27254
3.27277
3.273
3.27323
3.27346
3.2737
3.27393
3.27416
3.27439
3.27462
3.27485
3.27508
3.27531
3.27554
3.27577
3.276
3.27623
3.27646
3.27669
3.27692
3.27715
3.27738
3.27761
3.27784
3.27807
3.2783
3.27852
3.27875
3.27898
3.27921
3.27944
3.27967
3.27989
3.28012
3.28035
3.28058
3.28081
3.28103
3.28126
3.28149
3.28171
3.28194
3.28217
3.2824
3.28262
3.28285
3.28307
3.2833
3.28353
3.28375
3.28398
3.28421
3.28443
3.28466
3.28488
3.28511
3.28533
3.28556
3.28578
3.28601
3.28623
3.28646
3.28668
3.28691
3.28713
3.28735
3.28758
3.2878
3.28803
3.28825
3.28847
3.2887
3.28892
3.28914
3.28937
3.28959
3.28981
3.29003
3.29026
3.29048
3.2907
3.29092
3.29115
3.29137
3.29159
3.29181
3.29203
3.29226
3.29248
3.2927
3.29292
3.29314
3.29336
3.29358
3.2938
3.29403
3.29425
3.29447
3.29469
3.29491
3.29513
3.29535
3.29557
3.29579
3.29601
3.29623
3.29645
3.29667
3.29688
3.2971
3.29732
3.29754
3.29776
3.29798
3.2982
3.29842
3.29863
3.29885
3.29907
3.29929
3.29951
3.29973
3.29994
3.30016
3.30038
3.3006
3.30081
3.30103
3.30125
3.30146
3.30168
3.3019
3.30211
3.30233
3.30255
3.30276
3.30298
3.3032
3.30341
3.30363
3.30384
3.30406
3.30428
3.30449
3.30471
3.30492
3.30514
3.30535
3.30557
3.30578
3.306
3.30621
3.30643
3.30664
3.30685
3.30707
3.30728
3.3075
3.30771
3.30792
3.30814
3.30835
3.30856
3.30878
3.30899
3.3092
3.30942
3.30963
3.30984
3.31006
3.31027
3.31048
3.31069
3.31091
3.31112
3.31133
3.31154
3.31175
3.31197
3.31218
3.31239
3.3126
3.31281
3.31302
3.31323
3.31345
3.31366
3.31387
3.31408
3.31429
3.3145
3.31471
3.31492
3.31513
3.31534
3.31555
3.31576
3.31597
3.31618
3.31639
3.3166
3.31681
3.31702
3.31723
3.31744
3.31765
3.31785
3.31806
3.31827
3.31848
3.31869
3.3189
3.31911
3.31931
3.31952
3.31973
3.31994
3.32015
3.32035
3.32056
3.32077
3.32098
3.32118
3.32139
3.3216
3.32181
3.32201
3.32222
3.32243
3.32263
3.32284
3.32305
3.32325
3.32346
3.32366
3.32387
3.32408
3.32428
3.32449
3.32469
3.3249
3.3251
3.32531
3.32552
3.32572
3.32593
3.32613
3.32634
3.32654
3.32675
3.32695
3.32715
3.32736
3.32756
3.32777
3.32797
3.32818
3.32838
3.32858
3.32879
3.32899
3.32919
3.3294
3.3296
3.3298
3.33001
3.33021
3.33041
3.33062
3.33082
3.33102
3.33122
3.33143
3.33163
3.33183
3.33203
3.33224
3.33244
3.33264
3.33284
3.33304
3.33325
3.33345
3.33365
3.33385
3.33405
3.33425
3.33445
3.33465
3.33486
3.33506
3.33526
3.33546
3.33566
3.33586
3.33606
3.33626
3.33646
3.33666
3.33686
3.33706
3.33726
3.33746
3.33766
3.33786
3.33806
3.33826
3.33846
3.33866
3.33885
3.33905
3.33925
3.33945
3.33965
3.33985
3.34005
3.34025
3.34044
3.34064
3.34084
3.34104
3.34124
3.34143
3.34163
3.34183
3.34203
3.34223
3.34242
3.34262
3.34282
3.34301
3.34321
3.34341
3.34361
3.3438
3.344
3.3442
3.34439
3.34459
3.34479
3.34498
3.34518
3.34537
3.34557
3.34577
3.34596
3.34616
3.34635
3.34655
3.34674
3.34694
3.34713
3.34733
3.34753
3.34772
3.34792
3.34811
3.3483
3.3485
3.34869
3.34889
3.34908
3.34928
3.34947
3.34967
3.34986
3.35005
3.35025
3.35044
3.35064
3.35083
3.35102
3.35122
3.35141
3.3516
3.3518
3.35199
3.35218
3.35238
3.35257
3.35276
3.35295
3.35315
3.35334
3.35353
3.35372
3.35392
3.35411
3.3543
3.35449
3.35468
3.35488
3.35507
3.35526
3.35545
3.35564
3.35583
3.35603
3.35622
3.35641
3.3566
3.35679
3.35698
3.35717
3.35736
3.35755
3.35774
3.35793
3.35813
3.35832
3.35851
3.3587
3.35889
3.35908
3.35927
3.35946
3.35965
3.35984
3.36003
3.36021
3.3604
3.36059
3.36078
3.36097
3.36116
3.36135
3.36154
3.36173
3.36192
3.36211
3.36229
3.36248
3.36267
3.36286
3.36305
3.36324
3.36342
3.36361
3.3638
3.36399
3.36418
3.36436
3.36455
3.36474
3.36493
3.36511
3.3653
3.36549
3.36568
3.36586
3.36605
3.36624
3.36642
3.36661
3.3668
3.36698
3.36717
3.36736
3.36754
3.36773
3.36791
3.3681
3.36829
3.36847
3.36866
3.36884
3.36903
3.36922
3.3694
3.36959
3.36977
3.36996
3.37014
3.37033
3.37051
3.3707
3.37088
3.37107
3.37125
3.37144
3.37162
3.37181
3.37199
3.37218
3.37236
3.37254
3.37273
3.37291
3.3731
3.37328
3.37346
3.37365
3.37383
3.37401
3.3742
3.37438
3.37457
3.37475
3.37493
3.37511
3.3753
3.37548
3.37566
3.37585
3.37603
3.37621
3.37639
3.37658
3.37676
3.37694
3.37712
3.37731
3.37749
3.37767
3.37785
3.37803
3.37822
3.3784
3.37858
3.37876
3.37894
3.37912
3.37931
3.37949
3.37967
3.37985
3.38003
3.38021
3.38039
3.38057
3.38075
3.38093
3.38112
3.3813
3.38148
3.38166
3.38184
3.38202
3.3822
3.38238
3.38256
3.38274
3.38292
3.3831
3.38328
3.38346
3.38364
3.38382
3.38399
3.38417
3.38435
3.38453
3.38471
3.38489
3.38507
3.38525
3.38543
3.38561
3.38578
3.38596
3.38614
3.38632
3.3865
3.38668
3.38686
3.38703
3.38721
3.38739
3.38757
3.38775
3.38792
3.3881
3.38828
3.38846
3.38863
3.38881
3.38899
3.38917
3.38934
3.38952
3.3897
3.38987
3.39005
3.39023
3.39041
3.39058
3.39076
3.39094
3.39111
3.39129
3.39146
3.39164
3.39182
3.39199
3.39217
3.39235
3.39252
3.3927
3.39287
3.39305
3.39322
3.3934
3.39358
3.39375
3.39393
3.3941
3.39428
3.39445
3.39463
3.3948
3.39498
3.39515
3.39533
3.3955
3.39568
3.39585
3.39602
3.3962
3.39637
3.39655
3.39672
3.3969
3.39707
3.39724
3.39742
3.39759
3.39777
3.39794
3.39811
3.39829
3.39846
3.39863
3.39881
3.39898
3.39915
3.39933
3.3995
3.39967
3.39985
3.40002
3.40019
3.40037
3.40054
3.40071
3.40088
3.40106
3.40123
3.4014
3.40157
3.40175
3.40192
3.40209
3.40226
3.40243
3.40261
3.40278
3.40295
3.40312
3.40329
3.40346
3.40364
3.40381
3.40398
3.40415
3.40432
3.40449
3.40466
3.40483
3.405
3.40518
3.40535
3.40552
3.40569
3.40586
3.40603
3.4062
3.40637
3.40654
3.40671
3.40688
3.40705
3.40722
3.40739
3.40756
3.40773
3.4079
3.40807
3.40824
3.40841
3.40858
3.40875
3.40892
3.40909
3.40926
3.40943
3.4096
3.40976
3.40993
3.4101
3.41027
3.41044
3.41061
3.41078
3.41095
3.41111
3.41128
3.41145
3.41162
3.41179
3.41196
3.41212
3.41229
3.41246
3.41263
3.4128
3.41296
3.41313
3.4133
3.41347
3.41363
3.4138
3.41397
3.41414
3.4143
3.41447
3.41464
3.41481
3.41497
3.41514
3.41531
3.41547
3.41564
3.41581
3.41597
3.41614
3.41631
3.41647
3.41664
3.41681
3.41697
3.41714
3.41731
3.41747
3.41764
3.4178
3.41797
3.41814
3.4183
3.41847
3.41863
3.4188
3.41896
3.41913
3.41929
3.41946
3.41963
3.41979
3.41996
3.42012
3.42029
3.42045
3.42062
3.42078
3.42095
3.42111
3.42127
3.42144
3.4216
3.42177
3.42193
3.4221
3.42226
3.42243
3.42259
3.42275
3.42292
3.42308
3.42325
3.42341
3.42357
3.42374
3.4239
3.42406
3.42423
3.42439
3.42455
3.42472
3.42488
3.42504
3.42521
3.42537
3.42553
3.4257
3.42586
3.42602
3.42619
3.42635
3.42651
3.42667
3.42684
3.427
3.42716
3.42732
3.42749
3.42765
3.42781
3.42797
3.42813
3.4283
3.42846
3.42862
3.42878
3.42894
3.42911
3.42927
3.42943
3.42959
3.42975
3.42991
3.43008
3.43024
3.4304
3.43056
3.43072
3.43088
3.43104
3.4312
3.43136
3.43152
3.43169
3.43185
3.43201
3.43217
3.43233
3.43249
3.43265
3.43281
3.43297
3.43313
3.43329
3.43345
3.43361
3.43377
3.43393
3.43409
3.43425
3.43441
3.43457
3.43473
3.43489
3.43505
3.43521
3.43537
3.43553
3.43569
3.43584
3.436
3.43616
3.43632
3.43648
3.43664
3.4368
3.43696
3.43712
3.43727
3.43743
3.43759
3.43775
3.43791
3.43807
3.43823
3.43838
3.43854
3.4387
3.43886
3.43902
3.43917
3.43933
3.43949
3.43965
3.43981
3.43996
3.44012
3.44028
3.44044
3.44059
3.44075
3.44091
3.44107
3.44122
3.44138
3.44154
3.4417
3.44185
3.44201
3.44217
3.44232
3.44248
3.44264
3.44279
3.44295
3.44311
3.44326
3.44342
3.44358
3.44373
3.44389
3.44404
3.4442
3.44436
3.44451
3.44467
3.44483
3.44498
3.44514
3.44529
3.44545
3.4456
3.44576
3.44592
3.44607
3.44623
3.44638
3.44654
3.44669
3.44685
3.447
3.44716
3.44731
3.44747
3.44762
3.44778
3.44793
3.44809
3.44824
3.4484
3.44855
3.44871
3.44886
3.44902
3.44917
3.44932
3.44948
3.44963
3.44979
3.44994
3.4501
3.45025
3.4504
3.45056
3.45071
3.45086
3.45102
3.45117
3.45133
3.45148
3.45163
3.45179
3.45194
3.45209
3.45225
3.4524
3.45255
3.45271
3.45286
3.45301
3.45317
3.45332
3.45347
3.45362
3.45378
3.45393
3.45408
3.45423
3.45439
3.45454
3.45469
3.45484
3.455
3.45515
3.4553
3.45545
3.45561
3.45576
3.45591
3.45606
3.45621
3.45637
3.45652
3.45667
3.45682
3.45697
3.45712
3.45728
3.45743
3.45758
3.45773
3.45788
3.45803
3.45818
3.45834
3.45849
3.45864
3.45879
3.45894
3.45909
3.45924
3.45939
3.45954
3.45969
3.45984
3.46
3.46015
3.4603
3.46045
3.4606
3.46075
3.4609
3.46105
3.4612
3.46135
3.4615
3.46165
3.4618
3.46195
3.4621
3.46225
3.4624
3.46255
3.4627
3.46285
3.463
3.46315
3.4633
3.46345
3.46359
3.46374
3.46389
3.46404
3.46419
3.46434
3.46449
3.46464
3.46479
3.46494
3.46509
3.46523
3.46538
3.46553
3.46568
3.46583
3.46598
3.46613
3.46627
3.46642
3.46657
3.46672
3.46687
3.46702
3.46716
3.46731
3.46746
3.46761
3.46776
3.4679
3.46805
3.4682
3.46835
3.4685
3.46864
3.46879
3.46894
3.46909
3.46923
3.46938
3.46953
3.46967
3.46982
3.46997
3.47012
3.47026
3.47041
3.47056
3.4707
3.47085
3.471
3.47114
3.47129
3.47144
3.47159
3.47173
3.47188
3.47202
3.47217
3.47232
3.47246
3.47261
3.47276
3.4729
3.47305
3.47319
3.47334
3.47349
3.47363
3.47378
3.47392
3.47407
3.47422
3.47436
3.47451
3.47465
3.4748
3.47494
3.47509
3.47524
3.47538
3.47553
3.47567
3.47582
3.47596
3.47611
3.47625
3.4764
3.47654
3.47669
3.47683
3.47698
3.47712
3.47727
3.47741
3.47756
3.4777
3.47784
3.47799
3.47813
3.47828
3.47842
3.47857
3.47871
3.47885
3.479
3.47914
3.47929
3.47943
3.47958
3.47972
3.47986
3.48001
3.48015
3.48029
3.48044
3.48058
3.48073
3.48087
3.48101
3.48116
3.4813
3.48144
3.48159
3.48173
3.48187
3.48202
3.48216
3.4823
3.48244
3.48259
3.48273
3.48287
3.48302
3.48316
3.4833
3.48344
3.48359
3.48373
3.48387
3.48401
3.48416
3.4843
3.48444
3.48458
3.48473
3.48487
3.48501
3.48515
3.4853
3.48544
3.48558
3.48572
3.48586
3.48601
3.48615
3.48629
3.48643
3.48657
3.48671
3.48686
3.487
3.48714
3.48728
3.48742
3.48756
3.4877
3.48785
3.48799
3.48813
3.48827
3.48841
3.48855
3.48869
3.48883
3.48897
3.48911
3.48926
3.4894
3.48954
3.48968
3.48982
3.48996
3.4901
3.49024
3.49038
3.49052
3.49066
3.4908
3.49094
3.49108
3.49122
3.49136
3.4915
3.49164
3.49178
3.49192
3.49206
3.4922
3.49234
3.49248
3.49262
3.49276
3.4929
3.49304
3.49318
3.49332
3.49346
3.4936
3.49374
3.49388
3.49402
3.49415
3.49429
3.49443
3.49457
3.49471
3.49485
3.49499
3.49513
3.49527
3.49541
3.49554
3.49568
3.49582
3.49596
3.4961
3.49624
3.49638
3.49651
3.49665
3.49679
3.49693
3.49707
3.49721
3.49734
3.49748
3.49762
3.49776
3.4979
3.49803
3.49817
3.49831
3.49845
3.49859
3.49872
3.49886
3.499
3.49914
3.49927
3.49941
3.49955
3.49969
3.49982
3.49996
3.5001
3.50024
3.50037
3.50051
3.50065
3.50079
3.50092
3.50106
3.5012
3.50133
3.50147
3.50161
3.50174
3.50188
3.50202
3.50215
3.50229
3.50243
3.50256
3.5027
3.50284
3.50297
3.50311
3.50325
3.50338
3.50352
3.50365
3.50379
3.50393
3.50406
3.5042
3.50433
3.50447
3.50461
3.50474
3.50488
3.50501
3.50515
3.50529
3.50542
3.50556
3.50569
3.50583
3.50596
3.5061
3.50623
3.50637
3.50651
3.50664
3.50678
3.50691
3.50705
3.50718
3.50732
3.50745
3.50759
3.50772
3.50786
3.50799
3.50813
3.50826
3.5084
3.50853
3.50866
3.5088
3.50893
3.50907
3.5092
3.50934
3.50947
3.50961
3.50974
3.50987
3.51001
3.51014
3.51028
3.51041
3.51055
3.51068
3.51081
3.51095
3.51108
3.51121
3.51135
3.51148
3.51162
3.51175
3.51188
3.51202
3.51215
3.51228
3.51242
3.51255
3.51268
3.51282
3.51295
3.51308
3.51322
3.51335
3.51348
3.51362
3.51375
3.51388
3.51402
3.51415
3.51428
3.51441
3.51455
3.51468
3.51481
3.51495
3.51508
3.51521
3.51534
3.51548
3.51561
3.51574
3.51587
3.51601
3.51614
3.51627
3.5164
3.51654
3.51667
3.5168
3.51693
3.51706
3.5172
3.51733
3.51746
3.51759
3.51772
3.51786
3.51799
3.51812
3.51825
3.51838
3.51851
3.51865
3.51878
3.51891
3.51904
3.51917
3.5193
3.51943
3.51957
3.5197
3.51983
3.51996
3.52009
3.52022
3.52035
3.52048
3.52061
3.52075
3.52088
3.52101
3.52114
3.52127
3.5214
3.52153
3.52166
3.52179
3.52192
3.52205
3.52218
3.52231
3.52244
3.52257
3.5227
3.52284
3.52297
3.5231
3.52323
3.52336
3.52349
3.52362
3.52375
3.52388
3.52401
3.52414
3.52427
3.5244
3.52453
3.52466
3.52479
3.52492
3.52504
3.52517
3.5253
3.52543
3.52556
3.52569
3.52582
3.52595
3.52608
3.52621
3.52634
3.52647
3.5266
3.52673
3.52686
3.52699
3.52711
3.52724
3.52737
3.5275
3.52763
3.52776
3.52789
3.52802
3.52815
3.52827
3.5284
3.52853
3.52866
3.52879
3.52892
3.52905
3.52917
3.5293
3.52943
3.52956
3.52969
3.52982
3.52994
3.53007
3.5302
3.53033
3.53046
3.53058
3.53071
3.53084
3.53097
3.5311
3.53122
3.53135
3.53148
3.53161
3.53173
3.53186
3.53199
3.53212
3.53224
3.53237
3.5325
3.53263
3.53275
3.53288
3.53301
3.53314
3.53326
3.53339
3.53352
3.53364
3.53377
3.5339
3.53403
3.53415
3.53428
3.53441
3.53453
3.53466
3.53479
3.53491
3.53504
3.53517
3.53529
3.53542
3.53555
3.53567
3.5358
3.53593
3.53605
3.53618
3.53631
3.53643
3.53656
3.53668
3.53681
3.53694
3.53706
3.53719
3.53732
3.53744
3.53757
3.53769
3.53782
3.53794
3.53807
3.5382
3.53832
3.53845
3.53857
3.5387
3.53882
3.53895
3.53908
3.5392
3.53933
3.53945
3.53958
3.5397
3.53983
3.53995
3.54008
3.5402
3.54033
3.54045
3.54058
3.5407
3.54083
3.54095
3.54108
3.5412
3.54133
3.54145
3.54158
3.5417
3.54183
3.54195
3.54208
3.5422
3.54233
3.54245
3.54258
3.5427
3.54283
3.54295
3.54307
3.5432
3.54332
3.54345
3.54357
3.5437
3.54382
3.54394
3.54407
3.54419
3.54432
3.54444
3.54456
3.54469
3.54481
3.54494
3.54506
3.54518
3.54531
3.54543
3.54555
3.54568
3.5458
3.54593
3.54605
3.54617
3.5463
3.54642
3.54654
3.54667
3.54679
3.54691
3.54704
3.54716
3.54728
3.54741
3.54753
3.54765
3.54777
3.5479
3.54802
3.54814
3.54827
3.54839
3.54851
3.54864
3.54876
3.54888
3.549
3.54913
3.54925
3.54937
3.54949
3.54962
3.54974
3.54986
3.54998
3.55011
3.55023
3.55035
3.55047
3.5506
3.55072
3.55084
3.55096
3.55108
3.55121
3.55133
3.55145
3.55157
3.55169
3.55182
3.55194
3.55206
3.55218
3.5523
3.55242
3.55255
3.55267
3.55279
3.55291
3.55303
3.55315
3.55328
3.5534
3.55352
3.55364
3.55376
3.55388
3.554
3.55413
3.55425
3.55437
3.55449
3.55461
3.55473
3.55485
3.55497
3.55509
3.55522
3.55534
3.55546
3.55558
3.5557
3.55582
3.55594
3.55606
3.55618
3.5563
3.55642
3.55654
3.55666
3.55678
3.55691
3.55703
3.55715
3.55727
3.55739
3.55751
3.55763
3.55775
3.55787
3.55799
3.55811
3.55823
3.55835
3.55847
3.55859
3.55871
3.55883
3.55895
3.55907
3.55919
3.55931
3.55943
3.55955
3.55967
3.55979
3.55991
3.56003
3.56015
3.56027
3.56038
3.5605
3.56062
3.56074
3.56086
3.56098
3.5611
3.56122
3.56134
3.56146
3.56158
3.5617
3.56182
3.56194
3.56205
3.56217
3.56229
3.56241
3.56253
3.56265
3.56277
3.56289
3.56301
3.56312
3.56324
3.56336
3.56348
3.5636
3.56372
3.56384
3.56396
3.56407
3.56419
3.56431
3.56443
3.56455
3.56467
3.56478
3.5649
3.56502
3.56514
3.56526
3.56538
3.56549
3.56561
3.56573
3.56585
3.56597
3.56608
3.5662
3.56632
3.56644
3.56656
3.56667
3.56679
3.56691
3.56703
3.56714
3.56726
3.56738
3.5675
3.56761
3.56773
3.56785
3.56797
3.56808
3.5682
3.56832
3.56844
3.56855
3.56867
3.56879
3.56891
3.56902
3.56914
3.56926
3.56937
3.56949
3.56961
3.56972
3.56984
3.56996
3.57008
3.57019
3.57031
3.57043
3.57054
3.57066
3.57078
3.57089
3.57101
3.57113
3.57124
3.57136
3.57148
3.57159
3.57171
3.57183
3.57194
3.57206
3.57217
3.57229
3.57241
3.57252
3.57264
3.57276
3.57287
3.57299
3.5731
3.57322
3.57334
3.57345
3.57357
3.57368
3.5738
3.57392
3.57403
3.57415
3.57426
3.57438
3.57449
3.57461
3.57473
3.57484
3.57496
3.57507
3.57519
3.5753
3.57542
3.57553
3.57565
3.57576
3.57588
3.576
3.57611
3.57623
3.57634
3.57646
3.57657
3.57669
3.5768
3.57692
3.57703
3.57715
3.57726
3.57738
3.57749
3.57761
3.57772
3.57784
3.57795
3.57807
3.57818
3.5783
3.57841
3.57852
3.57864
3.57875
3.57887
3.57898
3.5791
3.57921
3.57933
3.57944
3.57955
3.57967
3.57978
3.5799
3.58001
3.58013
3.58024
3.58035
3.58047
3.58058
3.5807
3.58081
3.58092
3.58104
3.58115
3.58127
3.58138
3.58149
3.58161
3.58172
3.58184
3.58195
3.58206
3.58218
3.58229
3.5824
3.58252
3.58263
3.58274
3.58286
3.58297
3.58309
3.5832
3.58331
3.58343
3.58354
3.58365
3.58377
3.58388
3.58399
3.5841
3.58422
3.58433
3.58444
3.58456
3.58467
3.58478
3.5849
3.58501
3.58512
3.58524
3.58535
3.58546
3.58557
3.58569
3.5858
3.58591
3.58602
3.58614
3.58625
3.58636
3.58647
3.58659
3.5867
3.58681
3.58692
3.58704
3.58715
3.58726
3.58737
3.58749
3.5876
3.58771
3.58782
3.58794
3.58805
3.58816
3.58827
3.58838
3.5885
3.58861
3.58872
3.58883
3.58894
3.58906
3.58917
3.58928
3.58939
3.5895
3.58961
3.58973
3.58984
3.58995
3.59006
3.59017
3.59028
3.5904
3.59051
3.59062
3.59073
3.59084
3.59095
3.59106
3.59118
3.59129
3.5914
3.59151
3.59162
3.59173
3.59184
3.59195
3.59207
3.59218
3.59229
3.5924
3.59251
3.59262
3.59273
3.59284
3.59295
3.59306
3.59318
3.59329
3.5934
3.59351
3.59362
3.59373
3.59384
3.59395
3.59406
3.59417
3.59428
3.59439
3.5945
3.59461
3.59472
3.59483
3.59494
3.59506
3.59517
3.59528
3.59539
3.5955
3.59561
3.59572
3.59583
3.59594
3.59605
3.59616
3.59627
3.59638
3.59649
3.5966
3.59671
3.59682
3.59693
3.59704
3.59715
3.59726
3.59737
3.59748
3.59759
3.5977
3.5978
3.59791
3.59802
3.59813
3.59824
3.59835
3.59846
3.59857
3.59868
3.59879
3.5989
3.59901
3.59912
3.59923
3.59934
3.59945
3.59956
3.59966
3.59977
3.59988
3.59999
3.6001
3.60021
3.60032
3.60043
3.60054
3.60065
3.60076
3.60086
3.60097
3.60108
3.60119
3.6013
3.60141
3.60152
3.60163
3.60173
3.60184
3.60195
3.60206
3.60217
3.60228
3.60239
3.60249
3.6026
3.60271
3.60282
3.60293
3.60304
3.60314
3.60325
3.60336
3.60347
3.60358
3.60369
3.60379
3.6039
3.60401
3.60412
3.60423
3.60433
3.60444
3.60455
3.60466
3.60477
3.60487
3.60498
3.60509
3.6052
3.60531
3.60541
3.60552
3.60563
3.60574
3.60584
3.60595
3.60606
3.60617
3.60627
3.60638
3.60649
3.6066
3.6067
3.60681
3.60692
3.60703
3.60713
3.60724
3.60735
3.60746
3.60756
3.60767
3.60778
3.60788
3.60799
3.6081
3.60821
3.60831
3.60842
3.60853
3.60863
3.60874
3.60885
3.60895
3.60906
3.60917
3.60927
3.60938
3.60949
3.60959
3.6097
3.60981
3.60991
3.61002
3.61013
3.61023
3.61034
3.61045
3.61055
3.61066
3.61077
3.61087
3.61098
3.61109
3.61119
3.6113
3.6114
3.61151
3.61162
3.61172
3.61183
3.61194
3.61204
3.61215
3.61225
3.61236
3.61247
3.61257
3.61268
3.61278
3.61289
3.613
3.6131
3.61321
3.61331
3.61342
3.61352
3.61363
3.61374
3.61384
3.61395
3.61405
3.61416
3.61426
3.61437
3.61448
3.61458
3.61469
3.61479
3.6149
3.615
3.61511
3.61521
3.61532
3.61542
3.61553
3.61563
3.61574
3.61584
3.61595
3.61606
3.61616
3.61627
3.61637
3.61648
3.61658
3.61669
3.61679
3.6169
3.617
3.61711
3.61721
3.61731
3.61742
3.61752
3.61763
3.61773
3.61784
3.61794
3.61805
3.61815
3.61826
3.61836
3.61847
3.61857
3.61868
3.61878
3.61888
3.61899
3.61909
3.6192
3.6193
3.61941
3.61951
3.61962
3.61972
3.61982
3.61993
3.62003
3.62014
3.62024
3.62034
3.62045
3.62055
3.62066
3.62076
3.62086
3.62097
3.62107
3.62118
3.62128
3.62138
3.62149
3.62159
3.6217
3.6218
3.6219
3.62201
3.62211
3.62221
3.62232
3.62242
3.62252
3.62263
3.62273
3.62284
3.62294
3.62304
3.62315
3.62325
3.62335
3.62346
3.62356
3.62366
3.62377
3.62387
3.62397
3.62408
3.62418
3.62428
3.62439
3.62449
3.62459
3.62469
3.6248
3.6249
3.625
3.62511
3.62521
3.62531
3.62542
3.62552
3.62562
3.62572
3.62583
3.62593
3.62603
3.62613
3.62624
3.62634
3.62644
3.62655
3.62665
3.62675
3.62685
3.62696
3.62706
3.62716
3.62726
3.62737
3.62747
3.62757
3.62767
3.62778
3.62788
3.62798
3.62808
3.62818
3.62829
3.62839
3.62849
3.62859
3.6287
3.6288
3.6289
3.629
3.6291
3.62921
3.62931
3.62941
3.62951
3.62961
3.62972
3.62982
3.62992
3.63002
3.63012
3.63022
3.63033
3.63043
3.63053
3.63063
3.63073
3.63083
3.63094
3.63104
3.63114
3.63124
3.63134
3.63144
3.63155
3.63165
3.63175
3.63185
3.63195
3.63205
3.63215
3.63225
3.63236
3.63246
3.63256
3.63266
3.63276
3.63286
3.63296
3.63306
3.63317
3.63327
3.63337
3.63347
3.63357
3.63367
3.63377
3.63387
3.63397
3.63407
3.63417
3.63428
3.63438
3.63448
3.63458
3.63468
3.63478
3.63488
3.63498
3.63508
3.63518
3.63528
3.63538
3.63548
3.63558
3.63568
3.63579
3.63589
3.63599
3.63609
3.63619
3.63629
3.63639
3.63649
3.63659
3.63669
3.63679
3.63689
3.63699
3.63709
3.63719
3.63729
3.63739
3.63749
3.63759
3.63769
3.63779
3.63789
3.63799
3.63809
3.63819
3.63829
3.63839
3.63849
3.63859
3.63869
3.63879
3.63889
3.63899
3.63909
3.63919
3.63929
3.63939
3.63949
3.63959
3.63969
3.63979
3.63988
3.63998
3.64008
3.64018
3.64028
3.64038
3.64048
3.64058
3.64068
3.64078
3.64088
3.64098
3.64108
3.64118
3.64128
3.64137
3.64147
3.64157
3.64167
3.64177
3.64187
3.64197
3.64207
3.64217
3.64227
3.64237
3.64246
3.64256
3.64266
3.64276
3.64286
3.64296
3.64306
3.64316
3.64326
3.64335
3.64345
3.64355
3.64365
3.64375
3.64385
3.64395
3.64404
3.64414
3.64424
3.64434
3.64444
3.64454
3.64464
3.64473
3.64483
3.64493
3.64503
3.64513
3.64523
3.64532
3.64542
3.64552
3.64562
3.64572
3.64582
3.64591
3.64601
3.64611
3.64621
3.64631
3.6464
3.6465
3.6466
3.6467
3.6468
3.64689
3.64699
3.64709
3.64719
3.64729
3.64738
3.64748
3.64758
3.64768
3.64777
3.64787
3.64797
3.64807
3.64816
3.64826
3.64836
3.64846
3.64856
3.64865
3.64875
3.64885
3.64895
3.64904
3.64914
3.64924
3.64933
3.64943
3.64953
3.64963
3.64972
3.64982
3.64992
3.65002
3.65011
3.65021
3.65031
3.6504
3.6505
3.6506
3.6507
3.65079
3.65089
3.65099
3.65108
3.65118
3.65128
3.65137
3.65147
3.65157
3.65167
3.65176
3.65186
3.65196
3.65205
3.65215
3.65225
3.65234
3.65244
3.65254
3.65263
3.65273
3.65283
3.65292
3.65302
3.65312
3.65321
3.65331
3.65341
3.6535
3.6536
3.65369
3.65379
3.65389
3.65398
3.65408
3.65418
3.65427
3.65437
3.65447
3.65456
3.65466
3.65475
3.65485
3.65495
3.65504
3.65514
3.65523
3.65533
3.65543
3.65552
3.65562
3.65571
3.65581
3.65591
3.656
3.6561
3.65619
3.65629
3.65639
3.65648
3.65658
3.65667
3.65677
3.65686
3.65696
3.65706
3.65715
3.65725
3.65734
3.65744
3.65753
3.65763
3.65772
3.65782
3.65792
3.65801
3.65811
3.6582
3.6583
3.65839
3.65849
3.65858
3.65868
3.65877
3.65887
3.65896
3.65906
3.65916
3.65925
3.65935
3.65944
3.65954
3.65963
3.65973
3.65982
3.65992
3.66001
3.66011
3.6602
3.6603
3.66039
3.66049
3.66058
3.66068
3.66077
3.66087
3.66096
3.66106
3.66115
3.66124
3.66134
3.66143
3.66153
3.66162
3.66172
3.66181
3.66191
3.662
3.6621
3.66219
3.66229
3.66238
3.66247
3.66257
3.66266
3.66276
3.66285
3.66295
3.66304
3.66314
3.66323
3.66332
3.66342
3.66351
3.66361
3.6637
3.6638
3.66389
3.66398
3.66408
3.66417
3.66427
3.66436
3.66445
3.66455
3.66464
3.66474
3.66483
3.66492
3.66502
3.66511
3.66521
3.6653
3.66539
3.66549
3.66558
3.66567
3.66577
3.66586
3.66596
3.66605
3.66614
3.66624
3.66633
3.66642
3.66652
3.66661
3.66671
3.6668
3.66689
3.66699
3.66708
3.66717
3.66727
3.66736
3.66745
3.66755
3.66764
3.66773
3.66783
3.66792
3.66801
3.66811
3.6682
3.66829
3.66839
3.66848
3.66857
3.66867
3.66876
3.66885
3.66894
3.66904
3.66913
3.66922
3.66932
3.66941
3.6695
3.6696
3.66969
3.66978
3.66987
3.66997
3.67006
3.67015
3.67025
3.67034
3.67043
3.67052
3.67062
3.67071
3.6708
3.67089
3.67099
3.67108
3.67117
3.67127
3.67136
3.67145
3.67154
3.67164
3.67173
3.67182
3.67191
3.67201
3.6721
3.67219
3.67228
3.67237
3.67247
3.67256
3.67265
3.67274
3.67284
3.67293
3.67302
3.67311
3.67321
3.6733
3.67339
3.67348
3.67357
3.67367
3.67376
3.67385
3.67394
3.67403
3.67413
3.67422
3.67431
3.6744
3.67449
3.67459
3.67468
3.67477
3.67486
3.67495
3.67504
3.67514
3.67523
3.67532
3.67541
3.6755
3.6756
3.67569
3.67578
3.67587
3.67596
3.67605
3.67614
3.67624
3.67633
3.67642
3.67651
3.6766
3.67669
3.67679
3.67688
3.67697
3.67706
3.67715
3.67724
3.67733
3.67742
3.67752
3.67761
3.6777
3.67779
3.67788
3.67797
3.67806
3.67815
3.67825
3.67834
3.67843
3.67852
3.67861
3.6787
3.67879
3.67888
3.67897
3.67906
3.67916
3.67925
3.67934
3.67943
3.67952
3.67961
3.6797
3.67979
3.67988
3.67997
3.68006
3.68015
3.68024
3.68034
3.68043
3.68052
3.68061
3.6807
3.68079
3.68088
3.68097
3.68106
3.68115
3.68124
3.68133
3.68142
3.68151
3.6816
3.68169
3.68178
3.68187
3.68196
3.68205
3.68215
3.68224
3.68233
3.68242
3.68251
3.6826
3.68269
3.68278
3.68287
3.68296
3.68305
3.68314
3.68323
3.68332
3.68341
3.6835
3.68359
3.68368
3.68377
3.68386
3.68395
3.68404
3.68413
3.68422
3.68431
3.6844
3.68449
3.68458
3.68467
3.68476
3.68485
3.68494
3.68502
3.68511
3.6852
3.68529
3.68538
3.68547
3.68556
3.68565
3.68574
3.68583
3.68592
3.68601
3.6861
3.68619
3.68628
3.68637
3.68646
3.68655
3.68664
3.68673
3.68681
3.6869
3.68699
3.68708
3.68717
3.68726
3.68735
3.68744
3.68753
3.68762
3.68771
3.6878
3.68789
3.68797
3.68806
3.68815
3.68824
3.68833
3.68842
3.68851
3.6886
3.68869
3.68878
3.68886
3.68895
3.68904
3.68913
3.68922
3.68931
3.6894
3.68949
3.68958
3.68966
3.68975
3.68984
3.68993
3.69002
3.69011
3.6902
3.69028
3.69037
3.69046
3.69055
3.69064
3.69073
3.69082
3.6909
3.69099
3.69108
3.69117
3.69126
3.69135
3.69144
3.69152
3.69161
3.6917
3.69179
3.69188
3.69197
3.69205
3.69214
3.69223
3.69232
3.69241
3.69249
3.69258
3.69267
3.69276
3.69285
3.69294
3.69302
3.69311
3.6932
3.69329
3.69338
3.69346
3.69355
3.69364
3.69373
3.69381
3.6939
3.69399
3.69408
3.69417
3.69425
3.69434
3.69443
3.69452
3.69461
3.69469
3.69478
3.69487
3.69496
3.69504
3.69513
3.69522
3.69531
3.69539
3.69548
3.69557
3.69566
3.69574
3.69583
3.69592
3.69601
3.69609
3.69618
3.69627
3.69636
3.69644
3.69653
3.69662
3.69671
3.69679
3.69688
3.69697
3.69705
3.69714
3.69723
3.69732
3.6974
3.69749
3.69758
3.69767
3.69775
3.69784
3.69793
3.69801
3.6981
3.69819
3.69827
3.69836
3.69845
3.69854
3.69862
3.69871
3.6988
3.69888
3.69897
3.69906
3.69914
3.69923
3.69932
3.6994
3.69949
3.69958
3.69966
3.69975
3.69984
3.69992
3.70001
3.7001
3.70018
3.70027
3.70036
3.70044
3.70053
3.70062
3.7007
3.70079
3.70088
3.70096
3.70105
3.70114
3.70122
3.70131
3.7014
3.70148
3.70157
3.70165
3.70174
3.70183
3.70191
3.702
3.70209
3.70217
3.70226
3.70234
3.70243
3.70252
3.7026
3.70269
3.70278
3.70286
3.70295
3.70303
3.70312
3.70321
3.70329
3.70338
3.70346
3.70355
3.70364
3.70372
3.70381
3.70389
3.70398
3.70406
3.70415
3.70424
3.70432
3.70441
3.70449
3.70458
3.70467
3.70475
3.70484
3.70492
3.70501
3.70509
3.70518
3.70526
3.70535
3.70544
3.70552
3.70561
3.70569
3.70578
3.70586
3.70595
3.70603
3.70612
3.70621
3.70629
3.70638
3.70646
3.70655
3.70663
3.70672
3.7068
3.70689
3.70697
3.70706
3.70714
3.70723
3.70731
3.7074
3.70749
3.70757
3.70766
3.70774
3.70783
3.70791
3.708
3.70808
3.70817
3.70825
3.70834
3.70842
3.70851
3.70859
3.70868
3.70876
3.70885
3.70893
3.70902
3.7091
3.70919
3.70927
3.70935
3.70944
3.70952
3.70961
3.70969
3.70978
3.70986
3.70995
3.71003
3.71012
3.7102
3.71029
3.71037
3.71046
3.71054
3.71063
3.71071
3.71079
3.71088
3.71096
3.71105
3.71113
3.71122
3.7113
3.71139
3.71147
3.71155
3.71164
3.71172
3.71181
3.71189
3.71198
3.71206
3.71214
3.71223
3.71231
3.7124
3.71248
3.71257
3.71265
3.71273
3.71282
3.7129
3.71299
3.71307
3.71315
3.71324
3.71332
3.71341
3.71349
3.71357
3.71366
3.71374
3.71383
3.71391
3.71399
3.71408
3.71416
3.71425
3.71433
3.71441
3.7145
3.71458
3.71466
3.71475
3.71483
3.71492
3.715
3.71508
3.71517
3.71525
3.71533
3.71542
3.7155
3.71559
3.71567
3.71575
3.71584
3.71592
3.716
3.71609
3.71617
3.71625
3.71634
3.71642
3.7165
3.71659
3.71667
3.71675
3.71684
3.71692
3.717
3.71709
3.71717
3.71725
3.71734
3.71742
3.7175
3.71759
3.71767
3.71775
3.71784
3.71792
3.718
3.71809
3.71817
3.71825
3.71834
3.71842
3.7185
3.71858
3.71867
3.71875
3.71883
3.71892
3.719
3.71908
3.71917
3.71925
3.71933
3.71941
3.7195
3.71958
3.71966
3.71975
3.71983
3.71991
3.71999
3.72008
3.72016
3.72024
3.72032
3.72041
3.72049
3.72057
3.72066
3.72074
3.72082
3.7209
3.72099
3.72107
3.72115
3.72123
3.72132
3.7214
3.72148
3.72156
3.72165
3.72173
3.72181
3.72189
3.72198
3.72206
3.72214
3.72222
3.7223
3.72239
3.72247
3.72255
3.72263
3.72272
3.7228
3.72288
3.72296
3.72304
3.72313
3.72321
3.72329
3.72337
3.72346
3.72354
3.72362
3.7237
3.72378
3.72387
3.72395
3.72403
3.72411
3.72419
3.72428
3.72436
3.72444
3.72452
3.7246
3.72469
3.72477
3.72485
3.72493
3.72501
3.72509
3.72518
3.72526
3.72534
3.72542
3.7255
3.72558
3.72567
3.72575
3.72583
3.72591
3.72599
3.72607
3.72616
3.72624
3.72632
3.7264
3.72648
3.72656
3.72665
3.72673
3.72681
3.72689
3.72697
3.72705
3.72713
3.72722
3.7273
3.72738
3.72746
3.72754
3.72762
3.7277
3.72779
3.72787
3.72795
3.72803
3.72811
3.72819
3.72827
3.72835
3.72843
3.72852
3.7286
3.72868
3.72876
3.72884
3.72892
3.729
3.72908
3.72916
3.72925
3.72933
3.72941
3.72949
3.72957
3.72965
3.72973
3.72981
3.72989
3.72997
3.73006
3.73014
3.73022
3.7303
3.73038
3.73046
3.73054
3.73062
3.7307
3.73078
3.73086
3.73094
3.73102
3.73111
3.73119
3.73127
3.73135
3.73143
3.73151
3.73159
3.73167
3.73175
3.73183
3.73191
3.73199
3.73207
3.73215
3.73223
3.73231
3.73239
3.73247
3.73255
3.73263
3.73272
3.7328
3.73288
3.73296
3.73304
3.73312
3.7332
3.73328
3.73336
3.73344
3.73352
3.7336
3.73368
3.73376
3.73384
3.73392
3.734
3.73408
3.73416
3.73424
3.73432
3.7344
3.73448
3.73456
3.73464
3.73472
3.7348
3.73488
3.73496
3.73504
3.73512
3.7352
3.73528
3.73536
3.73544
3.73552
3.7356
3.73568
3.73576
3.73584
3.73592
3.736
3.73608
3.73616
3.73624
3.73632
3.7364
3.73648
3.73656
3.73664
3.73672
3.73679
3.73687
3.73695
3.73703
3.73711
3.73719
3.73727
3.73735
3.73743
3.73751
3.73759
3.73767
3.73775
3.73783
3.73791
3.73799
3.73807
3.73815
3.73823
3.7383
3.73838
3.73846
3.73854
3.73862
3.7387
3.73878
3.73886
3.73894
3.73902
3.7391
3.73918
3.73926
3.73933
3.73941
3.73949
3.73957
3.73965
3.73973
3.73981
3.73989
3.73997
3.74005
3.74013
3.7402
3.74028
3.74036
3.74044
3.74052
3.7406
3.74068
3.74076
3.74084
3.74092
3.74099
3.74107
3.74115
3.74123
3.74131
3.74139
3.74147
3.74155
3.74162
3.7417
3.74178
3.74186
3.74194
3.74202
3.7421
3.74218
3.74225
3.74233
3.74241
3.74249
3.74257
3.74265
3.74273
3.7428
3.74288
3.74296
3.74304
3.74312
3.7432
3.74327
3.74335
3.74343
3.74351
3.74359
3.74367
3.74374
3.74382
3.7439
3.74398
3.74406
3.74414
3.74421
3.74429
3.74437
3.74445
3.74453
3.74461
3.74468
3.74476
3.74484
3.74492
3.745
3.74507
3.74515
3.74523
3.74531
3.74539
3.74547
3.74554
3.74562
3.7457
3.74578
3.74586
3.74593
3.74601
3.74609
3.74617
3.74624
3.74632
3.7464
3.74648
3.74656
3.74663
3.74671
3.74679
3.74687
3.74695
3.74702
3.7471
3.74718
3.74726
3.74733
3.74741
3.74749
3.74757
3.74764
3.74772
3.7478
3.74788
3.74796
3.74803
3.74811
3.74819
3.74827
3.74834
3.74842
3.7485
3.74858
3.74865
3.74873
3.74881
3.74889
3.74896
3.74904
3.74912
3.7492
3.74927
3.74935
3.74943
3.7495
3.74958
3.74966
3.74974
3.74981
3.74989
3.74997
3.75005
3.75012
3.7502
3.75028
3.75035
3.75043
3.75051
3.75059
3.75066
3.75074
3.75082
3.75089
3.75097
3.75105
3.75113
3.7512
3.75128
3.75136
3.75143
3.75151
3.75159
3.75166
3.75174
3.75182
3.75189
3.75197
3.75205
3.75213
3.7522
3.75228
3.75236
3.75243
3.75251
3.75259
3.75266
3.75274
3.75282
3.75289
3.75297
3.75305
3.75312
3.7532
3.75328
3.75335
3.75343
3.75351
3.75358
3.75366
3.75374
3.75381
3.75389
3.75397
3.75404
3.75412
3.7542
3.75427
3.75435
3.75442
3.7545
3.75458
3.75465
3.75473
3.75481
3.75488
3.75496
3.75504
3.75511
3.75519
3.75526
3.75534
3.75542
3.75549
3.75557
3.75565
3.75572
3.7558
3.75587
3.75595
3.75603
3.7561
3.75618
3.75626
3.75633
3.75641
3.75648
3.75656
3.75664
3.75671
3.75679
3.75686
3.75694
3.75702
3.75709
3.75717
3.75724
3.75732
3.7574
3.75747
3.75755
3.75762
3.7577
3.75778
3.75785
3.75793
3.758
3.75808
3.75815
3.75823
3.75831
3.75838
3.75846
3.75853
3.75861
3.75868
3.75876
3.75884
3.75891
3.75899
3.75906
3.75914
3.75921
3.75929
3.75937
3.75944
3.75952
3.75959
3.75967
3.75974
3.75982
3.75989
3.75997
3.76005
3.76012
3.7602
3.76027
3.76035
3.76042
3.7605
3.76057
3.76065
3.76072
3.7608
3.76087
3.76095
3.76103
3.7611
3.76118
3.76125
3.76133
3.7614
3.76148
3.76155
3.76163
3.7617
3.76178
3.76185
3.76193
3.762
3.76208
3.76215
3.76223
3.7623
3.76238
3.76245
3.76253
3.7626
3.76268
3.76275
3.76283
3.7629
3.76298
3.76305
3.76313
3.7632
3.76328
3.76335
3.76343
3.7635
3.76358
3.76365
3.76373
3.7638
3.76388
3.76395
3.76403
3.7641
3.76418
3.76425
3.76433
3.7644
3.76448
3.76455
3.76462
3.7647
3.76477
3.76485
3.76492
3.765
3.76507
3.76515
3.76522
3.7653
3.76537
3.76545
3.76552
3.76559
3.76567
3.76574
3.76582
3.76589
3.76597
3.76604
3.76612
3.76619
3.76626
3.76634
3.76641
3.76649
3.76656
3.76664
3.76671
3.76678
3.76686
3.76693
3.76701
3.76708
3.76716
3.76723
3.7673
3.76738
3.76745
3.76753
3.7676
3.76768
3.76775
3.76782
3.7679
3.76797
3.76805
3.76812
3.76819
3.76827
3.76834
3.76842
3.76849
3.76856
3.76864
3.76871
3.76879
3.76886
3.76893
3.76901
3.76908
3.76916
3.76923
3.7693
3.76938
3.76945
3.76953
3.7696
3.76967
3.76975
3.76982
3.76989
3.76997
3.77004
3.77012
3.77019
3.77026
3.77034
3.77041
3.77048
3.77056
3.77063
3.7707
3.77078
3.77085
3.77093
3.771
3.77107
3.77115
3.77122
3.77129
3.77137
3.77144
3.77151
3.77159
3.77166
3.77173
3.77181
3.77188
3.77195
3.77203
3.7721
3.77217
3.77225
3.77232
3.7724
3.77247
3.77254
3.77262
3.77269
3.77276
3.77283
3.77291
3.77298
3.77305
3.77313
3.7732
3.77327
3.77335
3.77342
3.77349
3.77357
3.77364
3.77371
3.77379
3.77386
3.77393
3.77401
3.77408
3.77415
3.77422
3.7743
3.77437
3.77444
3.77452
3.77459
3.77466
3.77474
3.77481
3.77488
3.77495
3.77503
3.7751
3.77517
3.77525
3.77532
3.77539
3.77546
3.77554
3.77561
3.77568
3.77576
3.77583
3.7759
3.77597
3.77605
3.77612
3.77619
3.77627
3.77634
3.77641
3.77648
3.77656
3.77663
3.7767
3.77677
3.77685
3.77692
3.77699
3.77706
3.77714
3.77721
3.77728
3.77735
3.77743
3.7775
3.77757
3.77764
3.77772
3.77779
3.77786
3.77793
3.77801
3.77808
3.77815
3.77822
3.7783
3.77837
3.77844
3.77851
3.77859
3.77866
3.77873
3.7788
3.77887
3.77895
3.77902
3.77909
3.77916
3.77924
3.77931
3.77938
3.77945
3.77952
3.7796
3.77967
3.77974
3.77981
3.77988
3.77996
3.78003
3.7801
3.78017
3.78025
3.78032
3.78039
3.78046
3.78053
3.78061
3.78068
3.78075
3.78082
3.78089
3.78097
3.78104
3.78111
3.78118
3.78125
3.78132
3.7814
3.78147
3.78154
3.78161
3.78168
3.78176
3.78183
3.7819
3.78197
3.78204
3.78211
3.78219
3.78226
3.78233
3.7824
3.78247
3.78254
3.78262
3.78269
3.78276
3.78283
3.7829
3.78297
3.78305
3.78312
3.78319
3.78326
3.78333
3.7834
3.78347
3.78355
3.78362
3.78369
3.78376
3.78383
3.7839
3.78398
3.78405
3.78412
3.78419
3.78426
3.78433
3.7844
3.78447
3.78455
3.78462
3.78469
3.78476
3.78483
3.7849
3.78497
3.78504
3.78512
3.78519
3.78526
3.78533
3.7854
3.78547
3.78554
3.78561
3.78569
3.78576
3.78583
3.7859
3.78597
3.78604
3.78611
3.78618
3.78625
3.78633
3.7864
3.78647
3.78654
3.78661
3.78668
3.78675
3.78682
3.78689
3.78696
3.78704
3.78711
3.78718
3.78725
3.78732
3.78739
3.78746
3.78753
3.7876
3.78767
3.78774
3.78781
3.78789
3.78796
3.78803
3.7881
3.78817
3.78824
3.78831
3.78838
3.78845
3.78852
3.78859
3.78866
3.78873
3.7888
3.78888
3.78895
3.78902
3.78909
3.78916
3.78923
3.7893
3.78937
3.78944
3.78951
3.78958
3.78965
3.78972
3.78979
3.78986
3.78993
3.79
3.79007
3.79014
3.79021
3.79029
3.79036
3.79043
3.7905
3.79057
3.79064
3.79071
3.79078
3.79085
3.79092
3.79099
3.79106
3.79113
3.7912
3.79127
3.79134
3.79141
3.79148
3.79155
3.79162
3.79169
3.79176
3.79183
3.7919
3.79197
3.79204
3.79211
3.79218
3.79225
3.79232
3.79239
3.79246
3.79253
3.7926
3.79267
3.79274
3.79281
3.79288
3.79295
3.79302
3.79309
3.79316
3.79323
3.7933
3.79337
3.79344
3.79351
3.79358
3.79365
3.79372
3.79379
3.79386
3.79393
3.794
3.79407
3.79414
3.79421
3.79428
3.79435
3.79442
3.79449
3.79456
3.79463
3.7947
3.79477
3.79484
3.79491
3.79498
3.79505
3.79511
3.79518
3.79525
3.79532
3.79539
3.79546
3.79553
3.7956
3.79567
3.79574
3.79581
3.79588
3.79595
3.79602
3.79609
3.79616
3.79623
3.7963
3.79637
3.79644
3.7965
3.79657
3.79664
3.79671
3.79678
3.79685
3.79692
3.79699
3.79706
3.79713
3.7972
3.79727
3.79734
3.79741
3.79748
3.79754
3.79761
3.79768
3.79775
3.79782
3.79789
3.79796
3.79803
3.7981
3.79817
3.79824
3.79831
3.79837
3.79844
3.79851
3.79858
3.79865
3.79872
3.79879
3.79886
3.79893
3.799
3.79906
3.79913
3.7992
3.79927
3.79934
3.79941
3.79948
3.79955
3.79962
3.79969
3.79975
3.79982
3.79989
3.79996
3.80003
3.8001
3.80017
3.80024
3.8003
3.80037
3.80044
3.80051
3.80058
3.80065
3.80072
3.80079
3.80085
3.80092
3.80099
3.80106
3.80113
3.8012
3.80127
3.80134
3.8014
3.80147
3.80154
3.80161
3.80168
3.80175
3.80182
3.80188
3.80195
3.80202
3.80209
3.80216
3.80223
3.80229
3.80236
3.80243
3.8025
3.80257
3.80264
3.80271
3.80277
3.80284
3.80291
3.80298
3.80305
3.80312
3.80318
3.80325
3.80332
3.80339
3.80346
3.80353
3.80359
3.80366
3.80373
3.8038
3.80387
3.80393
3.804
3.80407
3.80414
3.80421
3.80428
3.80434
3.80441
3.80448
3.80455
3.80462
3.80468
3.80475
3.80482
3.80489
3.80496
3.80502
3.80509
3.80516
3.80523
3.8053
3.80536
3.80543
3.8055
3.80557
3.80564
3.8057
3.80577
3.80584
3.80591
3.80598
3.80604
3.80611
3.80618
3.80625
3.80632
3.80638
3.80645
3.80652
3.80659
3.80665
3.80672
3.80679
3.80686
3.80693
3.80699
3.80706
3.80713
3.8072
3.80726
3.80733
3.8074
3.80747
3.80754
3.8076
3.80767
3.80774
3.80781
3.80787
3.80794
3.80801
3.80808
3.80814
3.80821
3.80828
3.80835
3.80841
3.80848
3.80855
3.80862
3.80868
3.80875
3.80882
3.80889
3.80895
3.80902
3.80909
3.80916
3.80922
3.80929
3.80936
3.80943
3.80949
3.80956
3.80963
3.80969
3.80976
3.80983
3.8099
3.80996
3.81003
3.8101
3.81017
3.81023
3.8103
3.81037
3.81043
3.8105
3.81057
3.81064
3.8107
3.81077
3.81084
3.8109
3.81097
3.81104
3.81111
3.81117
3.81124
3.81131
3.81137
3.81144
3.81151
3.81158
3.81164
3.81171
3.81178
3.81184
3.81191
3.81198
3.81204
3.81211
3.81218
3.81224
3.81231
3.81238
3.81245
3.81251
3.81258
3.81265
3.81271
3.81278
3.81285
3.81291
3.81298
3.81305
3.81311
3.81318
3.81325
3.81331
3.81338
3.81345
3.81351
3.81358
3.81365
3.81371
3.81378
3.81385
3.81391
3.81398
3.81405
3.81411
3.81418
3.81425
3.81431
3.81438
3.81445
3.81451
3.81458
3.81465
3.81471
3.81478
3.81485
3.81491
3.81498
3.81505
3.81511
3.81518
3.81525
3.81531
3.81538
3.81544
3.81551
3.81558
3.81564
3.81571
3.81578
3.81584
3.81591
3.81598
3.81604
3.81611
3.81617
3.81624
3.81631
3.81637
3.81644
3.81651
3.81657
3.81664
3.81671
3.81677
3.81684
3.8169
3.81697
3.81704
3.8171
3.81717
3.81723
3.8173
3.81737
3.81743
3.8175
3.81757
3.81763
3.8177
3.81776
3.81783
3.8179
3.81796
3.81803
3.81809
3.81816
3.81823
3.81829
3.81836
3.81842
3.81849
3.81856
3.81862
3.81869
3.81875
3.81882
3.81889
3.81895
3.81902
3.81908
3.81915
3.81921
3.81928
3.81935
3.81941
3.81948
3.81954
3.81961
3.81968
3.81974
3.81981
3.81987
3.81994
3.82
3.82007
3.82014
3.8202
3.82027
3.82033
3.8204
3.82046
3.82053
3.8206
3.82066
3.82073
3.82079
3.82086
3.82092
3.82099
3.82105
3.82112
3.82119
3.82125
3.82132
3.82138
3.82145
3.82151
3.82158
3.82164
3.82171
3.82178
3.82184
3.82191
3.82197
3.82204
3.8221
3.82217
3.82223
3.8223
3.82236
3.82243
3.82249
3.82256
3.82263
3.82269
3.82276
3.82282
3.82289
3.82295
3.82302
3.82308
3.82315
3.82321
3.82328
3.82334
3.82341
3.82347
3.82354
3.8236
3.82367
3.82373
3.8238
3.82387
3.82393
3.824
3.82406
3.82413
3.82419
3.82426
3.82432
3.82439
3.82445
3.82452
3.82458
3.82465
3.82471
3.82478
3.82484
3.82491
3.82497
3.82504
3.8251
3.82517
3.82523
3.8253
3.82536
3.82543
3.82549
3.82556
3.82562
3.82569
3.82575
3.82582
3.82588
3.82595
3.82601
3.82607
3.82614
3.8262
3.82627
3.82633
3.8264
3.82646
3.82653
3.82659
3.82666
3.82672
3.82679
3.82685
3.82692
3.82698
3.82705
3.82711
3.82718
3.82724
3.8273
3.82737
3.82743
3.8275
3.82756
3.82763
3.82769
3.82776
3.82782
3.82789
3.82795
3.82802
3.82808
3.82814
3.82821
3.82827
3.82834
3.8284
3.82847
3.82853
3.8286
3.82866
3.82872
3.82879
3.82885
3.82892
3.82898
3.82905
3.82911
3.82918
3.82924
3.8293
3.82937
3.82943
3.8295
3.82956
3.82963
3.82969
3.82975
3.82982
3.82988
3.82995
3.83001
3.83008
3.83014
3.8302
3.83027
3.83033
3.8304
3.83046
3.83052
3.83059
3.83065
3.83072
3.83078
3.83085
3.83091
3.83097
3.83104
3.8311
3.83117
3.83123
3.83129
3.83136
3.83142
3.83149
3.83155
3.83161
3.83168
3.83174
3.83181
3.83187
3.83193
3.832
3.83206
3.83213
3.83219
3.83225
3.83232
3.83238
3.83245
3.83251
3.83257
3.83264
3.8327
3.83276
3.83283
3.83289
3.83296
3.83302
3.83308
3.83315
3.83321
3.83327
3.83334
3.8334
3.83347
3.83353
3.83359
3.83366
3.83372
3.83378
3.83385
3.83391
3.83398
3.83404
3.8341
3.83417
3.83423
3.83429
3.83436
3.83442
3.83448
3.83455
3.83461
3.83467
3.83474
3.8348
3.83487
3.83493
3.83499
3.83506
3.83512
3.83518
3.83525
3.83531
3.83537
3.83544
3.8355
3.83556
3.83563
3.83569
3.83575
3.83582
3.83588
3.83594
3.83601
3.83607
3.83613
3.8362
3.83626
3.83632
3.83639
3.83645
3.83651
3.83658
3.83664
3.8367
3.83677
3.83683
3.83689
3.83696
3.83702
3.83708
3.83715
3.83721
3.83727
3.83734
3.8374
3.83746
3.83753
3.83759
3.83765
3.83771
3.83778
3.83784
3.8379
3.83797
3.83803
3.83809
3.83816
3.83822
3.83828
3.83835
3.83841
3.83847
3.83853
3.8386
3.83866
3.83872
3.83879
3.83885
3.83891
3.83897
3.83904
3.8391
3.83916
3.83923
3.83929
3.83935
3.83942
3.83948
3.83954
3.8396
3.83967
3.83973
3.83979
3.83985
3.83992
3.83998
3.84004
3.84011
3.84017
3.84023
3.84029
3.84036
3.84042
3.84048
3.84055
3.84061
3.84067
3.84073
3.8408
3.84086
3.84092
3.84098
3.84105
3.84111
3.84117
3.84123
3.8413
3.84136
3.84142
3.84148
3.84155
3.84161
3.84167
3.84173
3.8418
3.84186
3.84192
3.84198
3.84205
3.84211
3.84217
3.84223
3.8423
3.84236
3.84242
3.84248
3.84255
3.84261
3.84267
3.84273
3.8428
3.84286
3.84292
3.84298
3.84305
3.84311
3.84317
3.84323
3.8433
3.84336
3.84342
3.84348
3.84354
3.84361
3.84367
3.84373
3.84379
3.84386
3.84392
3.84398
3.84404
3.8441
3.84417
3.84423
3.84429
3.84435
3.84442
3.84448
3.84454
3.8446
3.84466
3.84473
3.84479
3.84485
3.84491
3.84497
3.84504
3.8451
3.84516
3.84522
3.84528
3.84535
3.84541
3.84547
3.84553
3.84559
3.84566
3.84572
3.84578
3.84584
3.8459
3.84597
3.84603
3.84609
3.84615
3.84621
3.84628
3.84634
3.8464
3.84646
3.84652
3.84658
3.84665
3.84671
3.84677
3.84683
3.84689
3.84696
3.84702
3.84708
3.84714
3.8472
3.84726
3.84733
3.84739
3.84745
3.84751
3.84757
3.84763
3.8477
3.84776
3.84782
3.84788
3.84794
3.848
3.84807
3.84813
3.84819
3.84825
3.84831
3.84837
3.84844
3.8485
3.84856
3.84862
3.84868
3.84874
3.8488
3.84887
3.84893
3.84899
3.84905
3.84911
3.84917
3.84924
3.8493
3.84936
3.84942
3.84948
3.84954
3.8496
3.84967
3.84973
3.84979
3.84985
3.84991
3.84997
3.85003
3.85009
3.85016
3.85022
3.85028
3.85034
3.8504
3.85046
3.85052
3.85058
3.85065
3.85071
3.85077
3.85083
3.85089
3.85095
3.85101
3.85107
3.85114
3.8512
3.85126
3.85132
3.85138
3.85144
3.8515
3.85156
3.85163
3.85169
3.85175
3.85181
3.85187
3.85193
3.85199
3.85205
3.85211
3.85217
3.85224
3.8523
3.85236
3.85242
3.85248
3.85254
3.8526
3.85266
3.85272
3.85278
3.85285
3.85291
3.85297
3.85303
3.85309
3.85315
3.85321
3.85327
3.85333
3.85339
3.85345
3.85352
3.85358
3.85364
3.8537
3.85376
3.85382
3.85388
3.85394
3.854
3.85406
3.85412
3.85418
3.85425
3.85431
3.85437
3.85443
3.85449
3.85455
3.85461
3.85467
3.85473
3.85479
3.85485
3.85491
3.85497
3.85503
3.85509
3.85516
3.85522
3.85528
3.85534
3.8554
3.85546
3.85552
3.85558
3.85564
3.8557
3.85576
3.85582
3.85588
3.85594
3.856
3.85606
3.85612
3.85618
3.85625
3.85631
3.85637
3.85643
3.85649
3.85655
3.85661
3.85667
3.85673
3.85679
3.85685
3.85691
3.85697
3.85703
3.85709
3.85715
3.85721
3.85727
3.85733
3.85739
3.85745
3.85751
3.85757
3.85763
3.85769
3.85775
3.85781
3.85788
3.85794
3.858
3.85806
3.85812
3.85818
3.85824
3.8583
3.85836
3.85842
3.85848
3.85854
3.8586
3.85866
3.85872
3.85878
3.85884
3.8589
3.85896
3.85902
3.85908
3.85914
3.8592
3.85926
3.85932
3.85938
3.85944
3.8595
3.85956
3.85962
3.85968
3.85974
3.8598
3.85986
3.85992
3.85998
3.86004
3.8601
3.86016
3.86022
3.86028
3.86034
3.8604
3.86046
3.86052
3.86058
3.86064
3.8607
3.86076
3.86082
3.86088
3.86094
3.861
3.86106
3.86112
3.86118
3.86124
3.8613
3.86136
3.86141
3.86147
3.86153
3.86159
3.86165
3.86171
3.86177
3.86183
3.86189
3.86195
3.86201
3.86207
3.86213
3.86219
3.86225
3.86231
3.86237
3.86243
3.86249
3.86255
3.86261
3.86267
3.86273
3.86279
3.86285
3.86291
3.86297
3.86303
3.86308
3.86314
3.8632
3.86326
3.86332
3.86338
3.86344
3.8635
3.86356
3.86362
3.86368
3.86374
3.8638
3.86386
3.86392
3.86398
3.86404
3.8641
3.86415
3.86421
3.86427
3.86433
3.86439
3.86445
3.86451
3.86457
3.86463
3.86469
3.86475
3.86481
3.86487
3.86493
3.86499
3.86504
3.8651
3.86516
3.86522
3.86528
3.86534
3.8654
3.86546
3.86552
3.86558
3.86564
3.8657
3.86576
3.86581
3.86587
3.86593
3.86599
3.86605
3.86611
3.86617
3.86623
3.86629
3.86635
3.86641
3.86646
3.86652
3.86658
3.86664
3.8667
3.86676
3.86682
3.86688
3.86694
3.867
3.86705
3.86711
3.86717
3.86723
3.86729
3.86735
3.86741
3.86747
3.86753
3.86759
3.86764
3.8677
3.86776
3.86782
3.86788
3.86794
3.868
3.86806
3.86812
3.86817
3.86823
3.86829
3.86835
3.86841
3.86847
3.86853
3.86859
3.86864
3.8687
3.86876
3.86882
3.86888
3.86894
3.869
3.86906
3.86911
3.86917
3.86923
3.86929
3.86935
3.86941
3.86947
3.86953
3.86958
3.86964
3.8697
3.86976
3.86982
3.86988
3.86994
3.86999
3.87005
3.87011
3.87017
3.87023
3.87029
3.87035
3.8704
3.87046
3.87052
3.87058
3.87064
3.8707
3.87075
3.87081
3.87087
3.87093
3.87099
3.87105
3.87111
3.87116
3.87122
3.87128
3.87134
3.8714
3.87146
3.87151
3.87157
3.87163
3.87169
3.87175
3.87181
3.87186
3.87192
3.87198
3.87204
3.8721
3.87216
3.87221
3.87227
3.87233
3.87239
3.87245
3.87251
3.87256
3.87262
3.87268
3.87274
3.8728
3.87286
3.87291
3.87297
3.87303
3.87309
3.87315
3.8732
3.87326
3.87332
3.87338
3.87344
3.87349
3.87355
3.87361
3.87367
3.87373
3.87379
3.87384
3.8739
3.87396
3.87402
3.87408
3.87413
3.87419
3.87425
3.87431
3.87437
3.87442
3.87448
3.87454
3.8746
3.87466
3.87471
3.87477
3.87483
3.87489
3.87495
3.875
3.87506
3.87512
3.87518
3.87523
3.87529
3.87535
3.87541
3.87547
3.87552
3.87558
3.87564
3.8757
3.87576
3.87581
3.87587
3.87593
3.87599
3.87604
3.8761
3.87616
3.87622
3.87628
3.87633
3.87639
3.87645
3.87651
3.87656
3.87662
3.87668
3.87674
3.87679
3.87685
3.87691
3.87697
3.87703
3.87708
3.87714
3.8772
3.87726
3.87731
3.87737
3.87743
3.87749
3.87754
3.8776
3.87766
3.87772
3.87777
3.87783
3.87789
3.87795
3.878
3.87806
3.87812
3.87818
3.87823
3.87829
3.87835
3.87841
3.87846
3.87852
3.87858
3.87864
3.87869
3.87875
3.87881
3.87887
3.87892
3.87898
3.87904
3.8791
3.87915
3.87921
3.87927
3.87933
3.87938
3.87944
3.8795
3.87955
3.87961
3.87967
3.87973
3.87978
3.87984
3.8799
3.87996
3.88001
3.88007
3.88013
3.88018
3.88024
3.8803
3.88036
3.88041
3.88047
3.88053
3.88058
3.88064
3.8807
3.88076
3.88081
3.88087
3.88093
3.88098
3.88104
3.8811
3.88116
3.88121
3.88127
3.88133
3.88138
3.88144
3.8815
3.88156
3.88161
3.88167
3.88173
3.88178
3.88184
3.8819
3.88195
3.88201
3.88207
3.88213
3.88218
3.88224
3.8823
3.88235
3.88241
3.88247
3.88252
3.88258
3.88264
3.8827
3.88275
3.88281
3.88287
3.88292
3.88298
3.88304
3.88309
3.88315
3.88321
3.88326
3.88332
3.88338
3.88343
3.88349
3.88355
3.8836
3.88366
3.88372
3.88377
3.88383
3.88389
3.88395
3.884
3.88406
3.88412
3.88417
3.88423
3.88429
3.88434
3.8844
3.88446
3.88451
3.88457
3.88463
3.88468
3.88474
3.8848
3.88485
3.88491
3.88497
3.88502
3.88508
3.88513
3.88519
3.88525
3.8853
3.88536
3.88542
3.88547
3.88553
3.88559
3.88564
3.8857
3.88576
3.88581
3.88587
3.88593
3.88598
3.88604
3.8861
3.88615
3.88621
3.88627
3.88632
3.88638
3.88643
3.88649
3.88655
3.8866
3.88666
3.88672
3.88677
3.88683
3.88689
3.88694
3.887
3.88705
3.88711
3.88717
3.88722
3.88728
3.88734
3.88739
3.88745
3.8875
3.88756
3.88762
3.88767
3.88773
3.88779
3.88784
3.8879
3.88795
3.88801
3.88807
3.88812
3.88818
3.88824
3.88829
3.88835
3.8884
3.88846
3.88852
3.88857
3.88863
3.88868
3.88874
3.8888
3.88885
3.88891
3.88897
3.88902
3.88908
3.88913
3.88919
3.88925
3.8893
3.88936
3.88941
3.88947
3.88953
3.88958
3.88964
3.88969
3.88975
3.88981
3.88986
3.88992
3.88997
3.89003
3.89009
3.89014
3.8902
3.89025
3.89031
3.89037
3.89042
3.89048
3.89053
3.89059
3.89064
3.8907
3.89076
3.89081
3.89087
3.89092
3.89098
3.89104
3.89109
3.89115
3.8912
3.89126
3.89131
3.89137
3.89143
3.89148
3.89154
3.89159
3.89165
3.8917
3.89176
3.89182
3.89187
3.89193
3.89198
3.89204
3.89209
3.89215
3.89221
3.89226
3.89232
3.89237
3.89243
3.89248
3.89254
3.8926
3.89265
3.89271
3.89276
3.89282
3.89287
3.89293
3.89298
3.89304
3.8931
3.89315
3.89321
3.89326
3.89332
3.89337
3.89343
3.89348
3.89354
3.8936
3.89365
3.89371
3.89376
3.89382
3.89387
3.89393
3.89398
3.89404
3.89409
3.89415
3.89421
3.89426
3.89432
3.89437
3.89443
3.89448
3.89454
3.89459
3.89465
3.8947
3.89476
3.89481
3.89487
3.89492
3.89498
3.89504
3.89509
3.89515
3.8952
3.89526
3.89531
3.89537
3.89542
3.89548
3.89553
3.89559
3.89564
3.8957
3.89575
3.89581
3.89586
3.89592
3.89597
3.89603
3.89609
3.89614
3.8962
3.89625
3.89631
3.89636
3.89642
3.89647
3.89653
3.89658
3.89664
3.89669
3.89675
3.8968
3.89686
3.89691
3.89697
3.89702
3.89708
3.89713
3.89719
3.89724
3.8973
3.89735
3.89741
3.89746
3.89752
3.89757
3.89763
3.89768
3.89774
3.89779
3.89785
3.8979
3.89796
3.89801
3.89807
3.89812
3.89818
3.89823
3.89829
3.89834
3.8984
3.89845
3.89851
3.89856
3.89862
3.89867
3.89873
3.89878
3.89883
3.89889
3.89894
3.899
3.89905
3.89911
3.89916
3.89922
3.89927
3.89933
3.89938
3.89944
3.89949
3.89955
3.8996
3.89966
3.89971
3.89977
3.89982
3.89988
3.89993
3.89998
3.90004
3.90009
3.90015
3.9002
3.90026
3.90031
3.90037
3.90042
3.90048
3.90053
3.90059
3.90064
3.90069
3.90075
3.9008
3.90086
3.90091
3.90097
3.90102
3.90108
3.90113
3.90119
3.90124
3.90129
3.90135
3.9014
3.90146
3.90151
3.90157
3.90162
3.90168
3.90173
3.90179
3.90184
3.90189
3.90195
3.902
3.90206
3.90211
3.90217
3.90222
3.90227
3.90233
3.90238
3.90244
3.90249
3.90255
3.9026
3.90266
3.90271
3.90276
3.90282
3.90287
3.90293
3.90298
3.90304
3.90309
3.90314
3.9032
3.90325
3.90331
3.90336
3.90342
3.90347
3.90352
3.90358
3.90363
3.90369
3.90374
3.9038
3.90385
3.9039
3.90396
3.90401
3.90407
3.90412
3.90417
3.90423
3.90428
3.90434
3.90439
3.90445
3.9045
3.90455
3.90461
3.90466
3.90472
3.90477
3.90482
3.90488
3.90493
3.90499
3.90504
3.90509
3.90515
3.9052
3.90526
3.90531
3.90536
3.90542
3.90547
3.90553
3.90558
3.90563
3.90569
3.90574
3.9058
3.90585
3.9059
3.90596
3.90601
3.90607
3.90612
3.90617
3.90623
3.90628
3.90634
3.90639
3.90644
3.9065
3.90655
3.9066
3.90666
3.90671
3.90677
3.90682
3.90687
3.90693
3.90698
3.90703
3.90709
3.90714
3.9072
3.90725
3.9073
3.90736
3.90741
3.90747
3.90752
3.90757
3.90763
3.90768
3.90773
3.90779
3.90784
3.90789
3.90795
3.908
3.90806
3.90811
3.90816
3.90822
3.90827
3.90832
3.90838
3.90843
3.90849
3.90854
3.90859
3.90865
3.9087
3.90875
3.90881
3.90886
3.90891
3.90897
3.90902
3.90907
3.90913
3.90918
3.90924
3.90929
3.90934
3.9094
3.90945
3.9095
3.90956
3.90961
3.90966
3.90972
3.90977
3.90982
3.90988
3.90993
3.90998
3.91004
3.91009
3.91014
3.9102
3.91025
3.9103
3.91036
3.91041
3.91046
3.91052
3.91057
3.91062
3.91068
3.91073
3.91078
3.91084
3.91089
3.91094
3.911
3.91105
3.9111
3.91116
3.91121
3.91126
3.91132
3.91137
3.91142
3.91148
3.91153
3.91158
3.91164
3.91169
3.91174
3.9118
3.91185
3.9119
3.91196
3.91201
3.91206
3.91212
3.91217
3.91222
3.91228
3.91233
3.91238
3.91243
3.91249
3.91254
3.91259
3.91265
3.9127
3.91275
3.91281
3.91286
3.91291
3.91297
3.91302
3.91307
3.91312
3.91318
3.91323
3.91328
3.91334
3.91339
3.91344
3.9135
3.91355
3.9136
3.91365
3.91371
3.91376
3.91381
3.91387
3.91392
3.91397
3.91403
3.91408
3.91413
3.91418
3.91424
3.91429
3.91434
3.9144
3.91445
3.9145
3.91455
3.91461
3.91466
3.91471
3.91477
3.91482
3.91487
3.91492
3.91498
3.91503
3.91508
3.91514
3.91519
3.91524
3.91529
3.91535
3.9154
3.91545
3.91551
3.91556
3.91561
3.91566
3.91572
3.91577
3.91582
3.91587
3.91593
3.91598
3.91603
3.91609
3.91614
3.91619
3.91624
3.9163
3.91635
3.9164
3.91645
3.91651
3.91656
3.91661
3.91666
3.91672
3.91677
3.91682
3.91687
3.91693
3.91698
3.91703
3.91709
3.91714
3.91719
3.91724
3.9173
3.91735
3.9174
3.91745
3.91751
3.91756
3.91761
3.91766
3.91772
3.91777
3.91782
3.91787
3.91793
3.91798
3.91803
3.91808
3.91814
3.91819
3.91824
3.91829
3.91834
3.9184
3.91845
3.9185
3.91855
3.91861
3.91866
3.91871
3.91876
3.91882
3.91887
3.91892
3.91897
3.91903
3.91908
3.91913
3.91918
3.91924
3.91929
3.91934
3.91939
3.91944
3.9195
3.91955
3.9196
3.91965
3.91971
3.91976
3.91981
3.91986
3.91991
3.91997
3.92002
3.92007
3.92012
3.92018
3.92023
3.92028
3.92033
3.92038
3.92044
3.92049
3.92054
3.92059
3.92065
3.9207
3.92075
3.9208
3.92085
3.92091
3.92096
3.92101
3.92106
3.92111
3.92117
3.92122
3.92127
3.92132
3.92137
3.92143
3.92148
3.92153
3.92158
3.92163
3.92169
3.92174
3.92179
3.92184
3.92189
3.92195
3.922
3.92205
3.9221
3.92215
3.92221
3.92226
3.92231
3.92236
3.92241
3.92247
3.92252
3.92257
3.92262
3.92267
3.92273
3.92278
3.92283
3.92288
3.92293
3.92298
3.92304
3.92309
3.92314
3.92319
3.92324
3.9233
3.92335
3.9234
3.92345
3.9235
3.92355
3.92361
3.92366
3.92371
3.92376
3.92381
3.92387
3.92392
3.92397
3.92402
3.92407
3.92412
3.92418
3.92423
3.92428
3.92433
3.92438
3.92443
3.92449
3.92454
3.92459
3.92464
3.92469
3.92474
3.9248
3.92485
3.9249
3.92495
3.925
3.92505
3.92511
3.92516
3.92521
3.92526
3.92531
3.92536
3.92542
3.92547
3.92552
3.92557
3.92562
3.92567
3.92572
3.92578
3.92583
3.92588
3.92593
3.92598
3.92603
3.92609
3.92614
3.92619
3.92624
3.92629
3.92634
3.92639
3.92645
3.9265
3.92655
3.9266
3.92665
3.9267
3.92675
3.92681
3.92686
3.92691
3.92696
3.92701
3.92706
3.92711
3.92716
3.92722
3.92727
3.92732
3.92737
3.92742
3.92747
3.92752
3.92758
3.92763
3.92768
3.92773
3.92778
3.92783
3.92788
3.92793
3.92799
3.92804
3.92809
3.92814
3.92819
3.92824
3.92829
3.92834
3.9284
3.92845
3.9285
3.92855
3.9286
3.92865
3.9287
3.92875
3.92881
3.92886
3.92891
3.92896
3.92901
3.92906
3.92911
3.92916
3.92921
3.92927
3.92932
3.92937
3.92942
3.92947
3.92952
3.92957
3.92962
3.92967
3.92973
3.92978
3.92983
3.92988
3.92993
3.92998
3.93003
3.93008
3.93013
3.93018
3.93024
3.93029
3.93034
3.93039
3.93044
3.93049
3.93054
3.93059
3.93064
3.93069
3.93075
3.9308
3.93085
3.9309
3.93095
3.931
3.93105
3.9311
3.93115
3.9312
3.93125
3.93131
3.93136
3.93141
3.93146
3.93151
3.93156
3.93161
3.93166
3.93171
3.93176
3.93181
3.93186
3.93192
3.93197
3.93202
3.93207
3.93212
3.93217
3.93222
3.93227
3.93232
3.93237
3.93242
3.93247
3.93252
3.93258
3.93263
3.93268
3.93273
3.93278
3.93283
3.93288
3.93293
3.93298
3.93303
3.93308
3.93313
3.93318
3.93323
3.93328
3.93334
3.93339
3.93344
3.93349
3.93354
3.93359
3.93364
3.93369
3.93374
3.93379
3.93384
3.93389
3.93394
3.93399
3.93404
3.93409
3.93414
3.9342
3.93425
3.9343
3.93435
3.9344
3.93445
3.9345
3.93455
3.9346
3.93465
3.9347
3.93475
3.9348
3.93485
3.9349
3.93495
3.935
3.93505
3.9351
3.93515
3.9352
3.93526
3.93531
3.93536
3.93541
3.93546
3.93551
3.93556
3.93561
3.93566
3.93571
3.93576
3.93581
3.93586
3.93591
3.93596
3.93601
3.93606
3.93611
3.93616
3.93621
3.93626
3.93631
3.93636
3.93641
3.93646
3.93651
3.93656
3.93661
3.93666
3.93671
3.93676
3.93682
3.93687
3.93692
3.93697
3.93702
3.93707
3.93712
3.93717
3.93722
3.93727
3.93732
3.93737
3.93742
3.93747
3.93752
3.93757
3.93762
3.93767
3.93772
3.93777
3.93782
3.93787
3.93792
3.93797
3.93802
3.93807
3.93812
3.93817
3.93822
3.93827
3.93832
3.93837
3.93842
3.93847
3.93852
3.93857
3.93862
3.93867
3.93872
3.93877
3.93882
3.93887
3.93892
3.93897
3.93902
3.93907
3.93912
3.93917
3.93922
3.93927
3.93932
3.93937
3.93942
3.93947
3.93952
3.93957
3.93962
3.93967
3.93972
3.93977
3.93982
3.93987
3.93992
3.93997
3.94002
3.94007
3.94012
3.94017
3.94022
3.94027
3.94032
3.94037
3.94042
3.94047
3.94052
3.94057
3.94062
3.94067
3.94072
3.94077
3.94082
3.94086
3.94091
3.94096
3.94101
3.94106
3.94111
3.94116
3.94121
3.94126
3.94131
3.94136
3.94141
3.94146
3.94151
3.94156
3.94161
3.94166
3.94171
3.94176
3.94181
3.94186
3.94191
3.94196
3.94201
3.94206
3.94211
3.94216
3.94221
3.94226
3.94231
3.94236
3.9424
3.94245
3.9425
3.94255
3.9426
3.94265
3.9427
3.94275
3.9428
3.94285
3.9429
3.94295
3.943
3.94305
3.9431
3.94315
3.9432
3.94325
3.9433
3.94335
3.9434
3.94345
3.94349
3.94354
3.94359
3.94364
3.94369
3.94374
3.94379
3.94384
3.94389
3.94394
3.94399
3.94404
3.94409
3.94414
3.94419
3.94424
3.94429
3.94433
3.94438
3.94443
3.94448
3.94453
3.94458
3.94463
3.94468
3.94473
3.94478
3.94483
3.94488
3.94493
3.94498
3.94503
3.94507
3.94512
3.94517
3.94522
3.94527
3.94532
3.94537
3.94542
3.94547
3.94552
3.94557
3.94562
3.94567
3.94571
3.94576
3.94581
3.94586
3.94591
3.94596
3.94601
3.94606
3.94611
3.94616
3.94621
3.94626
3.9463
3.94635
3.9464
3.94645
3.9465
3.94655
3.9466
3.94665
3.9467
3.94675
3.9468
3.94685
3.94689
3.94694
3.94699
3.94704
3.94709
3.94714
3.94719
3.94724
3.94729
3.94734
3.94738
3.94743
3.94748
3.94753
3.94758
3.94763
3.94768
3.94773
3.94778
3.94783
3.94787
3.94792
3.94797
3.94802
3.94807
3.94812
3.94817
3.94822
3.94827
3.94832
3.94836
3.94841
3.94846
3.94851
3.94856
3.94861
3.94866
3.94871
3.94876
3.9488
3.94885
3.9489
3.94895
3.949
3.94905
3.9491
3.94915
3.94919
3.94924
3.94929
3.94934
3.94939
3.94944
3.94949
3.94954
3.94959
3.94963
3.94968
3.94973
3.94978
3.94983
3.94988
3.94993
3.94998
3.95002
3.95007
3.95012
3.95017
3.95022
3.95027
3.95032
3.95036
3.95041
3.95046
3.95051
3.95056
3.95061
3.95066
3.95071
3.95075
3.9508
3.95085
3.9509
3.95095
3.951
3.95105
3.95109
3.95114
3.95119
3.95124
3.95129
3.95134
3.95139
3.95143
3.95148
3.95153
3.95158
3.95163
3.95168
3.95173
3.95177
3.95182
3.95187
3.95192
3.95197
3.95202
3.95207
3.95211
3.95216
3.95221
3.95226
3.95231
3.95236
3.9524
3.95245
3.9525
3.95255
3.9526
3.95265
3.9527
3.95274
3.95279
3.95284
3.95289
3.95294
3.95299
3.95303
3.95308
3.95313
3.95318
3.95323
3.95328
3.95332
3.95337
3.95342
3.95347
3.95352
3.95357
3.95361
3.95366
3.95371
3.95376
3.95381
3.95386
3.9539
3.95395
3.954
3.95405
3.9541
3.95415
3.95419
3.95424
3.95429
3.95434
3.95439
3.95444
3.95448
3.95453
3.95458
3.95463
3.95468
3.95472
3.95477
3.95482
3.95487
3.95492
3.95497
3.95501
3.95506
3.95511
3.95516
3.95521
3.95525
3.9553
3.95535
3.9554
3.95545
3.9555
3.95554
3.95559
3.95564
3.95569
3.95574
3.95578
3.95583
3.95588
3.95593
3.95598
3.95602
3.95607
3.95612
3.95617
3.95622
3.95626
3.95631
3.95636
3.95641
3.95646
3.9565
3.95655
3.9566
3.95665
3.9567
3.95674
3.95679
3.95684
3.95689
3.95694
3.95698
3.95703
3.95708
3.95713
3.95718
3.95722
3.95727
3.95732
3.95737
3.95742
3.95746
3.95751
3.95756
3.95761
3.95766
3.9577
3.95775
3.9578
3.95785
3.95789
3.95794
3.95799
3.95804
3.95809
3.95813
3.95818
3.95823
3.95828
3.95832
3.95837
3.95842
3.95847
3.95852
3.95856
3.95861
3.95866
3.95871
3.95875
3.9588
3.95885
3.9589
3.95895
3.95899
3.95904
3.95909
3.95914
3.95918
3.95923
3.95928
3.95933
3.95938
3.95942
3.95947
3.95952
3.95957
3.95961
3.95966
3.95971
3.95976
3.9598
3.95985
3.9599
3.95995
3.95999
3.96004
3.96009
3.96014
3.96019
3.96023
3.96028
3.96033
3.96038
3.96042
3.96047
3.96052
3.96057
3.96061
3.96066
3.96071
3.96076
3.9608
3.96085
3.9609
3.96095
3.96099
3.96104
3.96109
3.96114
3.96118
3.96123
3.96128
3.96133
3.96137
3.96142
3.96147
3.96152
3.96156
3.96161
3.96166
3.96171
3.96175
3.9618
3.96185
3.9619
3.96194
3.96199
3.96204
3.96209
3.96213
3.96218
3.96223
3.96227
3.96232
3.96237
3.96242
3.96246
3.96251
3.96256
3.96261
3.96265
3.9627
3.96275
3.9628
3.96284
3.96289
3.96294
3.96298
3.96303
3.96308
3.96313
3.96317
3.96322
3.96327
3.96332
3.96336
3.96341
3.96346
3.9635
3.96355
3.9636
3.96365
3.96369
3.96374
3.96379
3.96384
3.96388
3.96393
3.96398
3.96402
3.96407
3.96412
3.96417
3.96421
3.96426
3.96431
3.96435
3.9644
3.96445
3.9645
3.96454
3.96459
3.96464
3.96468
3.96473
3.96478
3.96483
3.96487
3.96492
3.96497
3.96501
3.96506
3.96511
3.96515
3.9652
3.96525
3.9653
3.96534
3.96539
3.96544
3.96548
3.96553
3.96558
3.96562
3.96567
3.96572
3.96577
3.96581
3.96586
3.96591
3.96595
3.966
3.96605
3.96609
3.96614
3.96619
3.96624
3.96628
3.96633
3.96638
3.96642
3.96647
3.96652
3.96656
3.96661
3.96666
3.9667
3.96675
3.9668
3.96685
3.96689
3.96694
3.96699
3.96703
3.96708
3.96713
3.96717
3.96722
3.96727
3.96731
3.96736
3.96741
3.96745
3.9675
3.96755
3.96759
3.96764
3.96769
3.96774
3.96778
3.96783
3.96788
3.96792
3.96797
3.96802
3.96806
3.96811
3.96816
3.9682
3.96825
3.9683
3.96834
3.96839
3.96844
3.96848
3.96853
3.96858
3.96862
3.96867
3.96872
3.96876
3.96881
3.96886
3.9689
3.96895
3.969
3.96904
3.96909
3.96914
3.96918
3.96923
3.96928
3.96932
3.96937
3.96942
3.96946
3.96951
3.96956
3.9696
3.96965
3.9697
3.96974
3.96979
3.96984
3.96988
3.96993
3.96997
3.97002
3.97007
3.97011
3.97016
3.97021
3.97025
3.9703
3.97035
3.97039
3.97044
3.97049
3.97053
3.97058
3.97063
3.97067
3.97072
3.97077
3.97081
3.97086
3.9709
3.97095
3.971
3.97104
3.97109
3.97114
3.97118
3.97123
3.97128
3.97132
3.97137
3.97142
3.97146
3.97151
3.97155
3.9716
3.97165
3.97169
3.97174
3.97179
3.97183
3.97188
3.97192
3.97197
3.97202
3.97206
3.97211
3.97216
3.9722
3.97225
3.9723
3.97234
3.97239
3.97243
3.97248
3.97253
3.97257
3.97262
3.97267
3.97271
3.97276
3.9728
3.97285
3.9729
3.97294
3.97299
3.97304
3.97308
3.97313
3.97317
3.97322
3.97327
3.97331
3.97336
3.9734
3.97345
3.9735
3.97354
3.97359
3.97364
3.97368
3.97373
3.97377
3.97382
3.97387
3.97391
3.97396
3.974
3.97405
3.9741
3.97414
3.97419
3.97424
3.97428
3.97433
3.97437
3.97442
3.97447
3.97451
3.97456
3.9746
3.97465
3.9747
3.97474
3.97479
3.97483
3.97488
3.97493
3.97497
3.97502
3.97506
3.97511
3.97516
3.9752
3.97525
3.97529
3.97534
3.97539
3.97543
3.97548
3.97552
3.97557
3.97562
3.97566
3.97571
3.97575
3.9758
3.97585
3.97589
3.97594
3.97598
3.97603
3.97607
3.97612
3.97617
3.97621
3.97626
3.9763
3.97635
3.9764
3.97644
3.97649
3.97653
3.97658
3.97663
3.97667
3.97672
3.97676
3.97681
3.97685
3.9769
3.97695
3.97699
3.97704
3.97708
3.97713
3.97717
3.97722
3.97727
3.97731
3.97736
3.9774
3.97745
3.97749
3.97754
3.97759
3.97763
3.97768
3.97772
3.97777
3.97782
3.97786
3.97791
3.97795
3.978
3.97804
3.97809
3.97813
3.97818
3.97823
3.97827
3.97832
3.97836
3.97841
3.97845
3.9785
3.97855
3.97859
3.97864
3.97868
3.97873
3.97877
3.97882
3.97886
3.97891
3.97896
3.979
3.97905
3.97909
3.97914
3.97918
3.97923
3.97928
3.97932
3.97937
3.97941
3.97946
3.9795
3.97955
3.97959
3.97964
3.97968
3.97973
3.97978
3.97982
3.97987
3.97991
3.97996
3.98
3.98005
3.98009
3.98014
3.98019
3.98023
3.98028
3.98032
3.98037
3.98041
3.98046
3.9805
3.98055
3.98059
3.98064
3.98068
3.98073
3.98078
3.98082
3.98087
3.98091
3.98096
3.981
3.98105
3.98109
3.98114
3.98118
3.98123
3.98127
3.98132
3.98137
3.98141
3.98146
3.9815
3.98155
3.98159
3.98164
3.98168
3.98173
3.98177
3.98182
3.98186
3.98191
3.98195
3.982
3.98204
3.98209
3.98214
3.98218
3.98223
3.98227
3.98232
3.98236
3.98241
3.98245
3.9825
3.98254
3.98259
3.98263
3.98268
3.98272
3.98277
3.98281
3.98286
3.9829
3.98295
3.98299
3.98304
3.98308
3.98313
3.98318
3.98322
3.98327
3.98331
3.98336
3.9834
3.98345
3.98349
3.98354
3.98358
3.98363
3.98367
3.98372
3.98376
3.98381
3.98385
3.9839
3.98394
3.98399
3.98403
3.98408
3.98412
3.98417
3.98421
3.98426
3.9843
3.98435
3.98439
3.98444
3.98448
3.98453
3.98457
3.98462
3.98466
3.98471
3.98475
3.9848
3.98484
3.98489
3.98493
3.98498
3.98502
3.98507
3.98511
3.98516
3.9852
3.98525
3.98529
3.98534
3.98538
3.98543
3.98547
3.98552
3.98556
3.98561
3.98565
3.9857
3.98574
3.98579
3.98583
3.98588
3.98592
3.98597
3.98601
3.98605
3.9861
3.98614
3.98619
3.98623
3.98628
3.98632
3.98637
3.98641
3.98646
3.9865
3.98655
3.98659
3.98664
3.98668
3.98673
3.98677
3.98682
3.98686
3.98691
3.98695
3.987
3.98704
3.98709
3.98713
3.98717
3.98722
3.98726
3.98731
3.98735
3.9874
3.98744
3.98749
3.98753
3.98758
3.98762
3.98767
3.98771
3.98776
3.9878
3.98784
3.98789
3.98793
3.98798
3.98802
3.98807
3.98811
3.98816
3.9882
3.98825
3.98829
3.98834
3.98838
3.98843
3.98847
3.98851
3.98856
3.9886
3.98865
3.98869
3.98874
3.98878
3.98883
3.98887
3.98892
3.98896
3.989
3.98905
3.98909
3.98914
3.98918
3.98923
3.98927
3.98932
3.98936
3.98941
3.98945
3.98949
3.98954
3.98958
3.98963
3.98967
3.98972
3.98976
3.98981
3.98985
3.98989
3.98994
3.98998
3.99003
3.99007
3.99012
3.99016
3.99021
3.99025
3.99029
3.99034
3.99038
3.99043
3.99047
3.99052
3.99056
3.99061
3.99065
3.99069
3.99074
3.99078
3.99083
3.99087
3.99092
3.99096
3.991
3.99105
3.99109
3.99114
3.99118
3.99123
3.99127
3.99131
3.99136
3.9914
3.99145
3.99149
3.99154
3.99158
3.99162
3.99167
3.99171
3.99176
3.9918
3.99185
3.99189
3.99193
3.99198
3.99202
3.99207
3.99211
3.99216
3.9922
3.99224
3.99229
3.99233
3.99238
3.99242
3.99247
3.99251
3.99255
3.9926
3.99264
3.99269
3.99273
3.99277
3.99282
3.99286
3.99291
3.99295
3.993
3.99304
3.99308
3.99313
3.99317
3.99322
3.99326
3.9933
3.99335
3.99339
3.99344
3.99348
3.99352
3.99357
3.99361
3.99366
3.9937
3.99374
3.99379
3.99383
3.99388
3.99392
3.99396
3.99401
3.99405
3.9941
3.99414
3.99419
3.99423
3.99427
3.99432
3.99436
3.99441
3.99445
3.99449
3.99454
3.99458
3.99463
3.99467
3.99471
3.99476
3.9948
3.99484
3.99489
3.99493
3.99498
3.99502
3.99506
3.99511
3.99515
3.9952
3.99524
3.99528
3.99533
3.99537
3.99542
3.99546
3.9955
3.99555
3.99559
3.99564
3.99568
3.99572
3.99577
3.99581
3.99585
3.9959
3.99594
3.99599
3.99603
3.99607
3.99612
3.99616
3.99621
3.99625
3.99629
3.99634
3.99638
3.99642
3.99647
3.99651
3.99656
3.9966
3.99664
3.99669
3.99673
3.99677
3.99682
3.99686
3.99691
3.99695
3.99699
3.99704
3.99708
3.99712
3.99717
3.99721
3.99726
3.9973
3.99734
3.99739
3.99743
3.99747
3.99752
3.99756
3.9976
3.99765
3.99769
3.99774
3.99778
3.99782
3.99787
3.99791
3.99795
3.998
3.99804
3.99808
3.99813
3.99817
3.99822
3.99826
3.9983
3.99835
3.99839
3.99843
3.99848
3.99852
3.99856
3.99861
3.99865
3.9987
3.99874
3.99878
3.99883
3.99887
3.99891
3.99896
3.999
3.99904
3.99909
3.99913
3.99917
3.99922
3.99926
3.9993
3.99935
3.99939
3.99944
3.99948
3.99952
3.99957
3.99961
3.99965
3.9997
3.99974
3.99978
3.99983
3.99987
3.99991
3.99996
