0.0001
-3.67076e-07
1.65443e-07
2.92103e-06
2.37196e-07
8.43856e-07
-1.17904e-06
-7.70826e-07
1.20437e-08
1.91517e-07
1.40995e-06
-9.64178e-08
1.0382e-07
6.38744e-07
-5.56732e-07
7.90234e-07
-4.74164e-07
7.08715e-07
-3.22415e-08
-1.08924e-06
2.1478e-06
-2.71348e-07
-1.76701e-06
1.50111e-06
-4.71257e-07
-7.36769e-09
-4.80817e-07
-5.53322e-07
1.10606e-06
-1.37958e-06
-6.50235e-07
1.12618e-07
3.25193e-07
-1.59951e-06
1.68834e-07
9.54834e-07
-1.3539e-06
-3.82788e-07
-1.37017e-06
2.97646e-07
-4.25168e-07
1.69182e-06
-2.27393e-07
9.43858e-07
-8.66149e-07
5.53858e-07
-3.44775e-07
-1.4136e-06
8.60515e-08
1.13045e-06
-8.53023e-07
1.50113e-06
1.34933e-06
9.94989e-07
6.01451e-07
3.88743e-07
1.67104e-07
-4.97428e-07
1.81116e-06
-7.41947e-07
-1.0703e-06
-1.42075e-07
-3.15526e-07
1.19459e-06
3.40362e-07
-1.28555e-06
1.90881e-06
4.84207e-07
-6.36154e-07
1.24835e-06
5.23466e-08
4.54429e-07
-1.97621e-08
-2.50564e-07
-7.47997e-07
-3.90111e-07
-6.22558e-07
1.26202e-07
-1.23525e-06
-2.29068e-07
1.19342e-07
1.19677e-06
-3.74549e-07
7.84366e-07
1.09869e-06
-8.05165e-07
7.7476e-07
-1.72119e-07
-6.49557e-07
-1.42898e-06
7.34927e-07
4.542e-07
-3.37121e-07
-1.66794e-06
-2.87848e-07
-5.179e-07
7.82924e-07
-4.61412e-08
-1.16526e-06
-2.46143e-06
6.1764e-07
-1.15268e-07
1.84227e-07
2.02919e-07
-6.96276e-07
-5.37722e-07
1.2908e-06
8.81534e-07
-1.39343e-06
1.02126e-06
-8.05604e-07
-6.51835e-07
1.50831e-06
-1.49156e-06
1.459e-06
-1.28447e-06
2.66099e-06
8.33171e-07
-6.27393e-07
-6.99016e-07
-1.59393e-06
-1.1529e-06
3.48352e-07
6.03917e-07
-1.53924e-06
1.68074e-06
-4.91718e-07
-2.38194e-08
-7.98391e-08
-7.85538e-08
4.37845e-07
4.47386e-07
8.92705e-07
3.71316e-07
9.40622e-08
1.21522e-06
-6.47758e-07
1.07482e-06
6.59779e-07
-8.78797e-07
2.53286e-06
-1.14361e-06
2.1682e-07
3.16902e-07
-5.82351e-07
1.36638e-06
-2.93033e-07
-1.10638e-06
-1.48368e-07
6.2207e-07
9.75099e-07
9.75284e-07
-1.81999e-06
-8.98177e-07
2.12209e-07
-1.08429e-06
1.07112e-06
2.22353e-06
-9.64634e-07
1.65474e-06
-2.23409e-07
-1.1255e-06
5.14974e-07
-1.28578e-06
9.76863e-07
7.07474e-08
-6.63234e-07
8.2591e-07
-5.34838e-07
-1.72498e-06
1.68239e-06
1.51909e-06
7.87767e-07
9.84092e-07
1.70844e-06
-7.59897e-07
6.52839e-07
-9.53618e-07
-2.92868e-07
-8.26774e-07
7.96223e-07
-1.29048e-06
2.31111e-06
6.66703e-07
-1.7273e-06
6.29313e-07
-2.36705e-08
1.23289e-08
7.41973e-07
1.37368e-07
1.35051e-07
-6.1988e-07
-1.91904e-07
1.63415e-06
-8.01298e-07
-7.23579e-07
5.87321e-07
8.1087e-07
5.68619e-07
6.89262e-07
-4.66563e-07
9.52117e-07
1.23188e-06
-5.23139e-07
1.44385e-06
-1.3096e-06
2.10931e-07
-1.49723e-07
-7.0839e-08
1.22905e-06
1.67981e-07
-2.98778e-08
-1.93247e-06
8.1311e-08
2.91584e-06
1.17222e-07
-1.27194e-06
4.10678e-07
-4.5516e-08
1.0196e-06
-2.48978e-07
1.98176e-06
2.00438e-06
1.94886e-06
3.5068e-07
1.43241e-06
1.17105e-06
-1.23407e-06
7.26944e-07
2.97517e-07
7.76813e-07
1.08665e-06
1.45066e-06
1.08158e-06
-9.10754e-07
-1.41864e-07
8.57716e-07
9.80121e-07
2.02953e-06
5.43261e-07
2.03225e-06
-7.63169e-07
1.24613e-07
-6.1745e-07
-7.17123e-07
9.71557e-07
5.04318e-07
7.21661e-07
-3.57529e-07
4.18063e-07
1.26504e-07
1.56687e-06
1.18621e-06
1.4348e-07
-1.0548e-06
2.03811e-06
6.71876e-07
7.26633e-07
-2.3283e-07
7.93881e-08
8.41417e-08
-1.81733e-06
-5.67833e-07
6.84253e-07
7.80971e-07
-2.01071e-07
1.33464e-06
2.71557e-06
1.33404e-06
-2.61956e-07
7.01869e-07
-1.43325e-07
7.06428e-07
1.22202e-06
-1.8815e-06
1.70388e-06
1.19591e-06
-1.21245e-06
1.08053e-06
5.76917e-07
1.536e-06
7.53382e-07
3.57376e-07
-1.33679e-07
2.48684e-08
1.45562e-06
7.93567e-09
1.19857e-06
2.30134e-06
7.88791e-07
9.21131e-07
2.12931e-06
6.21078e-07
5.51605e-07
1.86319e-06
-3.59734e-07
-5.35454e-07
1.28647e-06
7.33284e-07
1.3225e-06
6.09016e-08
1.64228e-06
1.90167e-06
6.31445e-07
9.31279e-07
4.03451e-07
1.95585e-07
6.31566e-07
1.06534e-06
9.69216e-07
-7.59348e-07
2.30009e-07
-5.92222e-08
2.15991e-07
2.10756e-07
1.57788e-06
1.0146e-07
-1.69348e-06
1.73344e-06
9.69859e-09
7.85281e-07
-3.81489e-07
1.79377e-06
1.5302e-06
-1.94834e-07
2.89389e-08
7.34737e-07
5.76892e-08
1.31429e-06
-9.35171e-07
1.54872e-06
7.08354e-07
1.16067e-06
1.11585e-06
-1.15877e-07
8.534e-07
1.45665e-06
9.87771e-07
2.67172e-07
2.69546e-06
4.2919e-07
6.47843e-07
2.18041e-06
8.21762e-07
4.13468e-07
-9.54293e-07
1.93783e-07
-3.08166e-08
3.42564e-07
6.12533e-07
1.81452e-06
-2.20692e-07
1.17128e-06
2.52187e-06
1.29378e-06
1.26309e-06
-1.15386e-06
2.03086e-08
-7.57496e-07
4.24828e-07
1.4165e-06
5.17463e-07
-1.83748e-06
1.35343e-06
1.93528e-06
9.21931e-07
8.19582e-07
4.74353e-07
3.10129e-06
1.03555e-06
-3.54883e-08
-3.28415e-08
1.16e-06
1.26715e-06
-6.35384e-07
1.93145e-07
-7.64139e-07
-5.80212e-07
1.02092e-07
5.26736e-07
-3.40235e-07
-5.85285e-07
1.3861e-06
4.58246e-07
-5.23425e-07
3.92759e-07
-1.94519e-06
-1.35694e-06
7.63196e-07
6.76751e-07
7.93196e-07
-8.02396e-07
2.00931e-06
3.76772e-07
1.26906e-06
-2.99705e-06
1.88964e-06
9.39684e-08
-9.5086e-07
-9.11442e-07
1.84467e-06
2.17678e-07
1.13624e-06
2.79478e-06
1.24738e-06
-1.29792e-06
2.48202e-06
-1.10081e-06
7.163e-07
4.55597e-07
1.59318e-06
2.20565e-06
5.67277e-07
6.68586e-07
9.98801e-07
-6.09373e-07
-3.44769e-07
1.61495e-07
-1.61884e-07
4.82465e-08
-6.77204e-07
-4.30232e-07
9.65994e-07
-1.24453e-06
2.85422e-07
6.48939e-07
-6.1126e-07
2.90959e-07
-5.24749e-07
-1.01926e-06
3.13656e-07
9.36628e-07
1.80847e-06
1.23289e-06
7.32014e-07
2.24694e-07
-9.73834e-08
1.76179e-06
-1.22854e-06
1.54352e-07
6.80827e-07
1.93384e-06
1.0366e-06
-3.87208e-07
2.83168e-06
7.87713e-07
9.39845e-07
-7.97367e-07
1.71147e-06
2.77879e-06
4.35282e-07
-2.85174e-07
1.39101e-06
1.23916e-06
9.62156e-07
2.93435e-06
8.32005e-08
5.11535e-07
-1.35146e-06
7.92927e-07
8.00111e-07
-6.97958e-07
-5.33224e-07
9.95476e-08
1.26206e-06
1.94456e-07
-3.16244e-07
-8.04801e-07
7.63312e-07
1.30783e-06
2.58419e-07
1.33999e-06
2.2218e-06
7.29499e-07
1.19284e-06
1.14179e-06
2.81193e-06
2.47099e-06
4.53822e-07
3.66981e-07
2.67079e-06
1.32113e-06
1.8573e-06
7.6421e-07
1.36075e-06
1.17216e-06
-1.9131e-07
8.54185e-07
9.16604e-07
-1.20891e-07
2.10129e-07
-5.39387e-07
1.18445e-06
4.66917e-07
1.79e-06
4.21638e-07
-5.42538e-07
9.9021e-07
5.14285e-07
-3.73068e-07
1.77655e-06
7.13712e-07
1.48746e-06
-1.56693e-06
1.33311e-06
1.6429e-07
1.26724e-06
6.8061e-07
1.71691e-06
4.40162e-07
-1.43339e-06
3.24684e-07
5.86602e-07
5.31004e-07
-3.47478e-08
1.34439e-06
4.87185e-07
2.18252e-06
1.12958e-06
-2.85169e-07
1.53218e-07
-1.019e-06
3.58711e-07
1.15993e-06
1.39629e-06
8.85744e-07
1.16051e-06
3.58947e-07
9.19535e-07
8.51688e-07
2.5574e-07
-7.34024e-07
8.24506e-07
-3.20795e-07
1.09663e-06
9.70763e-08
1.73016e-06
4.39085e-07
-7.29933e-07
9.30837e-07
1.2499e-06
-2.22731e-07
-1.04488e-06
1.26502e-06
6.64385e-07
8.82063e-07
1.15413e-06
-1.47615e-06
4.55818e-07
-8.96939e-07
-4.02795e-07
1.34945e-06
-1.27967e-06
-6.07901e-08
-1.94246e-06
-1.06603e-06
-8.90816e-07
7.4621e-07
7.22086e-07
1.1484e-06
1.01076e-06
7.77966e-07
-9.26456e-07
6.75208e-08
4.39412e-07
1.743e-06
-1.72584e-06
3.79915e-07
6.41703e-07
-4.00183e-08
1.02902e-06
1.9745e-06
1.03128e-06
-4.69229e-07
5.04941e-08
1.84744e-06
-1.15399e-06
-3.54322e-07
1.75809e-07
-5.71377e-07
-9.76894e-08
-1.92738e-06
1.36094e-06
3.2187e-07
-9.91141e-07
-4.95598e-07
-3.01245e-07
-1.71459e-07
-1.39909e-06
9.76801e-08
-6.78884e-07
7.86928e-07
2.0797e-07
5.5586e-07
9.15463e-07
-1.30455e-06
1.08133e-06
-1.02568e-06
-5.02971e-07
-4.89881e-08
1.98604e-07
9.78015e-07
5.97515e-07
1.20161e-06
-1.47855e-07
-5.59334e-07
1.98672e-06
-9.60123e-07
2.28964e-07
1.94875e-06
-9.00956e-08
-2.88455e-07
1.2933e-06
-1.10034e-07
1.86316e-06
8.13255e-07
7.04789e-07
-1.09643e-06
1.15474e-07
1.04949e-06
1.08442e-06
-6.37082e-07
-8.18013e-07
1.99453e-06
-1.43371e-06
-8.24701e-07
4.63629e-07
-7.5041e-07
5.75326e-07
-8.02616e-07
-1.2115e-06
4.99622e-07
1.44429e-07
-1.15012e-07
-3.92516e-07
-5.51304e-07
1.75873e-08
-9.75793e-07
5.66171e-07
-9.95712e-07
7.40031e-08
6.08287e-07
-1.73154e-07
-6.20272e-07
6.8814e-07
1.30316e-06
-3.50494e-07
-2.32756e-07
1.12878e-06
-8.53264e-07
7.55104e-07
-1.43522e-06
1.19265e-07
-1.58946e-07
5.98939e-08
-1.03808e-07
-5.71407e-07
1.47497e-06
7.50278e-07
4.75798e-07
-1.89261e-06
9.88292e-07
5.88261e-07
-2.08776e-07
1.24747e-07
2.29797e-07
-1.88244e-06
1.50186e-06
-1.53723e-06
2.18261e-06
1.9248e-06
-1.67553e-06
4.80139e-07
7.57662e-07
-3.40746e-07
-7.83392e-07
8.2329e-10
-8.03961e-07
-1.13304e-07
-6.065e-07
-1.21356e-07
-3.10352e-07
-7.41334e-07
-3.00634e-06
-1.52353e-07
1.17428e-07
3.79306e-07
-9.84085e-07
-1.13937e-06
2.08515e-06
-9.40491e-08
-4.85388e-07
-4.24153e-07
-1.27267e-06
-1.46346e-08
-1.39097e-06
9.146e-07
-1.121e-06
-8.45125e-07
1.67296e-06
3.7609e-07
7.37569e-07
3.00491e-07
-8.97625e-07
1.20089e-07
4.34725e-07
5.64051e-07
-8.60845e-07
2.8893e-07
-1.20393e-06
1.37526e-06
-2.17242e-06
-1.45649e-06
-8.05491e-07
1.82673e-07
3.83331e-08
8.37741e-07
-7.39601e-07
-5.36115e-07
-1.18123e-06
-4.04639e-07
1.70632e-06
1.19688e-06
-1.67773e-06
-6.25211e-07
8.06477e-07
-7.57189e-07
3.99143e-08
4.61363e-07
-5.80231e-07
-8.34826e-08
1.83245e-06
1.41352e-06
1.90692e-07
9.80292e-07
4.82142e-07
2.26039e-07
-1.00488e-07
1.61014e-06
1.41475e-06
-2.74246e-07
-1.40799e-06
3.69539e-07
-1.92151e-07
6.95099e-07
1.02045e-06
-8.16395e-07
2.37075e-06
-1.29016e-06
-1.12082e-06
-5.88841e-07
7.249e-07
-7.49976e-08
2.62324e-07
-6.44666e-07
-1.04924e-06
-1.23471e-06
2.13461e-06
-1.25563e-06
-1.02441e-06
4.46863e-07
5.98273e-07
-2.211e-06
7.76581e-07
-1.65885e-06
-1.24925e-06
-2.15972e-06
-1.12859e-06
-2.22626e-06
-1.4491e-06
-5.57051e-07
-3.03961e-07
5.43352e-07
8.40372e-07
-7.74277e-07
8.17977e-07
-1.16853e-06
5.98267e-07
-1.41563e-06
-6.13715e-07
-6.15097e-07
-1.44726e-08
1.64419e-07
-1.68584e-07
-2.80019e-07
8.39496e-07
8.77965e-07
-1.99238e-06
7.85842e-07
-2.35442e-06
2.73927e-07
7.89346e-07
-8.59908e-07
-9.27514e-07
3.31833e-07
-1.71138e-06
1.37946e-06
-9.11364e-07
-1.39865e-07
4.25909e-08
-2.89975e-06
-1.47161e-06
5.05698e-07
-1.11156e-06
-4.33291e-07
1.06763e-06
1.044e-06
3.52224e-07
-4.38649e-07
-1.15524e-06
-1.50365e-06
-1.91629e-06
-1.32118e-07
-3.45485e-06
-5.86813e-08
-1.39405e-07
2.80879e-07
-2.33236e-06
-9.05539e-07
-2.88049e-06
-4.6566e-07
-1.25471e-06
-1.06498e-06
-5.03318e-07
9.61321e-07
-1.54896e-06
9.29422e-07
-8.13149e-07
-1.52419e-07
2.32053e-07
-1.13878e-06
-1.38117e-06
-2.98952e-06
-5.1182e-07
-1.14038e-06
-6.56948e-07
-2.96214e-07
1.2783e-06
-7.5048e-07
1.68646e-07
1.95321e-08
-1.80533e-06
-7.89383e-07
-8.21661e-07
-1.84152e-07
3.33085e-07
-1.02815e-06
-2.27749e-07
-1.84275e-06
-1.92544e-06
-1.79778e-06
2.6573e-07
-1.7523e-06
-2.34082e-06
-9.57628e-07
-8.76793e-07
-1.90249e-06
-2.00433e-06
7.64553e-07
4.1837e-07
-2.1152e-06
-3.86231e-07
-2.70227e-06
-1.9534e-06
-2.7907e-06
-1.42974e-06
-2.8926e-06
-2.64159e-06
-1.41728e-06
5.37717e-07
6.54213e-07
-1.4145e-06
-5.6812e-07
-2.64564e-06
-2.01246e-07
-2.3648e-06
-5.13719e-07
-1.72695e-06
-7.491e-07
-3.46627e-07
-1.47737e-06
1.52893e-08
-1.31005e-06
-3.6835e-07
-4.98285e-07
-1.45405e-06
-1.45746e-06
1.28434e-07
-8.407e-07
-2.37313e-06
-1.61074e-06
-6.7778e-07
-2.29826e-06
-7.57364e-07
-4.24263e-07
-1.5833e-06
-2.69976e-06
-1.71195e-06
-1.4432e-06
-1.4346e-06
-1.18954e-06
-2.08212e-07
-7.37361e-07
-2.11341e-06
-1.86618e-06
-2.12189e-06
-2.76715e-06
-1.8889e-06
-1.46657e-06
-3.59673e-06
-2.30288e-06
-1.80235e-06
2.44674e-07
-1.29944e-06
-7.68132e-07
-3.25228e-06
-5.77135e-07
-2.0104e-06
-2.57763e-06
-1.34387e-06
-1.8906e-06
-1.01254e-06
-1.43894e-06
-1.67768e-06
-1.04675e-06
-4.46792e-07
-2.60058e-06
-1.47152e-06
-1.47249e-06
-1.1973e-08
-1.56851e-06
-1.4136e-06
-3.16207e-06
-1.97676e-06
-1.39654e-06
-3.85757e-07
-4.81864e-07
8.11483e-07
-1.70677e-06
-1.20096e-06
-1.42448e-06
-7.5144e-07
-8.09531e-07
-9.48019e-07
-7.996e-07
-1.48508e-06
-1.49098e-07
1.00843e-07
-2.39402e-06
-1.30312e-06
-1.69855e-06
-3.38381e-07
7.41181e-07
-5.53382e-07
-1.95872e-06
-1.11908e-06
-6.61194e-07
-2.6256e-06
1.19667e-07
-5.92163e-07
-1.4059e-06
2.20557e-06
-1.46906e-06
-2.40042e-06
1.04482e-07
-1.02081e-06
-1.41907e-06
-2.20818e-06
-9.15335e-07
-1.06905e-06
-3.13708e-08
-1.01187e-06
-9.52624e-07
-1.9345e-06
-1.09008e-06
-3.58592e-07
-9.58923e-07
-1.9067e-07
2.10329e-07
-7.45803e-07
-2.11473e-06
-5.48151e-07
-7.37659e-07
-2.27743e-07
-2.03033e-06
-2.09558e-07
-1.25803e-06
-1.72466e-07
-5.07542e-07
-1.60121e-07
-2.19047e-06
-1.51168e-06
-2.27358e-06
-4.15882e-07
-7.62062e-07
-1.58939e-06
-1.50787e-06
1.19902e-06
-1.70728e-06
-2.89042e-06
-1.22608e-06
-1.46937e-06
-2.04196e-06
-1.49697e-06
-1.01606e-06
-1.47954e-06
-6.7973e-07
-4.17106e-07
-2.43777e-06
-1.22798e-06
-1.33395e-06
8.6087e-07
1.08844e-06
-4.70609e-07
-5.69652e-07
-1.11664e-06
-1.26839e-06
-3.24185e-07
-9.41009e-07
-1.26026e-06
-2.38106e-07
-3.83524e-06
-4.00465e-07
-6.78088e-07
-1.5313e-06
-1.27658e-06
-1.79799e-06
-9.0627e-07
8.83988e-08
-1.5166e-06
-7.32866e-07
-1.11724e-06
-2.22228e-06
-1.23504e-06
-1.11555e-06
-1.6553e-06
-1.51778e-06
-5.20356e-07
3.1098e-07
-1.8349e-06
-4.697e-07
5.56388e-07
-1.83074e-06
1.62036e-07
-1.58093e-06
9.39635e-08
-3.20536e-06
-3.01017e-06
-1.60311e-06
-2.89654e-06
-1.86453e-06
-1.59716e-07
-4.34113e-08
6.48869e-07
8.82169e-07
-8.77199e-07
-2.49327e-06
-4.29224e-06
-5.10143e-07
-1.62111e-06
-1.54595e-06
-1.60697e-07
-2.13885e-06
-6.99001e-07
-1.99846e-06
-2.01369e-06
-1.55717e-06
-1.18446e-06
-1.91183e-06
-6.66172e-07
-1.54017e-06
-1.88182e-06
-7.4789e-07
-1.49157e-06
-2.81105e-06
-2.68984e-07
-2.59279e-06
-2.36087e-06
-1.71943e-06
-1.19591e-06
-2.27369e-06
-6.65638e-07
-8.41343e-07
-4.78004e-07
-4.95227e-07
-3.19057e-06
-4.04134e-07
-8.90938e-07
-2.09322e-06
-2.07894e-06
-3.08353e-06
-1.7472e-06
-2.14949e-06
-2.37472e-06
-1.72611e-06
1.10663e-06
-1.93234e-06
3.22127e-07
-1.69622e-06
-1.57786e-06
-2.43872e-06
-3.87009e-07
-1.21329e-06
-3.46697e-07
-1.92701e-06
-1.08011e-06
-9.52873e-07
4.69628e-07
-3.21937e-07
-5.69111e-07
-1.26666e-06
-9.93362e-07
-1.99128e-06
-3.23587e-06
-3.9523e-07
-1.4696e-06
-2.22611e-06
-1.25001e-06
-7.05069e-07
-4.02849e-06
-2.80156e-07
-1.80917e-06
-1.94304e-07
-1.58261e-06
-1.88433e-06
-6.78872e-07
-1.17334e-06
-1.24696e-07
-2.73296e-06
-1.21303e-06
-2.20953e-06
-1.85808e-06
-4.49526e-07
-1.95121e-06
-1.44892e-06
-2.3062e-06
-1.04908e-06
-3.42466e-06
-1.35006e-06
2.74956e-08
-8.07137e-07
-1.70649e-06
-1.74035e-06
-1.27417e-06
-4.80746e-07
-6.52691e-07
-1.78966e-06
8.71718e-07
-1.47348e-06
-1.63171e-06
-6.14823e-08
-1.01847e-06
-2.70463e-06
2.28015e-07
-6.54174e-07
-1.65684e-06
-3.72921e-07
-1.05772e-06
-1.40041e-06
4.06972e-07
-1.12882e-06
-1.647e-06
-2.70548e-06
-1.7098e-06
-1.93108e-06
-1.72559e-06
-1.43298e-06
-1.0736e-06
-9.39539e-07
4.60061e-07
1.42556e-06
-7.37965e-07
-2.805e-06
5.22785e-07
-3.94097e-07
-6.63563e-07
-1.86976e-07
-1.75069e-06
-3.22292e-07
1.54875e-06
-1.8266e-06
-6.22345e-07
-6.81432e-07
-1.68289e-06
-1.28773e-08
-9.93397e-07
-1.08723e-06
1.57537e-06
-3.1237e-07
-5.59551e-07
-2.30518e-06
-8.01727e-07
-1.2141e-06
-2.79984e-06
-3.44721e-07
-1.39801e-06
-9.36742e-07
-2.18036e-07
-1.49928e-06
-1.57469e-06
-8.18389e-07
-8.92849e-07
-1.14899e-06
-1.82689e-06
-1.74894e-06
1.71785e-07
-2.54628e-06
-8.40167e-07
-7.74324e-07
-1.22968e-06
-6.75043e-07
2.78741e-07
3.92842e-08
-6.50147e-07
-4.66589e-07
5.33179e-07
-9.90272e-07
-2.03227e-06
-1.28531e-06
-1.17824e-07
-2.06788e-06
-2.58278e-06
-1.49555e-06
1.1263e-06
-1.76242e-06
-7.3183e-07
-9.61101e-07
2.91185e-07
-9.59345e-07
-9.14026e-07
-2.2383e-06
-2.18918e-06
3.64331e-07
-1.95512e-06
1.00831e-07
-3.2035e-07
-9.77828e-07
2.43646e-06
-4.01899e-07
-2.52914e-07
3.13276e-07
-6.13742e-08
-1.94356e-06
-1.23025e-06
-5.17877e-07
-1.42363e-06
-1.54894e-06
7.34129e-07
-3.05892e-07
3.91601e-08
-2.86098e-06
2.44621e-07
-2.01525e-07
6.56897e-08
-1.28525e-06
3.9362e-07
-9.35132e-07
-2.71314e-07
-3.08433e-06
-1.66419e-06
-9.11924e-07
-1.35436e-06
5.61437e-07
-3.90929e-06
2.34167e-07
-3.22356e-07
-1.45033e-06
-1.69569e-06
-1.91178e-06
8.20823e-07
-2.62169e-06
-9.71695e-07
-1.91692e-06
-1.86671e-06
-1.38262e-06
-5.85718e-07
2.72396e-07
-2.66118e-06
-2.05178e-06
-1.60207e-06
-1.90042e-06
-1.55058e-07
-1.81288e-06
-2.65277e-06
-1.67514e-08
-2.35159e-07
-2.56028e-06
-2.67611e-06
-1.60802e-06
-1.22224e-06
-3.14397e-07
-3.64188e-06
-3.03283e-07
-1.61775e-06
-3.16175e-06
-1.70053e-06
-6.75897e-07
-2.0019e-06
-1.4011e-06
-1.88822e-06
-1.80725e-06
-2.48776e-07
-9.01618e-07
4.36135e-07
-1.39831e-06
-5.02489e-07
-1.6907e-06
-1.1647e-06
-1.4601e-06
-1.31521e-06
-1.70358e-08
-1.23429e-06
-8.6952e-07
3.2956e-07
-1.16622e-06
-2.82691e-06
-1.01439e-06
-1.19041e-06
-4.77652e-07
-1.38229e-06
-5.63976e-07
-2.05696e-06
-2.42725e-06
-1.51478e-06
-1.57167e-06
-2.38606e-06
6.35205e-08
5.84745e-08
-1.4013e-06
1.57875e-07
7.91645e-07
-2.06854e-06
-1.64042e-06
-4.5169e-07
-1.53576e-06
-1.85509e-06
-1.71284e-06
-1.95363e-06
-1.37738e-06
-1.75598e-06
-3.93352e-06
-1.01437e-06
-1.81567e-06
-1.15046e-06
-2.26808e-07
-2.20516e-06
-3.17024e-07
-4.50003e-07
-1.71199e-06
-2.90356e-06
-2.88958e-07
-1.27522e-06
-4.33032e-07
6.17099e-07
1.08514e-06
-4.05865e-07
-2.74964e-06
-3.1962e-06
-1.30765e-06
-3.13804e-06
-3.75123e-06
-6.34714e-07
-2.22984e-06
-1.1127e-06
-1.76367e-06
1.05799e-07
-1.60416e-06
-2.90458e-06
-8.74067e-07
4.3612e-07
-1.31915e-06
6.96538e-07
-1.11087e-06
-3.10143e-06
-1.17246e-06
-2.19825e-07
-3.03851e-06
-9.80906e-07
-1.44503e-06
-2.4216e-06
-1.21109e-06
-1.89546e-06
-1.66037e-06
-2.08497e-07
-2.2873e-06
-6.61858e-07
-2.32684e-06
4.27098e-07
-1.78271e-06
-2.30405e-06
-1.07753e-06
-6.46577e-07
-2.90754e-06
-7.19282e-07
-1.15341e-06
1.22964e-07
-2.32814e-07
-1.33956e-06
-2.69501e-07
-1.63717e-06
-2.08717e-06
-2.28151e-06
-5.1136e-07
-1.3212e-06
-2.5237e-06
-1.27346e-06
-9.02167e-07
-6.48102e-07
-1.42877e-06
-1.88802e-06
-8.83412e-07
-2.34263e-07
-1.9841e-06
-1.22138e-06
7.01702e-07
-2.33597e-07
-1.64683e-06
-1.15798e-06
-2.0995e-06
1.92831e-06
1.35128e-08
-1.50253e-06
-6.85198e-07
-3.04267e-06
-1.68413e-06
-1.60664e-06
-1.17339e-06
-1.93155e-06
-3.95731e-06
1.03516e-07
3.07379e-07
-3.11749e-06
1.98773e-07
-5.06824e-07
-3.70463e-08
5.14989e-07
7.4411e-07
-9.75155e-07
-2.00529e-06
-1.48653e-06
-8.37359e-07
2.90125e-07
7.73259e-07
-3.12662e-06
6.62705e-07
-1.24219e-07
1.28148e-07
-1.01273e-06
-1.1583e-06
-1.15159e-07
-1.0899e-06
1.59391e-07
-7.07881e-07
-1.43992e-06
-8.69572e-08
-1.39034e-06
-1.40441e-06
-2.22562e-07
-2.30428e-06
8.9774e-07
1.63512e-06
7.52403e-07
-2.49093e-06
2.84935e-07
-2.46751e-06
-3.15348e-06
9.92927e-07
-3.80506e-07
-1.49978e-06
3.75512e-07
-6.68261e-08
1.20863e-06
-1.71294e-06
-1.3614e-06
-2.30739e-06
1.19367e-06
-3.13744e-06
9.72915e-07
-7.43301e-07
-5.376e-08
-2.22383e-06
-2.05663e-06
-9.05383e-07
-1.3663e-06
9.22286e-07
-8.18584e-07
9.06873e-08
1.5509e-06
-1.40455e-06
-2.2707e-07
-8.46034e-07
-1.23426e-06
-2.66747e-07
-1.4482e-06
1.46958e-06
8.77019e-07
-2.41112e-06
-4.0384e-07
-1.62852e-06
5.2003e-07
-2.92913e-07
-1.30776e-06
-1.47083e-07
3.5625e-07
-1.18689e-06
1.49912e-08
-1.6721e-06
3.33549e-07
3.735e-07
-1.7901e-06
1.2695e-06
-9.87455e-07
-1.24659e-06
-5.34669e-07
-1.74592e-06
-1.26864e-06
-7.73721e-08
-1.19816e-06
-3.14789e-06
1.02685e-07
-1.00284e-06
-1.30987e-06
-1.2087e-06
-1.00172e-07
-1.65408e-06
-9.81515e-07
-4.22884e-07
-1.24288e-06
1.37699e-06
-7.60896e-07
-5.27436e-07
-8.63717e-07
-6.69985e-07
-6.20788e-07
-3.89624e-06
-5.82826e-08
2.02662e-06
-1.29462e-06
1.05761e-08
-1.52424e-06
-2.03793e-06
-1.43397e-06
-1.40115e-06
9.77383e-07
-2.15397e-06
-2.27168e-06
-8.15133e-07
-1.25729e-06
7.36608e-08
-1.72956e-06
-5.74236e-07
1.38746e-06
-7.11689e-07
-1.09485e-06
-1.54778e-06
-1.04197e-06
-2.11562e-07
-1.62177e-06
-8.13192e-07
-1.18309e-06
-1.43105e-06
-5.00639e-07
-2.30234e-06
-1.28938e-06
-7.92405e-07
-1.55615e-06
-1.70655e-06
-3.93342e-07
-4.93873e-07
2.87565e-07
-1.09758e-06
3.36917e-07
-1.38482e-06
-1.49061e-06
-4.83369e-06
-1.27254e-06
-2.99781e-06
1.31544e-07
-1.09926e-06
1.59164e-06
-3.56879e-07
-1.25598e-06
-1.3315e-06
-1.56884e-06
-1.11789e-06
-3.92474e-06
-1.07772e-06
-1.05643e-06
-2.59303e-06
-8.34012e-07
-1.44301e-06
-9.73077e-07
-1.46582e-06
-2.16122e-06
-6.16973e-07
-1.85354e-06
-1.54321e-06
-9.74273e-07
-6.12051e-07
-1.76076e-06
-1.9739e-06
-9.17274e-07
-1.14363e-06
-5.86806e-07
-5.93009e-07
-2.55259e-06
1.08566e-06
-5.84714e-07
-5.23586e-07
-1.77839e-06
-2.61793e-06
-1.19532e-06
-4.39691e-07
-7.42341e-07
-2.63838e-07
-3.54211e-07
3.56802e-07
-7.49212e-08
-1.59688e-06
5.88002e-07
-3.69461e-07
-2.22399e-06
2.75126e-07
-1.65328e-06
-5.47236e-07
-1.03398e-06
-8.87878e-07
-2.41439e-06
-1.25927e-06
-2.25403e-06
-1.61067e-06
-1.79212e-07
-2.35237e-06
8.25689e-07
4.4836e-07
-1.53735e-06
-1.87161e-06
-4.03438e-07
-2.36482e-06
-2.73369e-06
-1.62692e-06
1.55203e-06
-1.4928e-06
-1.50616e-06
-2.57246e-07
6.84404e-07
-1.27037e-06
-1.06332e-06
2.2411e-08
-4.92428e-07
-2.09586e-06
-1.12823e-06
-9.12318e-07
-1.84038e-07
8.04404e-07
1.35443e-07
-9.54914e-07
-2.05319e-06
2.93748e-07
-6.39696e-07
-2.81167e-07
-3.2868e-07
-1.90695e-06
-2.41825e-06
-1.76075e-07
-8.79102e-08
-2.55793e-07
1.27361e-06
5.50207e-07
-2.55545e-07
-5.04808e-07
9.09759e-07
6.26898e-07
6.0457e-07
1.70441e-07
-1.25777e-06
-7.91256e-07
-4.07728e-07
-6.77574e-07
-4.98824e-07
-7.21279e-07
6.08347e-07
3.64975e-07
-1.75162e-07
-3.34994e-07
-6.68381e-07
1.90306e-06
7.80325e-07
-1.52896e-06
-1.75206e-06
-2.62259e-06
-1.54512e-06
-9.38687e-07
-6.13013e-07
-2.38378e-06
-7.58878e-07
5.28428e-07
8.04434e-07
8.00096e-07
1.76262e-07
-1.20906e-06
-5.31339e-07
-2.6071e-06
3.72379e-07
4.06096e-07
-3.8487e-07
-6.46829e-07
-1.65637e-06
-1.39641e-06
8.87302e-07
-9.82027e-07
-2.74102e-07
-1.76333e-06
-2.54622e-08
-1.14027e-06
-1.67182e-06
-3.35544e-07
6.72019e-07
1.07166e-06
-1.49942e-06
-9.88914e-07
-8.06212e-08
9.04591e-07
1.78202e-07
1.05389e-06
-2.11435e-06
1.20614e-06
1.21513e-06
-3.10924e-07
8.86323e-07
-1.75955e-06
-2.38903e-07
-7.24786e-07
-2.217e-06
-4.78721e-08
-2.6686e-06
-8.63143e-07
-1.70911e-06
-3.24758e-07
-2.81221e-08
-1.1403e-06
3.87313e-07
-9.1935e-07
-1.45728e-06
2.03677e-07
7.30003e-08
-2.791e-06
-1.653e-06
7.45906e-07
1.20029e-06
-7.57294e-07
1.67167e-06
-7.20427e-07
7.91629e-08
-1.17554e-06
1.25265e-06
1.80883e-07
1.82881e-06
-1.45472e-06
2.76039e-07
-1.57675e-06
-9.5325e-07
3.08314e-06
-1.03716e-06
-8.5921e-07
1.18594e-07
-8.59647e-07
-4.0255e-07
-2.07084e-06
1.16421e-06
1.13634e-06
6.40651e-08
9.86168e-07
-1.58593e-07
1.09008e-06
-1.51368e-06
3.53654e-09
8.23982e-08
-7.76496e-07
1.48264e-06
6.82042e-07
-1.10842e-06
-6.14112e-07
1.39297e-06
-1.35492e-06
5.55832e-07
-3.97253e-07
-5.88844e-07
8.36579e-07
-3.983e-07
2.12331e-06
-1.20132e-06
-1.62696e-06
-2.9532e-07
-6.65151e-07
-4.93e-08
-1.04785e-06
-1.17719e-06
-1.30594e-06
-7.20898e-07
-1.26437e-06
1.04916e-06
-3.96204e-06
-3.36433e-07
-1.66013e-06
1.46263e-06
-2.44878e-06
-1.62166e-08
5.8804e-07
-8.69274e-10
-6.21858e-07
2.54474e-08
-2.10189e-06
7.15212e-08
-7.7113e-08
6.2442e-07
-2.94751e-06
5.22299e-07
1.36107e-06
-1.37448e-06
1.27176e-06
-1.51593e-06
-2.52476e-06
-2.21445e-06
-2.11609e-06
-9.13578e-07
-2.04446e-06
-1.70213e-06
-1.54473e-06
-7.33825e-07
1.8976e-07
-2.39195e-06
-1.81228e-06
-1.61493e-07
-1.43849e-06
1.07085e-06
-1.07969e-08
-2.77933e-06
5.32218e-07
-1.02186e-06
7.61495e-07
-2.00317e-07
-8.06359e-07
1.5624e-06
-1.9652e-06
1.57934e-07
-1.77715e-07
2.03517e-08
-6.80896e-07
-1.69246e-06
-2.34624e-06
2.57022e-07
-1.01965e-06
-1.10861e-06
-9.8264e-07
-2.59363e-07
-6.71718e-08
-7.58058e-07
-2.79237e-07
1.66642e-06
-2.07022e-06
-1.24238e-06
-1.99672e-07
1.6181e-06
4.56629e-08
-1.37922e-06
-1.18143e-06
7.33357e-07
2.14169e-07
2.31819e-07
-1.18231e-06
6.59861e-07
-2.05372e-06
-2.24838e-06
-8.29698e-07
-3.17267e-06
-2.22096e-06
-1.59291e-06
4.95217e-07
-2.84818e-06
-1.11759e-06
-3.16853e-07
-2.70544e-06
-7.69117e-07
-1.32958e-06
-1.29722e-06
-1.37905e-06
-7.3852e-07
6.46114e-07
-2.38213e-06
-1.79449e-06
2.10434e-07
-6.21448e-07
-1.01974e-06
-1.36034e-06
-1.95794e-06
3.02872e-07
-2.77587e-07
-6.81851e-07
-7.09601e-07
-8.181e-08
-3.71346e-07
-2.29117e-06
-1.16989e-06
1.70567e-06
-6.84923e-07
-2.56754e-06
-7.30798e-07
-2.1869e-06
-2.04241e-06
2.69415e-08
2.21534e-07
-6.68955e-07
-1.26489e-06
-1.39214e-06
-2.05935e-06
-1.12434e-06
1.26733e-06
-2.37278e-06
-9.48793e-08
-2.08866e-06
8.43318e-07
8.70005e-07
-4.51717e-07
-8.09414e-07
-1.40218e-06
1.39828e-07
-2.13443e-06
2.1252e-07
-1.65422e-06
-2.33948e-06
-2.17243e-06
-1.82413e-07
3.03166e-08
-2.12823e-06
-2.86711e-06
1.14683e-06
-1.62311e-06
7.06303e-07
-5.52558e-07
-1.57246e-06
-4.52587e-07
-1.31571e-06
9.98027e-07
-2.51899e-06
-6.54753e-07
-4.60449e-08
-8.51467e-07
1.31124e-07
-1.58702e-06
-1.74322e-06
-1.57385e-06
-1.12119e-06
4.22729e-08
-1.19024e-06
-1.64566e-07
-2.17312e-06
-8.50159e-07
-2.63858e-07
-2.25157e-07
-1.92602e-06
-1.42778e-06
-1.16043e-06
3.94467e-07
-1.3972e-06
1.16322e-06
-2.84298e-06
-1.10879e-06
-7.75954e-07
-2.70248e-06
3.81232e-07
-3.07158e-06
-1.17493e-06
-9.75826e-07
-2.04039e-06
1.6819e-06
-7.62622e-07
-4.53273e-07
1.59047e-07
-1.00773e-06
-8.90021e-07
-8.27556e-07
-1.06901e-06
4.70163e-07
-1.49387e-06
-2.21822e-06
5.88342e-07
-1.43152e-06
1.46692e-07
-1.11751e-06
-1.75184e-07
-8.59312e-07
-2.78091e-06
-3.01916e-06
-8.57702e-07
-3.55789e-06
-1.20283e-06
-7.47917e-07
-3.32361e-06
-2.7872e-06
-7.7857e-07
-2.6811e-07
-2.44009e-07
-2.61247e-06
-3.26661e-06
-6.3931e-07
-1.33483e-06
-9.1846e-07
-5.57895e-07
-1.9136e-07
-2.12707e-06
-3.85077e-07
1.13928e-07
-8.51089e-07
-1.63753e-06
-1.00803e-06
-1.54883e-06
-2.05917e-06
3.23275e-07
-9.0359e-07
-2.69696e-06
-3.08592e-06
-2.80127e-06
-1.4213e-06
-1.49343e-06
-1.4649e-06
-1.19803e-07
-1.93533e-06
8.40232e-07
-1.50679e-06
-2.21399e-06
-6.62956e-07
-5.30574e-07
-2.64881e-06
5.95124e-07
-2.01534e-06
-3.18481e-06
-2.87531e-06
-1.20278e-06
8.42874e-07
-1.24269e-06
-9.7661e-07
-9.61573e-07
-4.56872e-08
9.42531e-07
-5.36493e-07
-2.03521e-06
-7.13193e-07
-1.82236e-06
-2.67284e-07
-3.68553e-07
-3.59902e-06
1.60371e-07
-2.05825e-06
-2.7066e-06
-8.03105e-07
-3.0899e-07
-2.59574e-06
-8.93421e-07
-5.72618e-07
4.24647e-07
-1.19263e-06
-3.98082e-06
-3.31279e-07
-1.08901e-06
-6.07998e-07
-6.21049e-07
1.29329e-06
2.0305e-06
-1.39049e-06
1.48002e-06
1.28398e-06
-1.3323e-06
-1.07042e-06
-2.15422e-06
-1.91662e-06
-9.35442e-07
-1.14597e-06
-1.69221e-06
-1.79575e-06
-2.41093e-06
-3.97433e-07
-1.47289e-06
9.19246e-08
1.36454e-07
-2.27886e-06
-4.03115e-07
-8.33339e-07
9.84963e-07
-1.85153e-06
-1.71172e-06
-1.8793e-06
-6.35535e-07
-2.9931e-08
-4.38459e-07
-2.50288e-06
-1.23285e-06
-8.13641e-07
-3.62701e-06
-1.4127e-06
-2.15152e-06
-8.2938e-07
-1.15123e-06
-1.88918e-06
-1.11896e-06
-2.33294e-06
-2.03695e-06
-2.08678e-06
-4.84527e-07
-9.6415e-07
-1.85522e-06
-1.17129e-06
-2.03689e-06
-1.70483e-06
-1.76248e-06
-2.27699e-06
-1.93226e-06
-2.12719e-06
-2.32402e-06
-4.99951e-08
-2.37769e-06
-8.43332e-07
-8.72428e-07
-8.95423e-07
-2.31105e-06
-1.15294e-06
-4.78995e-07
-4.0636e-07
-1.78988e-07
-4.21825e-08
-2.33376e-06
-9.17624e-07
-6.37259e-07
-3.27848e-06
-1.27806e-06
-7.07259e-07
-1.56582e-06
-2.43869e-06
-2.31527e-07
-1.15778e-06
6.41235e-07
-3.24768e-06
-1.61364e-06
-1.83e-06
-3.2405e-06
-4.95447e-06
-2.4199e-06
-8.78226e-07
-1.90318e-06
2.8009e-07
-2.34801e-06
-1.64951e-06
5.1697e-07
-7.008e-07
-2.23227e-06
-2.70198e-07
-1.61044e-07
1.18251e-06
-1.68153e-06
8.80425e-07
2.69315e-08
-1.76506e-06
-2.26005e-06
-6.02716e-07
-2.68568e-06
-2.41371e-06
3.00215e-07
-6.19028e-07
-3.12627e-07
-9.68443e-07
-2.38877e-06
-2.69134e-06
-2.68334e-07
-7.39175e-07
-2.21198e-06
-2.15136e-06
2.2621e-07
-4.04217e-08
-1.14917e-06
-5.42793e-08
-8.93996e-07
-1.43928e-06
-2.1801e-06
-8.48812e-07
6.35486e-07
-1.09174e-06
-2.07176e-06
-4.35244e-07
-8.95296e-07
-1.88315e-06
2.78317e-07
-1.68901e-07
-4.26605e-07
-1.24729e-06
-2.11429e-06
-8.35445e-07
-2.04725e-06
-7.799e-07
-1.66825e-07
8.81229e-07
2.44674e-06
1.27755e-06
-2.60972e-06
-2.33238e-07
-8.19359e-07
-1.36218e-06
-4.7306e-07
-3.65006e-06
2.5129e-07
-4.57532e-07
-8.82755e-07
1.34808e-06
-3.5582e-06
8.64416e-07
-2.55203e-06
1.27298e-07
-1.29952e-06
-2.09027e-08
-2.40169e-06
-1.51952e-06
-1.61121e-06
-1.77223e-06
-4.74428e-07
-3.48689e-07
-1.35959e-06
-1.61323e-06
-9.51608e-08
-1.35944e-06
-1.21618e-06
-7.29431e-07
1.38299e-07
7.69183e-07
-8.79085e-08
-2.21557e-06
2.4883e-06
-8.38077e-07
-1.1331e-06
-2.14912e-06
-6.11019e-07
-3.07378e-07
4.18812e-07
-1.04146e-06
-2.51578e-06
-8.95818e-07
-3.42164e-06
-8.34669e-07
-2.28825e-06
-9.91388e-07
-1.4946e-06
3.56631e-07
-1.09248e-06
-1.24788e-06
-5.39109e-07
-2.35838e-06
-2.18932e-06
-1.80376e-06
4.38671e-07
-1.51611e-06
-1.13952e-06
-5.01281e-07
-1.46415e-06
-2.50026e-06
-1.72799e-06
-1.97186e-06
2.04531e-07
-1.01819e-06
-3.13497e-07
-2.06064e-06
-5.29962e-07
-6.86993e-07
1.57351e-07
-1.69335e-06
-1.87282e-06
-3.15374e-06
-1.24137e-06
-9.02519e-08
-3.5493e-06
-4.48129e-07
-2.21595e-06
-2.50911e-06
-1.18833e-06
-3.83292e-07
2.19208e-06
-1.99942e-06
-2.64123e-06
2.33341e-07
-2.20656e-06
-1.54068e-06
-2.56194e-06
4.07626e-07
-5.7535e-07
-2.48093e-06
-1.21435e-07
-1.91056e-06
-3.47272e-07
-8.54422e-07
-1.39685e-06
-9.2324e-07
-1.5339e-06
-2.29411e-06
-1.33778e-06
-1.83737e-06
-9.31922e-07
-2.71306e-06
-2.74592e-06
-7.02895e-07
-1.07184e-06
-3.35284e-07
-2.14822e-06
4.26546e-07
-1.30835e-06
-7.56735e-07
-8.9065e-08
-4.9034e-07
2.78397e-07
-9.41998e-07
-1.23886e-06
-2.52046e-07
-1.03328e-06
-3.98008e-07
-1.21122e-06
-1.37089e-06
-8.05458e-07
-2.03215e-06
-1.83387e-06
-2.90356e-06
-8.27084e-07
-2.78954e-06
-3.32746e-06
-2.70071e-06
-1.83525e-06
-1.89968e-06
-3.03636e-06
-1.19397e-06
-3.22571e-06
-1.24491e-06
-1.24749e-06
-3.4853e-06
-3.54906e-06
-1.69056e-06
-2.46822e-06
7.80619e-07
-1.26007e-06
-2.0172e-06
-7.84429e-07
-1.41186e-06
-2.592e-06
-5.72722e-07
7.04485e-08
-1.62618e-06
-1.13986e-06
-1.01233e-06
-3.02405e-06
-3.48892e-07
-1.53509e-06
-1.92938e-06
-1.06941e-06
-2.30242e-06
-1.3357e-06
-3.55456e-06
-2.63423e-06
-5.56001e-08
-1.92837e-06
-2.53181e-06
-8.5893e-07
-3.6487e-07
-1.00236e-06
-2.05964e-06
-1.85924e-06
-2.97634e-06
-1.30215e-06
-6.73118e-07
-9.97013e-07
-1.09919e-06
-2.66537e-06
-1.55713e-06
-7.00044e-07
-2.9886e-06
-7.92858e-07
1.19288e-08
-1.5529e-06
2.99599e-07
-5.82234e-07
3.89783e-07
-3.56619e-06
-2.75212e-06
-2.15957e-06
-1.99511e-06
-2.75456e-07
-2.00676e-06
-1.88176e-06
-8.57697e-07
-1.80275e-06
-7.86384e-07
-1.70168e-06
-1.54629e-06
-8.86094e-07
7.1776e-07
-3.37626e-08
-2.50715e-06
-9.48465e-07
-2.478e-06
-2.48221e-07
-3.91778e-06
-2.40391e-06
2.66273e-08
-1.45899e-06
3.9493e-07
-1.27929e-07
-2.90515e-06
2.53927e-08
-3.13368e-06
-2.22771e-06
-1.51112e-06
-1.13832e-06
-1.08307e-06
-1.57689e-06
-3.33338e-06
-1.11084e-06
-3.15365e-07
-5.0068e-07
-1.99829e-07
1.20443e-06
-1.56764e-07
3.20512e-08
-2.58044e-06
-9.39783e-07
-7.57977e-08
-1.04044e-06
-2.48627e-06
9.43216e-08
-4.8076e-07
1.76167e-07
-2.80834e-06
-2.22476e-06
-2.7646e-06
8.98946e-08
-2.49358e-06
-2.37341e-06
-7.50746e-07
-2.76584e-06
-1.32337e-06
-1.60806e-06
-3.42257e-06
-1.9987e-06
-1.71938e-06
-3.41607e-06
-1.12566e-06
-3.6649e-07
-6.5856e-07
1.28509e-07
6.88552e-07
2.245e-07
-1.95463e-06
-1.79557e-06
-1.48058e-06
7.30379e-07
7.5432e-07
-3.4239e-06
-2.13642e-06
-2.37025e-06
-1.73525e-06
-2.97971e-06
-2.16337e-06
-2.16938e-07
-2.13389e-06
-1.47977e-06
-1.17291e-06
-3.59578e-06
-3.7387e-06
2.73755e-07
-2.2159e-07
-1.65284e-06
-2.38479e-06
-7.88031e-07
8.94084e-07
-1.20042e-06
-5.91679e-08
3.62543e-07
6.50243e-07
-5.43825e-07
-1.90595e-07
6.96209e-07
-1.46363e-06
-1.84437e-08
1.3875e-07
-3.70318e-06
-7.60618e-07
-6.40686e-07
2.04559e-07
3.02764e-07
-4.50341e-07
-2.64759e-06
-1.2285e-06
-6.01298e-07
-5.05199e-07
-2.1317e-06
-4.03792e-07
-1.29743e-06
-6.04711e-07
-1.17456e-06
-9.24501e-07
-4.71345e-07
-2.04542e-06
9.41223e-07
-1.23324e-06
-1.95066e-06
-9.38958e-07
5.95482e-07
-1.34109e-06
-1.04591e-06
-1.34675e-06
-5.004e-07
2.10624e-08
-1.20476e-06
-1.21528e-06
-3.87189e-07
-1.98559e-06
-1.55063e-06
-1.50494e-06
-6.73448e-07
-6.80302e-07
3.15926e-07
1.50663e-06
-1.79129e-06
3.35369e-07
-1.364e-06
-3.38817e-06
-1.43608e-06
-1.73606e-06
3.65189e-08
-1.54642e-06
3.13159e-07
-1.67394e-06
-2.99216e-06
3.12378e-07
-2.17258e-06
-7.43695e-07
-1.27737e-06
-2.7117e-07
5.43272e-07
6.73452e-07
4.92617e-07
-1.66737e-06
-1.64624e-06
-1.47949e-06
-1.6166e-06
-1.00908e-06
-3.33723e-08
8.76879e-07
-1.83776e-07
-3.13856e-06
3.19953e-08
-1.54842e-06
-1.8073e-06
-1.42404e-07
-6.84947e-07
-1.18001e-07
-3.94536e-07
-3.33336e-06
-6.76111e-07
1.15075e-06
-1.37955e-06
-2.79116e-06
-4.33017e-07
1.17874e-07
1.03408e-07
-6.83566e-08
-5.41111e-07
-2.70887e-07
-2.19237e-07
-5.39292e-07
-1.06578e-06
-2.17745e-06
-2.35551e-06
-5.69515e-06
-1.13645e-06
-4.6217e-07
-2.41701e-06
-1.37687e-06
-2.74344e-06
-1.45246e-06
-3.75762e-06
-5.55318e-07
-1.38575e-06
-1.87861e-06
-2.27655e-06
-2.73518e-06
-9.60362e-07
-1.26311e-06
-1.4815e-06
-1.60527e-06
-6.40865e-07
-3.16578e-07
-3.08509e-06
-3.10121e-06
-2.53599e-06
-1.46989e-06
-1.80996e-06
-1.90351e-06
-2.37079e-06
-1.59384e-06
-1.157e-06
-1.25343e-06
-2.02335e-06
-3.26177e-06
-7.26841e-07
-5.97541e-07
-1.44713e-06
-5.77499e-07
-6.43197e-07
1.09166e-06
-1.69843e-06
-2.33073e-06
-3.58622e-06
-2.44684e-06
2.52384e-07
-3.41545e-06
-3.28816e-06
-1.96323e-06
-1.14591e-06
-1.88954e-06
-1.34569e-06
-5.91222e-07
-1.93112e-06
-7.71352e-07
-3.95813e-06
-1.24793e-06
-6.30152e-07
-2.86268e-06
-8.86996e-07
-3.98444e-07
-1.04069e-07
-1.37356e-06
-9.03946e-07
-2.68289e-06
-3.78968e-06
-1.87707e-06
-3.23427e-06
2.83355e-07
-2.31826e-06
-1.32879e-06
8.71489e-07
-2.62305e-07
1.23179e-06
-1.0944e-06
-1.73307e-06
1.03091e-06
-4.74306e-07
-3.39186e-07
6.09303e-07
-2.08099e-06
-1.53329e-06
-6.83908e-07
-2.90076e-06
-5.22937e-07
-1.64266e-06
2.64037e-07
-2.20902e-06
-6.68722e-07
-2.2868e-06
-2.91981e-06
-3.14503e-06
-1.54172e-06
3.45264e-07
-2.90751e-06
-2.44034e-06
-1.35181e-06
-2.08435e-06
4.90195e-07
-2.91679e-06
-5.10364e-09
-1.04035e-06
7.82737e-09
5.97392e-07
-2.32496e-06
-5.56598e-07
-1.87779e-06
-8.51456e-07
-7.6028e-07
-1.11967e-06
-1.76449e-06
-1.72094e-06
2.43459e-07
3.49318e-07
-8.50097e-07
-1.6771e-06
-2.72152e-06
1.12835e-06
-2.0413e-06
-1.78371e-06
-2.80259e-06
-2.03131e-06
-1.85364e-06
-9.32079e-07
-2.7091e-06
4.0514e-07
-1.80703e-06
-1.72543e-06
5.60643e-07
-1.45835e-06
-2.30856e-06
-4.95089e-07
-6.53227e-07
2.10395e-06
-2.75241e-06
-1.19205e-06
-2.14559e-06
1.21197e-06
5.06725e-07
-3.25432e-06
-1.69237e-07
7.66886e-07
-1.29841e-06
2.15432e-07
7.57289e-07
-5.26788e-07
-1.10493e-06
-2.29978e-06
-9.85611e-07
5.97358e-07
-4.21322e-07
-1.1491e-09
9.50913e-07
-1.48184e-07
-9.14034e-07
-1.31962e-06
-4.45605e-07
-1.88738e-06
-5.80982e-07
-1.51139e-06
-4.86048e-07
-1.04693e-06
-1.31639e-06
-2.08636e-06
-2.44739e-07
-1.47768e-06
-3.34886e-07
-1.30355e-06
-4.70208e-07
1.15187e-06
-2.41431e-06
-2.01347e-06
-4.55991e-06
-1.87556e-06
-1.56539e-06
-7.24741e-07
-2.68817e-06
-2.00018e-06
-2.10394e-06
-4.4456e-07
6.14085e-08
-2.08307e-06
-3.11749e-06
-1.32659e-06
-5.03102e-07
-1.19533e-06
-2.62698e-06
-7.76596e-07
1.32418e-06
-2.54139e-06
-1.82476e-06
-1.38317e-06
9.99784e-07
-3.56915e-06
-2.84543e-06
-7.2745e-07
-1.77612e-06
-1.22059e-06
-8.27845e-07
-2.59567e-07
-2.52981e-06
-4.53476e-07
-3.71431e-06
-1.68268e-06
7.18309e-07
-1.00642e-06
-3.24738e-06
-2.57848e-06
-2.02276e-06
3.18328e-07
-2.46423e-06
-9.62637e-07
-8.4991e-07
-3.52278e-06
-2.06096e-06
-1.48035e-06
-1.12397e-06
-2.01067e-06
-3.17939e-06
1.58706e-07
-2.53711e-06
-9.93446e-07
-9.87834e-07
-1.5287e-06
-1.84998e-06
-3.15245e-06
-1.695e-06
-1.05435e-06
-2.71664e-06
-1.85928e-06
-1.70459e-06
-2.33469e-06
-1.40029e-06
7.20587e-07
-3.22451e-06
-1.17795e-06
5.43178e-07
-2.86306e-06
-1.63122e-06
-9.51902e-07
-3.52727e-06
-1.56328e-06
-2.3511e-06
-1.22432e-06
-1.14156e-08
-6.48484e-07
-1.82679e-06
-2.8506e-06
-3.62869e-06
-1.65061e-06
3.93274e-07
-1.88976e-06
1.00564e-07
-2.10034e-07
7.6559e-07
-2.71007e-06
-6.36797e-08
-2.90284e-07
-9.15958e-07
-1.9994e-06
-1.61991e-06
-8.46908e-07
-1.08617e-06
-9.22097e-07
-2.29753e-06
-1.94694e-06
-1.93036e-06
-2.20111e-06
-1.53379e-06
-6.85085e-08
-1.16364e-06
-1.84254e-06
-2.15205e-06
-1.9931e-06
-2.01154e-09
6.40275e-07
-1.43883e-06
4.56375e-07
7.79739e-07
-2.98831e-06
-9.52808e-07
-2.79985e-07
-6.4755e-07
-1.10522e-06
6.80283e-07
9.40841e-08
-5.84312e-07
-2.88842e-06
-3.39937e-07
-8.94638e-08
-3.20001e-06
-1.15165e-06
-3.19012e-07
-3.26294e-06
-1.20687e-06
-2.98886e-06
-2.27261e-06
-2.14976e-06
-3.72019e-06
-1.07757e-06
-1.30652e-06
-2.45168e-06
-1.40294e-07
-6.36436e-07
-2.88045e-06
-1.2465e-06
-7.51447e-07
-1.53281e-06
-7.07873e-07
-1.1323e-06
-1.56343e-06
5.74857e-08
-1.17579e-06
-8.95523e-07
-1.04029e-06
-3.6184e-07
-2.70729e-06
-2.90384e-06
-8.01449e-07
-1.60969e-06
2.7597e-07
1.7965e-07
-1.50206e-06
-1.76602e-06
-1.05623e-06
-1.70717e-06
2.51582e-07
-1.9878e-06
-1.86648e-06
-1.23212e-06
-9.17609e-08
-1.16288e-06
-3.36445e-06
-2.70815e-07
-9.26524e-07
5.22718e-07
-1.18276e-06
-1.02689e-06
-6.44458e-07
1.78332e-06
-1.55938e-06
-2.34054e-07
-2.97839e-06
-2.59748e-06
-1.44264e-08
-1.7809e-06
-2.7923e-06
-1.1082e-06
-1.5507e-06
-1.06913e-06
-1.38598e-06
4.35261e-07
1.30404e-06
-1.31994e-06
-1.178e-07
2.03392e-07
-3.40045e-06
-1.51984e-06
-7.78213e-07
-3.6313e-07
-2.78687e-06
-7.99257e-07
-3.5974e-06
-2.48294e-06
-3.01038e-06
-1.12918e-06
-2.34072e-06
-1.38573e-06
-1.40828e-06
-8.48406e-07
-1.3497e-06
-1.2581e-06
-1.89253e-06
-7.68995e-07
-3.01094e-06
-2.34233e-07
-2.69367e-06
-1.97994e-06
-1.5375e-06
-5.67005e-07
-2.58692e-06
-1.44463e-06
-2.1132e-06
9.73686e-07
-2.07476e-06
-2.4425e-06
1.21363e-06
-5.68632e-08
-3.01196e-06
-5.45761e-07
1.17247e-06
-5.6361e-07
-6.17288e-07
2.55773e-08
-1.22065e-06
-1.95319e-06
-3.20043e-07
-2.43001e-06
-1.48676e-06
-1.7781e-07
9.59804e-07
-1.08659e-06
-3.52961e-06
-3.01288e-06
-7.68311e-07
-1.04329e-06
-4.72057e-07
-2.8149e-06
-6.81634e-07
-5.74805e-07
-2.30516e-06
-1.75441e-06
-2.3121e-06
-3.70179e-07
-6.05537e-08
-2.2893e-06
-2.99514e-07
-2.33668e-06
1.35688e-06
-2.03424e-06
-1.99303e-07
-2.99874e-06
1.4238e-07
-1.41288e-06
-2.55551e-06
5.104e-07
-2.2901e-06
-2.52423e-06
-1.72055e-06
-3.576e-06
-1.92493e-06
4.26919e-07
-1.36961e-06
-4.01287e-06
-1.20241e-06
9.67288e-08
-1.46971e-06
-3.66786e-07
-2.09809e-06
1.11256e-06
-1.54052e-06
-4.70821e-07
-1.4547e-06
-2.88339e-06
-2.07115e-06
5.42638e-07
-8.23571e-07
-1.96714e-06
-2.44037e-07
-2.25853e-06
-2.47559e-06
-8.51294e-07
-6.89383e-08
-1.00019e-06
5.26164e-07
-1.56826e-06
-2.09695e-06
-1.60015e-06
-4.03504e-07
-1.39753e-06
-3.4473e-07
-8.65113e-07
-3.27151e-06
-1.46879e-06
5.06466e-07
-1.67565e-06
-1.52117e-06
5.52743e-08
-1.97672e-06
-1.89506e-06
-2.52111e-07
-7.50848e-07
-1.88713e-06
-3.716e-06
-1.68666e-06
9.23145e-08
-1.13056e-06
1.17504e-06
-3.08039e-06
4.43837e-07
-1.00303e-06
-7.10274e-07
-1.16165e-06
-2.02687e-07
8.90085e-07
-7.4038e-07
-1.66895e-06
-2.30205e-06
-2.59616e-06
-2.64114e-06
-5.96609e-07
-1.50875e-06
-2.76811e-06
-8.58254e-07
-4.89759e-07
-2.09056e-06
-6.76189e-07
-2.79341e-06
-2.75404e-06
-1.71875e-06
-7.65659e-07
-2.06374e-06
-1.08473e-06
-2.35795e-08
-1.1073e-06
-3.16467e-06
-2.2748e-06
-1.70066e-06
-5.0147e-07
4.95707e-07
-1.43657e-06
-2.20119e-06
2.24192e-07
-2.0773e-06
-3.28727e-07
-3.54937e-06
-1.25391e-06
-1.44184e-06
-1.36427e-06
-2.32069e-06
-9.65478e-07
-1.63435e-06
1.45432e-06
-1.63048e-07
-8.10418e-07
5.46047e-07
-2.05063e-06
-1.70731e-06
-3.67376e-07
-6.3583e-07
-2.1118e-06
-1.31268e-06
-1.51734e-06
-3.13253e-06
-3.49774e-06
-1.71898e-06
-3.66071e-06
1.12898e-06
-2.43935e-06
-1.14406e-06
-4.06082e-07
-9.41687e-07
-2.30354e-08
-8.36054e-07
-1.03696e-07
-4.74737e-07
-7.27133e-07
-2.22989e-06
-6.49704e-07
1.60871e-07
-3.74624e-07
-7.67388e-07
-2.53653e-06
-1.82029e-06
2.28708e-07
-3.04857e-06
-8.52027e-07
-1.38934e-06
-1.24369e-06
-4.25614e-06
-3.00552e-06
-1.20894e-06
-2.18124e-06
-2.26662e-06
-1.35375e-06
-4.46769e-07
-1.07474e-06
-2.3731e-06
-2.12011e-06
4.86247e-08
-2.3255e-07
-1.47821e-06
-5.02943e-08
-1.87786e-06
-3.7635e-07
-1.62856e-06
-4.59049e-07
1.32853e-07
-2.93112e-06
-1.28634e-06
-3.71559e-07
-6.36495e-07
-1.76599e-06
-2.02009e-06
-2.15845e-06
1.26661e-07
-1.14089e-06
-4.14671e-07
5.99898e-07
1.66377e-06
-6.75388e-08
-6.45324e-07
-1.63299e-06
-3.59866e-07
-2.71138e-07
2.76272e-07
5.27388e-08
8.57492e-09
-1.525e-06
3.30191e-08
-8.3217e-07
3.45183e-07
-4.59161e-07
-1.91223e-07
-4.39103e-07
-1.37266e-06
2.32919e-07
-7.35197e-07
-2.65817e-06
-4.23016e-07
1.14327e-06
-2.54115e-06
-7.79062e-07
-2.24947e-06
-8.46523e-07
-6.17846e-07
-1.80089e-06
1.16533e-06
-6.95579e-07
-8.92806e-07
2.59168e-07
-8.34304e-07
3.08226e-08
-1.95381e-06
-1.43077e-06
-7.08827e-07
-1.56499e-06
-3.09528e-06
7.89606e-07
-3.56854e-08
-8.75743e-07
1.20039e-06
-8.48167e-07
-7.8167e-07
-7.66759e-07
-2.23703e-06
2.22601e-07
-4.54822e-07
2.39342e-07
-1.88141e-07
5.84232e-08
1.61448e-06
2.21802e-08
1.1286e-06
-8.02478e-07
-1.0067e-06
1.12084e-06
-1.63435e-06
-2.28628e-06
-5.73745e-07
-2.66997e-06
1.27091e-06
-2.1945e-06
4.28734e-07
2.52926e-07
-7.17074e-07
1.19925e-08
2.22553e-06
-1.81646e-06
-1.46713e-07
-1.76986e-06
-1.47777e-06
-3.14506e-06
1.71689e-06
-2.75365e-06
-4.09738e-06
1.36418e-06
4.65399e-08
8.18173e-07
-2.10038e-06
-8.54305e-07
-9.35923e-07
-2.88238e-06
-8.27347e-07
-2.65418e-06
-7.70417e-08
-1.17481e-06
7.91477e-09
-2.95532e-07
-1.87324e-06
-7.03672e-07
7.58573e-07
-9.31241e-07
-1.68247e-06
1.69228e-06
-9.0581e-07
4.84195e-08
-6.5503e-07
4.35523e-07
2.90548e-07
-1.03167e-06
1.42944e-06
-3.95142e-07
-4.07011e-07
-4.96298e-07
-2.51688e-07
-1.57942e-06
-3.71459e-06
-5.28715e-08
-5.9123e-07
-1.90661e-06
-1.70322e-07
-1.15112e-06
4.13077e-07
2.96658e-06
-9.64401e-07
-5.11082e-07
1.56051e-07
4.88484e-07
8.3628e-07
-2.01496e-06
-4.07682e-08
9.2177e-07
-2.11198e-07
-2.25039e-06
-6.63191e-07
-3.32594e-07
-1.36028e-06
-3.14175e-07
-1.14871e-06
-2.29064e-06
7.02506e-07
-1.97394e-06
-2.40469e-06
1.81697e-06
-4.6638e-07
5.95448e-07
-8.09399e-07
4.08797e-07
1.55669e-06
5.89053e-07
-7.94087e-07
-2.19506e-06
-1.28187e-06
4.78921e-07
-1.87472e-06
-3.80444e-07
-2.51384e-06
-1.4222e-06
-1.05546e-06
1.51097e-06
-8.59611e-07
-1.21991e-06
-6.50071e-07
-1.86912e-06
-1.08816e-06
-1.29216e-06
-4.75277e-07
-2.42668e-06
-1.01583e-06
-2.00806e-06
-1.09372e-06
-1.75118e-06
4.55898e-07
5.71828e-07
-4.10492e-07
-2.40561e-06
-3.39108e-08
-1.58093e-06
1.22016e-06
-1.05549e-06
7.88988e-07
