0.503692
0.320908
0.559241
0.928302
0.220913
0.729386
0.763627
0.0147812
0.707725
0.479908
0.966154
0.805572
0.0857663
0.865927
0.846967
0.776437
0.246786
0.826027
0.703661
0.598607
0.00233894
0.122655
0.728895
0.686718
0.884271
0.158756
0.877709
0.239708
0.213328
0.963614
0.53739
0.0335041
0.428405
0.344922
0.925643
0.0967106
0.619901
0.0625861
0.813433
0.21192
0.00469982
0.693474
0.230501
0.926765
0.233282
0.376011
0.915539
0.911315
0.790306
0.562105
0.105941
0.60933
0.737344
0.0278733
0.772086
0.307353
0.808075
0.992974
0.443115
0.508799
0.298558
0.971474
0.49756
0.846926
0.680859
0.760119
0.630535
0.344898
0.348127
0.961271
0.124024
0.688092
0.89563
0.976478
0.941843
0.452182
0.0836185
0.726596
0.223462
0.15672
0.233792
0.230992
0.596345
0.729135
0.725335
0.591201
0.13946
0.530268
0.741692
0.37816
0.29124
0.608686
0.323618
0.286023
0.723154
0.331401
0.0424258
0.952677
0.331273
0.525254
0.200124
0.946292
0.48299
0.0560931
0.647157
0.997708
0.374773
0.201043
0.371834
0.647153
0.587657
0.603434
0.101158
0.428378
0.454841
0.660328
0.313701
0.503931
0.381286
0.883188
0.344264
0.676438
0.0609162
0.492955
0.921882
0.467008
0.0559134
0.80701
0.971785
0.0865323
0.40561
0.414481
0.699254
0.0456189
0.578018
0.1639
0.345868
0.217008
0.00390668
0.489488
0.741487
0.69596
0.2909
0.598946
0.570052
0.265747
0.375211
0.262706
0.224341
0.0766568
0.0873475
0.158409
0.575606
0.464272
0.481202
0.602135
0.333631
0.224029
0.0500547
0.0271913
0.496156
0.201797
0.853629
0.520979
0.692928
0.503333
0.028764
0.997236
0.222202
0.233353
0.0887639
0.00252393
0.566572
0.856481
0.76079
0.744768
0.926856
0.70745
0.669655
0.151579
0.281525
0.990996
0.239627
0.125202
0.907463
0.40697
0.428118
0.664578
0.504163
0.612116
0.00981531
0.98744
0.510648
0.358747
0.331678
0.800652
0.652677
0.350017
0.597672
0.925533
0.48111
0.245074
0.670778
0.179436
0.37053
0.929985
0.256728
0.419862
0.684526
0.8807
0.232001
0.686663
0.041631
0.334555
0.881543
0.826805
0.785252
0.262305
0.468729
0.67581
0.130971
0.85446
0.105872
0.200533
0.667719
0.392656
0.528503
0.267584
0.741747
0.846459
0.338639
0.143828
0.853816
0.212544
0.146827
0.0996529
0.134522
0.890936
0.044808
0.972346
0.734533
0.890702
0.13529
0.264583
0.0455322
0.0488717
0.08033
0.782959
0.433433
0.819681
0.156035
0.660671
0.900241
0.640397
0.616946
0.32705
0.399405
0.903281
0.979619
0.150038
0.49854
0.607305
0.903469
0.0872416
0.44606
0.700636
0.757009
0.94814
0.863154
0.648753
0.328147
0.322955
0.837304
0.274878
0.727595
0.521542
0.668048
0.86778
0.657383
0.987783
0.800241
0.750948
0.352126
0.753359
0.981176
0.339385
0.542131
0.659695
0.21745
0.177204
0.0211628
0.0888427
0.908656
0.720658
0.702026
0.611958
0.633755
0.312984
0.0910467
0.623295
0.221328
0.694395
0.793066
0.303659
0.13863
0.911639
0.574926
0.233862
0.46204
0.805115
0.949766
0.92821
0.805054
0.344354
0.394521
0.397869
0.976784
0.0324826
0.21437
0.873304
0.413859
0.77117
0.472827
0.026803
0.87521
0.285934
0.785258
0.230572
0.524451
0.506213
0.551889
0.958109
0.30114
0.643154
0.211876
0.893598
0.302554
0.157813
0.142214
0.638794
0.812094
0.180061
0.883556
0.311634
0.968876
0.973497
0.286119
0.0596825
0.751395
0.911062
0.710837
0.455171
0.752553
0.466156
0.736435
0.520946
0.865567
0.172644
0.220358
0.361289
0.467862
0.222725
0.0959773
0.979413
0.369471
0.501901
0.265126
0.0483987
0.251231
0.924628
0.0333882
0.438482
0.488749
0.359539
0.300229
0.804978
7.16127e-06
0.849823
0.00567121
0.290664
0.703446
0.208044
0.759511
0.725626
0.626251
0.819781
0.939127
0.347509
0.287039
0.969742
0.424956
0.785525
0.25441
0.344027
0.0748898
0.963681
0.26037
0.86354
0.843509
0.33729
0.127637
0.233936
0.707575
0.827099
0.16858
0.172904
0.584256
0.214883
0.201743
0.88645
0.535516
0.386576
0.777069
0.78951
0.964242
0.968158
0.692159
0.815626
0.722536
0.5121
0.93148
0.32923
0.290127
0.0799431
0.934163
0.537805
0.309005
0.770889
0.587262
0.640446
0.409824
0.177362
0.704756
0.693022
0.34839
0.203821
0.308365
0.186921
0.125967
0.0618391
0.897705
0.0459825
0.721962
0.361039
0.110605
0.246608
0.310377
0.27937
0.23477
0.282424
0.827331
0.544858
0.59045
0.689354
0.614866
0.730483
0.949274
0.0929581
0.373346
0.324551
0.38927
0.687542
0.00453698
0.581897
0.649538
0.581842
0.633261
0.795051
0.156445
0.995146
0.886355
0.0782032
0.144289
0.192897
0.0477854
0.711592
0.0572126
0.199723
0.267553
0.81104
0.456988
0.596636
0.323001
0.917936
0.151147
0.863159
0.950098
0.934297
0.549098
0.476907
0.231227
0.779966
0.131207
0.889614
0.686087
0.122048
0.877607
0.121087
0.281621
0.46184
0.715172
0.150454
0.0550038
0.530004
0.657476
0.946403
0.705254
0.366953
0.747085
0.5108
0.507679
0.500866
0.0476564
0.573568
0.221327
0.47829
0.248325
0.520767
0.289512
0.571438
0.0532694
0.0821291
0.831394
0.197323
0.138253
0.77566
0.517134
0.305701
0.896951
0.298137
0.750496
0.152306
0.470143
0.997438
0.223045
0.6546
0.939927
0.647519
0.434936
0.960618
0.748969
0.753941
0.977427
0.149094
0.656512
0.719134
0.691
0.0614173
0.614231
0.942731
0.352456
0.757511
0.728216
0.543061
0.595858
0.141156
0.000549851
0.593825
0.837138
0.850711
0.227528
0.867578
0.343999
0.293201
0.370132
0.534707
0.812907
0.095037
0.729389
0.884472
0.64627
0.664122
0.78192
0.612549
0.544848
0.754368
0.00487241
0.961022
0.212317
0.951306
0.555018
0.927094
0.715162
0.0646458
0.278626
0.725074
0.675952
0.724459
0.986045
0.219555
0.0368983
0.190942
0.147902
0.192787
0.795879
0.415308
0.120769
0.712245
0.850481
0.633558
0.516875
0.615555
0.00623277
0.872701
0.105536
0.97678
0.343831
0.839566
0.166726
0.852724
0.827839
0.272573
0.407535
0.594448
0.799951
0.38591
0.034453
0.686047
0.387783
0.889629
0.956349
0.382951
0.975056
0.128148
0.96791
0.0627601
0.740036
0.145889
0.820493
0.286003
0.477113
0.980365
0.448267
0.94437
0.288027
0.926738
0.528556
0.168931
0.0361946
0.377266
0.115114
0.340876
0.423979
0.91557
0.581292
0.462289
0.700714
0.488922
0.336897
0.472949
0.921333
0.805129
0.638196
0.22348
0.939447
0.616507
0.952972
0.681514
0.250485
0.514203
0.138275
0.710452
0.689292
0.691418
0.709241
0.234853
0.379821
0.464216
0.69635
0.610359
0.94452
0.523023
0.0926816
0.398971
0.694477
0.898265
0.50088
0.243145
0.930586
0.656729
0.341374
0.920291
0.625402
0.145075
0.919133
0.747714
0.810279
0.890415
0.208094
0.664643
0.0371717
0.612778
0.269692
0.982101
0.0825297
0.863712
0.399477
0.496643
0.498236
0.539605
0.52289
0.767012
0.79495
0.304009
0.0686881
0.45892
0.249849
0.261391
0.194047
0.546764
0.947499
0.107872
0.346406
0.0106979
0.65274
0.360804
0.767714
0.595363
0.543841
0.267369
0.45427
0.840792
0.215909
0.592642
0.592063
0.678802
0.531899
0.504954
0.61245
0.0865248
0.971267
0.0163124
0.204947
0.601928
0.3951
0.0721519
0.424929
0.356427
0.207743
0.971151
0.708347
0.170751
0.855536
0.586528
0.305493
0.99996
0.826076
0.937621
0.0237132
0.150841
0.926596
0.334293
0.348785
0.645496
0.590946
0.732366
0.0989956
0.568032
0.769268
0.882901
0.491364
0.696835
0.746346
0.0915483
0.703446
0.735811
0.10835
0.557076
0.979786
0.632577
0.07543
0.179776
0.0481107
0.0825365
0.0901892
0.663339
0.804645
0.0509769
0.0860368
0.540718
0.905417
0.87067
0.783587
0.388158
0.628065
0.10048
0.869813
0.587708
0.552231
0.876658
0.0137381
0.207232
0.410903
0.71138
0.60839
0.74304
0.523643
0.57254
0.179479
0.934378
0.814332
0.0548193
0.717823
0.871337
0.714213
0.403471
0.708845
0.951499
0.957978
0.750147
0.877733
0.948205
0.27018
0.297981
0.029131
0.0667914
0.589081
0.970497
0.175766
0.919868
0.990347
0.569018
0.726146
0.359782
0.856791
0.638054
0.413028
0.400177
0.983603
0.500796
0.768247
0.548689
0.615502
0.0374037
0.998139
0.824122
0.092183
0.765076
0.245857
0.328257
0.398873
0.231726
0.732052
0.189815
0.567759
0.618082
0.316941
0.018792
0.909793
0.164353
0.514679
0.088673
0.162788
0.634432
0.638351
0.790286
0.743225
0.55709
0.871453
0.547955
0.893379
0.483774
0.673848
0.701648
0.578415
0.424741
0.936694
0.402545
0.489541
0.920128
0.797914
0.495657
0.288612
0.596766
0.807922
0.801126
0.431369
0.587493
0.394703
0.103728
0.0199376
0.823957
0.458808
0.799773
0.916851
0.623788
0.130874
0.40423
0.947667
0.754874
0.467586
0.265958
0.318817
0.37982
0.952014
0.391768
0.713298
0.887477
0.701881
0.911938
0.411459
0.557246
0.222164
0.553459
0.932487
0.490504
0.136904
0.599612
0.148578
0.724308
0.0962103
0.434403
0.178098
0.485862
0.486367
0.732449
0.878006
0.732705
0.811353
0.524407
0.1976
0.0807042
0.618632
0.238464
0.40342
0.981192
0.0224082
0.0580541
0.433891
0.369209
0.68172
0.157102
0.614771
0.414615
0.738483
0.326378
0.359229
0.84435
0.813815
0.822453
0.32225
0.549687
0.708239
0.0891276
0.093026
0.950045
0.592069
0.658884
0.484457
0.346617
0.284598
0.12113
0.632595
0.316723
0.495295
0.60403
0.90837
0.81235
0.177303
0.463835
0.617297
0.516993
0.155783
0.322188
0.20829
0.100595
0.059846
0.256486
0.115404
0.535667
0.0980683
0.415887
0.1221
0.799586
0.644396
0.00819455
0.471084
0.781964
0.482644
0.630816
0.42426
0.8295
0.109179
0.819329
0.505289
0.98623
0.80764
0.0224553
0.137387
0.655472
0.982212
0.502883
0.602147
0.991596
0.763082
0.642049
0.640975
0.306478
0.915591
0.17232
0.84998
0.848288
0.296232
0.311712
0.858862
0.411416
0.741478
0.77631
0.387627
0.977181
0.685576
0.848524
0.219339
0.869021
0.923066
0.632521
0.631487
0.619424
0.931255
0.0748604
0.675978
0.870001
0.45801
0.781064
0.374883
0.478091
0.268744
0.108671
0.517126
0.169272
0.572466
0.986186
0.683702
0.142533
0.984742
0.229723
0.5565
0.151109
0.348394
0.588208
0.101191
0.541791
0.397871
0.583444
0.502043
0.424573
0.977965
0.618456
0.675745
0.785794
0.841486
0.480442
0.375041
0.606156
0.680928
0.930913
0.34341
0.181476
0.194757
0.825302
0.812845
0.32198
0.741727
0.706066
0.872231
0.332917
0.686475
0.739363
0.210753
0.743672
0.623565
0.224547
0.522956
0.40161
0.0374595
0.981495
0.146254
0.102393
0.833164
0.740161
0.278503
0.209094
0.0934676
0.433893
0.263983
0.528005
0.387163
0.345147
0.193381
0.70326
0.0638898
0.222529
0.682233
0.307863
0.716012
0.836291
0.426573
0.788764
0.953833
0.860944
0.804145
0.445473
0.585104
0.331592
0.19933
0.761408
0.236168
0.833706
0.344037
0.0432628
0.330834
0.528012
0.988777
0.548923
0.699069
0.221186
0.211528
0.798273
0.795903
0.0443351
0.61039
0.881236
0.489951
0.877661
0.387928
0.316542
0.68487
0.560707
0.127184
0.165134
0.0291788
0.365382
0.203363
0.451344
0.874642
0.228797
0.132674
0.153817
0.799418
0.686709
0.191723
0.592613
0.0475804
0.0593638
0.626146
0.0525273
0.915916
0.238706
0.375243
0.0526797
0.913628
0.10269
0.114781
0.912287
0.0912792
0.295437
0.431414
0.953326
0.421045
0.477959
0.731875
0.361103
0.118314
0.941285
0.123202
0.722462
0.289661
0.292919
0.521314
0.385197
0.95829
0.861514
0.487304
0.0107249
0.246699
0.86078
0.0447987
0.443519
0.875132
0.410371
0.871106
0.903159
0.17729
0.158597
0.0344844
0.38563
0.0852642
0.0115239
0.203394
0.831687
0.446051
0.473592
0.429514
0.947686
0.532808
0.0920897
0.784252
0.313031
0.0929989
0.272906
0.880739
0.243961
0.700352
0.705185
0.0759046
0.133327
0.473711
0.0718735
0.0030655
0.338176
0.812689
0.00795117
0.99615
0.932693
0.931891
0.00220421
0.67249
0.0693584
0.169857
0.0378305
0.0311187
0.85602
0.413369
0.707448
0.996925
0.931837
0.758988
0.631441
0.574302
0.217477
0.256156
0.0794739
0.678188
0.0734752
0.4288
0.124971
0.587844
0.911244
0.706959
0.349837
0.406314
0.976881
0.930373
0.928404
0.835335
0.541927
0.757621
0.0279932
0.85182
0.519023
0.267232
0.590509
0.343056
0.301317
0.486449
0.160836
0.966183
0.735833
0.635698
0.948645
0.716945
0.780442
0.884454
0.235758
0.457064
0.0948494
0.782615
0.172502
0.0302622
0.777515
0.858337
0.832676
0.323057
0.434663
0.496932
0.6898
0.321919
0.609407
0.272094
0.812148
0.917263
0.283086
0.841324
0.158272
0.298965
0.550268
0.302364
0.5481
0.266937
0.948473
0.742362
0.61664
0.877731
0.852598
0.135071
0.715281
0.211496
0.528053
0.622717
0.77612
0.856475
0.100243
0.197372
0.934205
0.379783
0.852663
0.397745
0.071575
0.48941
0.441566
0.438344
0.104337
0.792683
0.749169
0.583525
0.515345
0.987841
0.988497
0.00699215
0.70276
0.226791
0.3227
0.0848298
0.00412936
0.419074
0.966806
0.708335
0.071925
0.949535
0.158756
0.0864881
0.953421
0.965949
0.992888
0.393304
0.0340581
0.984714
0.331744
0.41103
0.746151
0.137092
0.294671
0.394597
0.887974
0.97883
0.201813
0.925102
0.51931
0.252998
0.104074
0.23276
0.189031
0.748383
0.831324
0.316766
0.259565
0.712176
0.123845
0.304287
0.76844
0.0472484
0.745425
0.106654
0.0222044
0.985962
0.180901
0.621824
0.949003
0.0914959
0.227601
0.919494
0.962468
0.606935
0.750457
0.579704
0.301755
0.0786094
0.192648
0.91921
0.814293
0.175537
0.175475
0.836527
0.89399
0.0410268
0.73479
0.418243
0.509626
0.785382
0.195648
0.0224271
0.644216
0.0130099
0.243824
0.616283
0.101148
0.577533
0.208895
0.845678
0.872945
0.474841
0.648269
0.455189
0.247683
0.442496
0.333503
0.294358
0.527969
0.270464
0.294003
0.465543
0.720159
0.392189
0.244372
0.876623
0.841529
0.932153
0.725777
0.0901435
0.74891
0.938819
0.332069
0.216529
0.334957
0.974423
0.571268
0.872085
0.815158
0.828962
0.959933
0.0263102
0.413695
0.793899
0.920255
0.319331
0.0510391
0.467199
0.289958
0.811977
0.328556
0.18684
0.774727
0.669264
0.304683
0.00106791
0.601261
0.235962
0.257221
0.529971
0.633261
0.386893
0.0651944
0.349244
0.516284
0.903891
0.427089
0.714079
0.166351
0.108933
0.0554853
0.347624
0.163385
0.594208
0.14183
0.409603
0.878561
0.547259
0.460381
0.812993
0.755317
0.819661
0.886952
0.237454
0.152689
0.775885
0.343613
0.862761
0.155643
0.0365895
0.590913
0.504778
0.808276
0.0148996
0.0113754
0.143876
0.352034
0.657048
0.173694
0.389535
0.375896
0.104041
0.284779
0.916262
0.497975
0.993435
0.228178
0.0461794
0.939942
0.339971
0.0817012
0.22726
0.32896
0.0227162
0.461547
0.667167
0.558796
0.41215
0.48648
0.474906
0.103034
0.0141692
0.739557
0.190506
0.352891
0.639389
0.642028
0.504384
0.505394
0.412288
0.655854
0.240583
0.932124
0.665353
0.844775
0.652963
0.239143
0.563102
0.594005
0.569558
0.462367
0.166507
0.973885
0.0699109
0.258581
0.404343
0.0979434
0.213797
0.117072
0.953907
0.20362
0.37909
0.476458
0.56511
0.587991
0.020454
0.777408
0.0648386
0.343366
0.00638891
0.484411
0.318384
0.939998
0.146018
0.61846
0.995832
0.446267
0.893616
0.229715
0.301498
0.366143
0.735892
0.705753
0.0565987
0.713998
0.902909
0.159779
0.796048
0.278137
0.866008
0.489639
0.9696
0.414268
0.591473
0.528411
0.380284
0.350171
0.506277
0.633758
0.367672
0.35211
0.745712
0.473112
0.765625
0.773399
0.623925
0.973567
0.494219
0.0514082
0.384009
0.110579
0.237572
0.312902
0.422888
0.779168
0.842379
0.370871
0.431235
0.446823
0.481266
0.248989
0.18653
0.274314
0.818659
0.870416
0.8149
0.389381
0.399721
0.0822757
0.486665
0.537565
0.370256
0.234799
0.690798
0.333761
0.663294
0.323012
0.541933
0.27289
0.298519
0.920315
0.183185
0.467503
0.30755
0.158807
0.753896
0.211647
0.893269
0.38523
0.306102
0.0581949
0.701936
0.72816
0.312138
0.942292
0.706762
0.722154
0.603098
0.372766
0.287233
0.369678
0.93672
0.189885
0.469705
0.769766
0.904733
0.772463
0.734332
0.182725
0.322036
0.663872
0.414302
0.916897
0.340501
0.746173
0.706369
0.508393
0.116659
0.0496803
0.342501
0.147705
0.169562
0.170557
0.451822
0.847867
0.729396
0.386653
0.0387104
0.617177
0.626192
0.776222
0.748033
0.42104
0.501804
0.391369
0.747417
0.266018
0.793602
0.498203
0.898044
0.630135
0.924441
0.542161
0.774473
0.0299207
0.845512
0.0456798
0.594803
0.51482
0.605334
0.399339
0.52977
0.416134
0.506319
0.400104
0.472129
0.51032
0.503006
0.48488
0.239798
0.347149
0.25048
0.63636
0.215348
0.905942
0.726476
0.865624
0.60469
0.653763
0.554904
0.0147586
0.523009
0.980804
0.956985
0.947926
0.156319
0.0875799
0.889481
0.396085
0.933108
0.085367
0.708063
0.956038
0.491439
0.699784
0.483463
0.927031
0.421257
0.855237
0.783351
0.577674
0.618468
0.146358
0.369839
0.599845
0.0140819
0.647266
0.874142
0.667216
0.53276
0.789113
0.978921
0.55982
0.891989
0.0548431
0.888455
0.825269
0.790532
0.164072
0.0093375
0.0881742
0.956869
0.108981
0.052401
0.805911
0.437633
0.0544363
0.874334
0.444302
0.886128
0.746748
0.944347
0.507956
0.916095
0.358171
0.871522
0.844354
0.213551
0.69578
0.655885
0.753187
0.812907
0.721133
0.135403
0.355427
0.254611
0.919737
0.0114173
0.135984
0.777912
0.0473736
0.563948
0.994108
0.111202
0.787221
0.517878
0.860533
0.625358
0.016508
0.600767
0.74066
0.227857
0.919693
0.0535588
0.697408
0.289789
0.745678
0.696991
0.195747
0.623066
0.576247
0.379216
0.386908
0.0816395
0.0805522
0.79341
0.448102
0.785523
0.199
0.988991
0.577292
0.232447
0.883293
0.236181
0.838483
0.252546
0.876224
0.774157
0.229968
0.342538
0.860482
0.871143
0.0810649
0.964467
0.339008
0.360913
0.525364
0.658758
0.271307
0.910612
0.660532
0.710118
0.0576365
0.969154
0.546528
0.489805
0.449054
0.204968
0.410603
0.387898
0.592872
0.274364
0.557589
0.369289
0.403033
0.0943423
0.325376
0.239776
0.273475
0.766484
0.569896
0.511866
0.445128
0.787759
0.131396
0.99125
0.112908
0.771308
0.331727
0.430775
0.271937
0.0471669
0.781972
0.78698
0.0762139
0.796288
0.289874
0.240691
0.0291544
0.604246
0.653987
0.698358
0.448175
0.756354
0.733722
0.740781
0.806766
0.745084
0.995585
0.0766221
0.272846
0.740716
0.540444
0.564729
0.576459
0.264295
0.740261
0.770495
0.438555
0.056644
0.348481
0.999439
0.368928
0.679716
0.756301
0.182033
0.965375
0.523669
0.350183
0.478976
0.488429
0.602289
0.315459
0.184083
0.778912
0.745171
0.40404
0.0288951
0.800447
0.603262
0.136272
0.719563
0.49164
0.219783
0.792852
0.01524
0.806375
0.124056
0.110258
0.167258
0.510851
0.771631
0.460959
0.401605
0.538856
0.774224
0.953185
0.810556
0.300216
0.37101
0.839196
0.0153395
0.620193
0.914244
0.511745
0.721858
0.401132
0.0312519
0.267623
0.461509
0.386284
0.151744
0.220922
0.738984
0.21496
0.547771
0.629753
0.805752
0.693747
0.513337
0.556958
0.90752
0.621926
0.560115
0.9542
0.665605
0.740664
0.737996
0.666612
0.0251844
0.240695
0.0538715
0.748923
0.880446
0.553677
0.560082
0.369982
0.694524
0.0242274
0.480173
0.0114575
0.987896
0.36822
0.39372
0.256008
0.0427265
0.935758
0.231086
0.584832
0.895832
0.820443
0.100893
0.13286
0.480114
0.987138
0.767775
0.532958
0.858008
0.315337
0.847349
0.393413
0.0217805
0.753659
0.649952
0.894896
0.482209
0.25013
0.884536
0.708285
0.754498
0.0486511
0.244853
0.617783
0.382047
0.0578245
0.0455132
0.719127
0.721565
0.174917
0.325633
0.0770733
0.0926107
0.883593
0.226493
0.387648
0.134949
0.0557461
0.742278
0.3376
0.722939
0.0976073
0.914738
0.793483
0.672456
0.120755
0.477495
0.275623
0.108509
0.559855
0.639184
0.774573
0.675401
0.670836
0.463725
0.439939
0.834962
0.797639
0.98104
0.937003
0.153196
0.894041
0.298365
0.2396
0.449248
0.115833
0.801689
0.519573
0.487806
0.826748
0.9434
0.856426
0.334507
0.875974
0.769761
0.1057
0.956764
0.204235
0.929716
0.965877
0.42102
0.440353
0.768483
0.76153
0.468958
0.11616
0.556058
0.029261
0.57045
0.449658
0.0549636
0.548208
0.0719252
0.698569
0.845381
0.686779
0.447807
0.596315
0.575199
0.437223
0.00978178
0.679618
0.436727
0.925013
0.693701
0.86443
0.400676
0.7345
0.999996
0.120699
0.504045
0.921869
0.320247
0.610642
0.328289
0.537579
0.465026
0.291429
0.852582
0.940046
0.217755
0.199798
0.556884
0.977218
0.903751
0.379504
0.270551
0.36194
0.867222
0.189403
0.262364
0.780823
0.684018
0.865861
0.821901
0.893065
0.773954
0.819539
0.306164
0.502753
0.292495
0.443831
0.77315
0.618017
0.703786
0.554837
0.534753
0.492081
0.210499
0.815661
0.726941
0.692494
0.621775
0.881382
0.256576
0.19056
0.393255
0.192049
0.696019
0.948066
0.410849
0.184184
0.418735
0.960267
0.213053
0.801555
0.0676802
0.992264
0.0481415
0.0615556
0.0217818
0.477887
0.974553
0.0638017
0.541208
0.4271
0.286671
0.0960454
0.436172
0.460268
0.480075
0.0734704
0.875088
0.224047
0.478384
0.70088
0.764051
0.917736
0.197853
0.396921
0.900279
0.336769
0.883042
0.573965
0.971451
0.305291
0.147087
0.973153
0.959092
0.833779
0.0563622
0.275052
0.763021
0.826614
0.914537
0.657667
0.289371
0.504766
0.778617
0.64952
0.111364
0.66042
0.0583761
0.223226
0.831537
0.519289
0.936392
0.272827
0.039945
0.0683804
0.301793
0.28029
0.910392
0.913072
0.854178
0.00750427
0.697295
0.177414
0.162422
0.836587
0.490745
0.247483
0.514695
0.546931
0.968855
0.793724
0.218951
0.934361
0.417169
0.17634
0.617109
0.0954
0.394079
0.542143
0.916598
0.482186
0.151224
0.855869
0.0321474
0.215124
0.347903
0.314305
0.726661
0.522102
0.162433
0.962535
0.217321
0.239215
0.147394
0.885438
0.711847
0.127151
0.102157
0.527479
0.957546
0.624449
0.82116
0.440659
0.503403
0.627324
0.524628
0.618577
0.384869
0.289035
0.986641
0.980257
0.724317
0.688656
0.373284
0.446468
0.563331
0.454915
0.476767
0.273963
0.536398
0.862195
0.589809
0.99836
0.90918
0.522038
0.448366
0.874718
0.979403
0.277876
0.776734
0.93456
0.498243
0.339464
0.833979
0.541689
0.243391
0.0631357
0.827896
0.413506
0.0653925
0.919728
0.304267
0.622455
0.593568
0.126554
0.6034
0.217606
0.649632
0.106071
0.405224
0.462821
0.0245721
0.930145
0.796891
0.872271
0.440833
0.225794
0.372755
0.0332571
0.712561
0.600802
0.521346
0.241493
0.124819
0.954968
0.240902
0.206411
0.610527
0.783799
0.497841
0.480419
0.253654
0.390631
0.646876
0.330116
0.121467
0.646527
0.511613
0.652825
0.324343
0.991239
0.683747
0.318601
0.426339
0.568968
0.813722
0.98829
0.623579
0.0739525
0.808737
0.573553
0.920783
0.241805
0.857522
0.0179826
0.27577
0.897293
0.248946
0.439228
0.605765
0.724058
0.891652
0.346555
0.0315431
0.791232
0.371209
0.306723
0.491377
0.0968636
0.87902
0.895695
0.90976
0.751487
0.460197
0.124103
0.844362
0.913933
0.862992
0.559934
0.262291
0.0233321
0.792102
0.217997
0.975648
0.798469
0.921421
0.0231802
0.541207
0.294599
0.523759
0.418634
0.0031863
0.881214
0.760832
0.721344
0.191771
0.920629
0.00320489
0.197011
0.174845
0.44092
0.807752
0.106329
0.0240471
0.543365
0.844716
0.0141233
0.235503
0.088412
0.855835
0.105226
0.583992
0.73388
0.371234
0.55364
0.640056
0.166886
0.695062
0.231791
0.0710683
0.529502
0.172338
0.799023
0.74851
0.67942
0.367697
0.655255
0.0107541
0.0350801
0.98193
0.187644
0.00585783
0.266522
0.449196
0.0644687
0.581747
0.0979054
0.137433
0.756054
0.224183
0.310227
0.46572
0.943291
0.485283
0.701525
0.517463
0.870289
0.213798
0.394914
0.543528
0.658283
0.270488
0.650537
0.502046
0.304151
0.416421
0.985387
0.497781
0.48163
0.706599
0.0896578
0.425297
0.257701
0.565889
0.560399
0.470409
0.679687
0.835956
0.146167
0.654165
0.825022
0.264415
0.778267
0.343792
0.151397
0.319177
0.0612376
0.052316
0.465096
0.00354314
0.224754
0.824711
0.858082
0.392825
0.681736
0.773166
0.566332
0.326893
0.614946
0.422168
0.852545
0.0365229
0.794833
0.330395
0.212745
0.688564
0.499913
0.335489
0.529328
0.108751
0.861064
0.815126
0.74026
0.477188
0.475285
0.52744
0.1866
0.871464
0.477648
0.914588
0.797286
0.90314
0.479255
0.254428
0.792203
0.173187
0.180494
0.574203
0.292549
0.6034
0.266322
0.639981
0.0795232
0.291403
0.291732
0.0706126
0.874678
0.411269
0.0291932
0.632831
0.387442
0.0945145
0.405063
0.455901
0.895946
0.529872
0.0799395
0.117777
0.587287
0.154556
0.50521
0.673939
0.150591
0.0513754
0.181913
0.890276
0.946897
0.282269
0.294035
0.717241
0.472331
0.487643
0.793317
0.391939
0.638549
0.66408
0.652053
0.713428
0.586706
0.229334
0.167533
0.257747
0.657444
0.876019
0.305376
0.719093
0.916903
0.457964
0.654204
0.89184
0.813315
0.979441
0.891749
0.752354
0.168352
0.850176
0.182634
0.206919
0.621329
0.656546
0.37198
0.786406
0.65251
0.517295
0.470997
0.283489
0.497485
0.307804
0.947843
0.92172
0.504685
0.846811
0.596718
0.709072
0.255585
0.441514
0.814803
0.655689
0.64935
0.978759
0.229328
0.0625114
0.742115
0.646238
0.225712
0.329288
0.481983
0.170638
0.436793
0.306573
0.365693
0.872257
0.532186
0.8548
0.85124
0.938573
0.189558
0.0485214
0.807032
0.121683
0.545375
0.428018
0.813163
0.473083
0.610055
0.381358
0.673476
0.187565
0.360849
0.596893
0.370963
0.237282
0.124163
0.0713527
0.126982
0.749935
0.580347
0.128811
0.912586
0.146231
0.498422
0.781582
0.493041
0.789029
0.303575
0.0170025
0.661559
0.143913
0.512307
0.371768
0.381357
0.482784
0.215561
0.544364
0.0715728
0.0871013
0.445753
0.726999
0.00833286
0.154654
0.547161
0.139777
0.0513214
0.667794
0.309606
0.334649
0.462747
0.741303
0.296651
0.725325
0.926876
0.42378
0.431911
0.360133
0.865743
0.283219
0.44491
0.242543
0.139794
0.882265
0.823912
0.316242
0.223246
0.770951
0.958783
0.00975003
0.0426772
0.777298
0.312533
0.0964322
0.263645
0.226212
0.563258
0.891612
0.555273
0.160215
0.429154
0.577767
0.466511
0.379028
0.327429
0.488157
0.754583
0.824148
0.7427
0.300789
0.0275337
0.155884
0.764177
0.0261289
0.811061
0.0869296
0.530977
0.82632
0.510208
0.557638
0.612736
0.196844
0.254627
0.487841
0.789921
0.44597
0.523788
0.249349
0.869832
0.579523
0.130363
0.420967
0.329227
0.148174
0.593039
0.843969
0.370431
0.660776
0.951977
0.365833
0.43067
0.572572
0.889718
0.757201
0.408642
0.382821
0.935161
0.604721
0.745229
0.720235
0.293778
0.909271
0.855165
0.894998
0.503355
0.268467
0.206919
0.981412
0.357461
0.205336
0.564641
0.0134147
0.854253
0.159638
0.276618
0.289656
0.308232
0.970943
0.600339
0.0624821
0.791952
0.541096
0.778541
0.579903
0.34353
0.0638012
0.321913
0.171597
0.384323
0.551154
0.814464
0.189062
0.968575
0.695156
0.632
0.78887
0.735657
0.432959
0.218397
0.345043
0.919225
0.570721
0.253341
0.928704
0.487384
0.968665
0.964379
0.481016
0.970726
0.935738
0.626932
0.613078
0.979233
0.964417
0.578217
0.317803
0.722997
0.00804854
0.77566
0.944463
0.390473
0.0248548
0.219329
0.377084
0.194795
0.0408802
0.235979
0.101517
0.394046
0.965255
0.293075
0.991454
0.0578428
0.144888
0.989524
0.940588
0.0372369
0.60576
0.603201
0.219799
0.146356
0.245753
0.26918
0.439358
0.0864793
0.0550286
0.0904777
0.602131
0.671644
0.336927
0.991654
0.727962
0.0707235
0.662053
0.736498
0.645604
0.564145
0.169251
0.938224
0.142857
0.227899
0.369552
0.297932
0.00131789
0.822966
0.611346
0.418038
0.987858
0.106037
0.696822
0.849893
0.634067
0.530483
0.0268399
0.315203
0.990485
0.365728
0.0656374
0.664053
0.414983
0.666846
0.86296
0.965345
0.042796
0.379313
0.988209
0.479799
0.84025
0.283132
0.86441
0.829108
0.882129
0.80518
0.519419
0.937512
0.0638426
0.235949
0.180344
0.393213
0.584853
0.97218
0.235958
0.685503
0.103029
0.46629
0.613417
0.15273
0.737719
0.779033
0.224827
0.533445
0.203636
0.996986
0.051371
0.690232
0.968644
0.934718
0.712526
0.838085
0.0141245
0.172624
0.996902
0.519184
0.600607
0.496451
0.286164
0.952577
0.571432
0.369068
0.131381
0.898697
0.842122
0.733862
0.363353
0.67997
0.0187063
0.601316
0.584918
0.254634
0.816951
0.56257
0.210673
0.858753
0.159759
0.516144
0.759756
0.433851
0.829388
0.249483
0.860953
0.484534
0.913604
0.139009
0.363343
0.712495
0.0193879
0.486217
0.166404
0.51033
0.269894
0.794166
0.385247
0.642881
0.608387
0.0599463
0.41426
0.666874
0.429647
0.462824
0.0354003
0.335768
0.79703
0.594375
0.0077012
0.738419
0.748947
0.226264
0.214559
0.939165
0.605907
0.754457
0.869035
0.867099
0.719613
0.635227
0.163586
0.510499
0.259355
0.0951856
0.159986
0.303728
0.489965
0.929874
0.260776
0.354992
0.14456
0.615953
0.278714
0.34732
0.953716
0.206272
0.647287
0.748285
0.787628
0.582592
0.437244
0.351591
0.987878
0.318945
0.32055
0.512796
0.0188347
0.403661
0.543991
0.425489
0.679171
0.308358
0.562526
0.394148
0.0618023
0.92261
0.284128
0.780531
0.638683
0.105852
0.379116
0.451843
0.13849
0.838858
0.317561
0.680922
0.0869461
0.990677
0.683763
0.207924
0.299286
0.656572
0.294739
0.814691
0.405222
0.208215
0.294233
0.399183
0.122018
0.292105
0.653724
0.6481
0.0362831
0.619838
0.778847
0.402456
0.138475
0.67352
0.576757
0.279552
0.76836
0.416632
0.452464
0.729938
0.507211
0.872909
0.788322
0.347564
0.773477
0.498417
0.756718
0.331106
0.536018
0.127725
0.269272
0.314198
0.255062
0.0575413
0.0113641
0.0994074
0.421205
0.511001
0.308887
0.11493
0.455162
0.541537
0.598513
0.868126
0.168781
0.400307
0.344826
0.751901
0.889048
0.850841
0.662363
0.524795
0.330316
0.0275111
0.167905
0.253917
0.797147
0.520802
0.656664
0.575312
0.783037
0.0538936
0.979204
0.679738
0.242437
0.783004
0.89576
0.652805
0.239687
0.353617
0.271486
0.836176
0.141759
0.513252
0.571402
0.185769
0.18989
0.492255
0.103655
0.287329
0.750849
0.844069
0.0548698
0.0559039
0.127369
0.391858
0.755932
0.119103
0.00920076
0.522231
0.75245
0.682208
0.812675
0.664358
0.491512
0.656511
0.38089
0.0858643
0.621107
0.372917
0.0629727
0.927012
0.370055
0.748598
0.466843
0.900468
0.704991
0.184935
0.344668
0.773376
0.560192
0.100686
0.964405
0.0630269
0.773589
0.651579
0.52644
0.729951
0.468041
0.168385
0.542342
0.156443
0.258889
0.120542
0.425454
0.680004
0.117954
0.357636
0.164215
0.433398
0.483586
0.565951
0.900679
0.441858
0.708619
0.355202
0.0384688
0.0351469
0.101298
0.829304
0.103432
0.0981469
0.0672471
0.702818
0.0809178
0.266205
0.178607
0.194028
0.720987
0.635898
0.0529679
0.669966
0.324986
0.0656341
0.206789
0.390039
0.45004
0.915966
0.438966
0.895371
0.653343
0.867461
0.054695
0.794665
0.931013
0.557651
0.410286
0.412723
0.118572
0.774677
0.621186
0.150012
0.680036
0.963729
0.75541
0.757801
0.935039
0.299997
0.578391
0.000751062
0.363052
0.755456
0.891773
0.815461
0.710653
0.239286
0.935833
0.457369
0.432541
0.312047
0.989932
0.638295
0.124289
0.102919
0.231006
0.0777504
0.625943
0.792138
0.311195
0.774296
0.46243
0.475076
0.903415
0.028361
0.533279
0.247218
0.15511
0.721666
0.382402
0.330792
0.915706
0.748869
0.0612971
0.54933
0.762685
0.77614
0.774342
0.952869
0.714944
0.615884
0.608876
0.13106
0.999531
0.306643
0.45599
0.102074
0.670376
0.66751
0.2362
0.644412
0.637957
0.193109
0.626553
0.925283
0.0855133
0.126178
0.0619288
0.574183
0.502396
0.261188
0.271485
0.292304
0.654728
0.396879
0.149507
0.297836
0.629934
0.579949
0.160315
0.102047
0.281837
0.388827
0.205589
0.00275265
0.473167
0.941668
0.422418
0.505164
0.234264
0.71469
0.346493
0.371601
0.899073
0.556089
0.315487
0.553247
0.0592318
0.726728
0.866688
0.427969
0.103165
0.156565
0.838824
0.306829
0.545169
0.255598
0.74041
0.458273
0.231562
0.6201
0.696101
0.582744
0.92105
0.504958
0.11915
0.0613454
0.750167
0.852336
0.917086
0.326754
0.644298
0.209407
0.988689
0.323399
0.614608
0.431565
0.630528
0.686577
0.439203
0.307643
0.320415
0.698805
0.709572
0.673375
0.585289
0.405462
0.266862
0.253905
0.112738
0.438826
0.654206
0.48216
0.352609
0.777428
0.284581
0.00357369
0.530596
0.791993
0.193632
0.593936
0.14816
0.152699
0.0414488
0.570059
0.743466
0.656724
0.80602
0.181123
0.460049
0.410613
0.137455
0.759087
0.536136
0.945744
0.0366473
0.399914
0.480735
0.466594
0.167853
0.736973
0.148791
0.454623
0.232664
0.0977671
0.928037
0.462608
0.0269173
0.851582
0.872763
0.674781
0.266441
0.2928
0.29588
0.968936
0.438272
0.01453
0.90912
0.409544
0.398465
0.314243
0.0469111
0.460336
0.207413
0.537953
0.817567
0.803884
0.817912
0.429637
0.156956
0.0637859
0.306151
0.867658
0.45549
0.961016
0.434936
0.465781
0.704557
0.161528
0.538941
0.828117
0.0968504
0.0197285
0.670297
0.76648
0.70486
0.44255
0.24828
0.261119
0.0706028
0.409068
0.428581
0.260122
0.0674639
0.552614
0.82236
0.893637
0.036867
0.740598
0.0527035
0.601363
0.351929
0.837571
0.113016
0.732448
0.0768366
0.800805
0.919413
0.117337
0.0839068
0.488149
0.209297
0.0167373
0.408569
0.359027
0.524814
0.345371
0.0553046
0.898638
0.61152
0.882593
0.655893
0.717247
0.209013
0.628943
0.475399
0.543258
0.17437
0.0286935
0.731237
0.0512561
0.677138
0.759203
0.192022
0.983895
0.364291
0.725712
0.204662
0.16694
0.556272
0.762022
0.729731
0.106338
0.460105
0.57493
0.509083
0.507399
0.5388
0.515256
0.846937
0.158767
0.0732806
0.578662
0.634585
0.816683
0.805399
0.160185
0.973145
0.261561
0.382828
0.91803
0.856911
0.185853
0.169533
0.106142
0.110165
0.434613
0.377164
0.609655
0.755839
0.899125
0.207563
0.0656683
0.443077
0.318107
0.702532
0.529886
0.080683
0.906026
0.226094
0.202843
0.731342
0.0428906
0.0769009
0.212749
0.396225
0.416256
0.32834
0.379442
0.915465
0.0670339
0.242744
0.934725
0.265035
0.0939996
0.785748
0.870782
0.328764
0.700994
0.919086
0.0390474
0.734784
0.971793
0.648065
0.875334
0.344035
0.968008
0.441438
0.502815
0.799487
0.248247
0.0653278
0.789302
0.715865
0.954951
0.382798
0.408756
0.0997348
0.287616
0.966984
0.315078
0.202292
0.753036
0.892167
0.780982
0.168584
0.641537
0.760602
0.166643
0.45216
0.292406
0.0471692
0.782261
0.739008
0.589221
0.0669237
0.552901
0.996084
0.984406
0.926558
0.890875
0.926319
0.213674
0.698896
0.177798
0.564329
0.168316
0.777031
0.472509
0.495261
0.945739
0.634697
0.0968581
0.234067
0.293877
0.391299
0.756362
0.113202
0.89306
0.172327
0.291426
0.760922
0.396701
0.596867
0.870409
0.954568
0.678057
0.242209
0.519546
0.0499104
0.525418
0.596869
0.359817
0.0487782
0.112804
0.564817
0.728504
0.107019
0.269496
0.0516708
0.543142
0.284798
0.324031
0.451055
0.702021
0.885039
0.0479087
0.0776753
0.947026
0.807332
0.45418
0.529301
0.747301
0.744657
0.795773
0.779047
0.620162
0.777487
0.743046
0.58932
0.484201
0.928558
0.0960938
0.431542
0.308197
0.209934
0.669433
0.171454
0.527842
0.987638
0.186731
0.58373
0.482782
0.804647
0.562211
0.141759
0.324636
0.952962
0.39733
0.752022
0.763877
0.879314
0.440976
0.0861274
0.507233
0.778571
0.172753
0.46812
0.577366
0.0114422
0.549568
0.150455
0.331615
0.207413
0.517631
0.666278
0.682427
0.986557
0.0953594
0.988715
0.0295159
0.018095
0.129928
0.495418
0.515406
0.944577
0.938878
0.888446
0.0674602
0.293857
0.645184
0.335065
0.0670935
0.719434
0.667144
0.404284
0.109243
0.862609
0.759389
0.342109
0.0803318
0.492226
0.906266
0.068119
0.338786
0.105852
0.817726
0.0785722
0.722011
0.599665
0.337917
0.865012
0.307431
0.728315
0.536459
0.810305
0.135773
0.251858
0.335349
0.609785
0.782754
0.912645
0.0186407
0.187979
0.780084
0.00476878
0.563959
0.838026
0.223833
0.372542
0.469193
0.203729
0.156938
0.106937
0.170743
0.806941
0.660617
0.828236
0.801157
0.371132
0.994691
0.782803
0.557676
0.749425
0.729431
0.170499
0.496185
0.897202
0.798028
0.44042
0.570833
0.565737
0.861724
0.290275
0.761853
0.98548
0.781005
0.846212
0.703207
0.192008
0.22635
0.316468
0.908793
0.990876
0.0762754
0.484678
0.741814
0.0878689
0.709245
0.215013
0.622751
0.00501884
0.64308
0.507897
0.749756
0.940885
0.0298858
0.745817
0.301322
0.592389
0.419338
0.198735
0.777542
0.134891
0.0911882
0.562605
0.779912
0.82783
0.50762
0.487884
0.420401
0.451703
0.148987
0.148104
0.728318
0.270925
0.763139
0.284189
0.284181
0.731447
0.977756
0.864501
0.910445
0.847323
0.78459
0.128306
0.56251
0.983669
0.344282
0.60504
0.190788
0.568076
0.179985
0.792023
0.620969
0.199045
0.885186
0.968849
0.229941
0.637434
0.306102
0.84641
0.750336
0.985861
0.733639
0.599322
0.805505
0.952348
0.8688
0.655499
0.0340238
0.466706
0.246685
0.383487
0.708746
0.45979
0.322946
0.129316
0.785355
0.840502
0.425035
0.0601167
0.802453
0.915786
0.899687
0.272846
0.937793
0.778184
0.0259452
0.338094
0.104904
0.250585
0.280809
0.883649
0.827105
0.106223
0.524365
0.728331
0.221245
0.143533
0.79274
0.693568
0.943477
0.872244
0.481024
0.331937
0.71553
0.689515
0.867486
0.935067
0.547961
0.899656
0.212092
0.0851778
0.956088
0.0518215
0.198851
0.0790591
0.704152
0.521185
0.911619
0.212565
0.268934
0.363447
0.58033
0.066078
0.817643
0.76287
0.227477
0.121524
0.0503824
0.875159
0.422797
0.540701
0.842474
0.309593
0.53128
0.729137
0.63155
0.429732
0.76553
0.100429
0.720123
0.131407
0.505178
0.625787
0.487
0.548051
0.99178
0.636235
0.552816
0.454909
0.735359
0.0306829
0.392909
0.910345
0.0178329
0.818052
0.0503974
0.874091
0.400601
0.361366
0.78443
0.726778
0.00790258
0.674658
0.554553
0.0357459
0.273803
0.914148
0.162209
0.785583
0.71104
0.160407
0.984476
0.978647
0.958846
0.815661
0.594623
0.115504
0.232575
0.848789
0.718923
0.785134
0.674772
0.648739
0.840812
0.595283
0.990966
0.661409
0.855045
0.0972722
0.726013
0.869178
0.730506
0.0984929
0.00181388
0.9364
0.357891
0.865618
0.54234
0.772297
0.3959
0.626607
0.317561
0.455039
0.35572
0.258357
0.333749
0.40699
0.0832439
0.439693
0.539625
0.892589
0.382217
0.607261
0.537806
0.85982
0.991874
0.798804
0.339281
0.821939
0.140762
0.807524
0.470693
0.0189601
0.035076
0.868071
0.515584
0.963538
0.458785
0.457311
0.40515
0.935841
0.73373
0.138993
0.706732
0.695993
0.648509
0.107503
0.287333
0.553444
0.644566
0.686087
0.960076
0.288421
0.0441482
0.334192
0.641106
0.919137
0.127684
0.0712141
0.461064
0.666142
0.384835
0.676961
0.0647704
0.690266
0.778142
0.0737329
0.926881
0.430822
0.127936
0.555672
0.42637
0.913377
0.959216
0.891093
0.265119
0.971037
0.0745033
0.986398
0.0220321
0.439515
0.536382
0.383261
0.759326
0.969519
0.126236
0.688297
0.926223
0.334733
0.5883
0.300368
0.588751
0.724036
0.0523253
0.697442
0.1224
0.888407
0.976829
0.413614
0.743353
0.579017
0.948677
0.46216
0.388312
0.133794
0.599617
0.641287
0.457054
0.728324
0.670026
0.575421
0.374521
0.607118
0.669852
0.527868
0.296558
0.667132
0.862805
0.268545
0.469776
0.930038
0.343013
0.692101
0.788307
0.193401
0.0576024
0.432901
0.840165
0.912887
0.537891
0.882976
0.248285
0.374461
0.327383
0.792999
0.941384
0.494933
0.635765
0.0363675
0.853346
0.792293
0.489427
0.347552
0.77834
0.213507
0.583639
0.0204577
0.118818
0.479159
0.791178
0.427003
0.721557
0.182417
0.132169
0.367096
0.86305
0.543079
0.8698
0.601301
0.240994
0.220179
0.685968
0.477031
0.852105
0.906009
0.857323
0.824539
0.845504
0.993933
0.273179
0.904804
0.868771
0.756723
0.29229
0.467231
0.392231
0.195693
0.597686
0.769018
0.281323
0.923247
0.379952
0.740829
0.849837
0.645878
0.475901
0.74383
0.358546
0.470493
0.220074
0.672686
0.730145
0.165045
0.0135793
0.369861
0.600056
0.561754
0.811718
0.874123
0.0344204
0.636465
0.898968
0.464915
0.550013
0.973368
0.250102
0.78948
0.353333
0.342969
0.459585
0.296613
0.212292
0.0921795
0.893904
0.878629
0.842215
0.213893
0.696264
0.145205
0.518508
0.157208
0.790534
0.255809
0.466695
0.34088
0.107907
0.818133
0.505347
0.245705
0.330858
0.785802
0.396474
0.887404
0.864454
0.965437
0.152587
0.807605
0.156496
0.353129
0.789855
0.175179
0.787587
0.783703
0.489297
0.380969
0.199857
0.493229
0.156762
0.838456
0.80478
0.0370895
0.39396
0.108259
0.442695
0.707631
0.371941
0.470875
0.203142
0.754286
0.219632
0.859496
0.61546
0.0425349
0.340151
0.806704
0.126217
0.312939
0.968301
0.98497
0.069907
0.375713
0.414808
0.303746
0.475625
0.706497
0.819009
0.324668
0.560958
0.192135
0.18239
0.712388
0.850438
0.225621
0.0131355
0.136819
0.86528
0.395817
0.691844
0.0378556
0.729599
0.882591
0.593822
0.558113
0.8438
0.77652
0.736722
0.369958
0.486943
0.664398
0.962617
0.392946
0.439713
0.0856223
0.823163
0.7802
0.303903
0.181595
0.0710158
0.402342
0.310589
0.820253
0.0193052
0.358495
0.86408
0.3171
0.833506
0.12449
0.0549774
0.876259
0.487902
0.730391
0.473536
0.724843
0.706297
0.057466
0.805478
0.407438
0.712435
0.608247
0.433745
0.721924
0.543206
0.596967
0.954768
0.0186001
0.886374
0.957736
0.311173
0.26851
0.712193
0.291345
0.354578
0.500446
0.433415
0.84784
0.195996
0.812557
0.712322
0.768654
0.558107
0.281862
0.623328
0.312778
0.949678
0.544154
0.363909
0.603584
0.986563
0.799959
0.442114
0.564727
0.673963
0.865827
0.321679
0.252706
0.542382
0.0191584
0.251995
0.419563
0.0128936
0.766341
0.74584
0.648736
0.653679
0.957783
0.364374
0.229095
0.908152
0.626881
0.148986
0.500932
0.671867
0.0550048
0.364161
0.785879
0.620696
0.779265
0.784172
0.453265
0.61795
0.160276
0.317094
0.0462585
0.28949
0.399169
0.503911
0.283077
0.988686
0.0747551
0.884147
0.032791
0.601051
0.283295
0.406791
0.829694
0.560615
0.488714
0.625659
0.761906
0.3357
0.829177
0.134129
0.291386
0.306627
0.02588
0.997676
0.799398
0.190903
0.577148
0.284442
0.458758
0.0440548
0.893717
0.0663173
0.307649
0.742108
0.0621184
0.112271
0.414591
0.410293
0.691478
0.857619
0.523739
0.606188
0.99881
0.645971
0.406407
0.0683288
0.220527
0.365227
0.82023
0.48919
0.471581
0.663562
0.443561
0.159852
0.594395
0.280196
0.125279
0.507651
0.816505
0.391508
0.28702
0.680651
0.605006
0.196636
0.68275
0.689411
0.593841
0.374587
0.772509
0.832454
0.610885
0.453435
0.913771
0.0849601
0.986186
0.466977
0.129889
0.664375
0.932574
0.707756
0.793688
0.10596
0.961197
0.0572185
0.744266
0.0948381
0.6867
0.140365
0.433461
0.386783
0.393528
0.88652
0.702838
0.486145
0.51833
0.10098
0.113688
0.993036
0.220337
0.799002
0.29672
0.0123825
0.194586
0.685166
0.457269
0.0173783
0.170841
0.220027
0.261538
0.0246572
0.481115
0.0138425
0.378823
0.395504
0.662896
0.596949
0.463947
0.666057
0.334974
0.300628
0.382638
0.582726
0.604772
0.309997
0.691643
0.455853
0.526745
0.630797
0.698631
0.0216948
0.926134
0.557256
0.298863
0.305916
0.484811
0.999832
0.0525991
0.801015
0.657928
0.76973
0.626649
0.594139
0.240884
0.494657
0.249801
0.0670568
0.158918
0.421806
0.253043
0.473717
0.619776
0.288011
0.40472
0.0707197
0.772678
0.561366
0.853532
0.161643
0.675297
0.171901
0.38883
0.273418
0.193511
0.155359
0.80198
0.145701
0.725486
0.367984
0.938107
0.446571
0.213209
0.0378999
0.302392
0.547441
0.593926
0.749585
0.123019
0.384864
0.588539
0.804737
0.793527
0.781359
0.849327
0.407247
0.999996
0.0769966
0.904636
0.825363
0.653188
0.283943
0.941063
0.32117
0.456245
0.655923
0.0524955
0.843201
0.877693
0.481979
0.513905
0.922529
0.916874
0.759689
0.299172
0.931458
0.0142361
0.787065
0.80426
0.022062
0.682608
0.781416
0.627505
0.799268
0.26012
0.462007
0.55682
0.487533
0.760866
0.173266
0.35316
0.399876
0.486604
0.708821
0.878852
0.963794
0.866545
0.617325
0.138602
0.956508
0.390167
0.370389
0.610889
0.744935
0.606081
0.236096
0.483959
0.385816
0.175089
0.499205
0.150273
0.669908
0.407084
0.756595
0.772984
0.985486
0.984944
0.758806
0.931248
0.512625
0.796187
0.889562
0.770989
0.7499
0.93115
0.749615
0.823334
0.081943
0.174293
0.546226
0.414291
0.626385
0.667029
0.91896
0.828074
0.102673
0.282884
0.672799
0.690841
0.825842
0.0383801
0.373081
0.589029
0.518623
0.646621
0.284366
0.324132
0.288904
0.708456
0.94015
0.259832
0.359245
0.985747
0.339072
0.361115
0.919537
0.531429
0.114678
0.905357
0.988828
0.129818
0.0800718
0.594571
0.140202
0.355812
0.649948
0.355199
0.746746
0.524872
0.699661
0.336637
0.0960176
0.342414
0.852811
0.685758
0.171985
0.865847
0.698129
0.794728
0.012253
0.115364
0.45075
0.932732
0.371888
0.456311
0.344195
0.202224
0.573192
0.653753
0.471675
0.97313
0.462113
0.678604
0.811053
0.743422
0.70102
0.242004
0.0860819
0.241737
0.700642
0.833766
0.449316
0.551739
0.908664
0.681486
0.458446
0.0151321
0.0855552
0.328658
0.850536
0.894005
0.217435
0.224968
0.698904
0.143179
0.955308
0.17228
0.248902
0.386881
0.706062
0.276398
0.81907
0.877747
0.422406
0.823118
0.999756
0.919146
0.00992546
0.42508
0.745289
0.898686
0.293418
0.363602
0.761609
0.89941
0.105242
0.08488
0.185158
0.110535
0.674529
0.43465
0.234536
0.847661
0.1772
0.0395737
0.434086
0.0631549
0.0357932
0.725776
0.908241
0.803108
0.517125
0.666049
0.759712
0.502733
0.553204
0.94633
0.382762
0.289765
0.787097
0.58576
0.660979
0.324204
0.112648
0.5558
0.782849
0.157075
0.755692
0.64873
0.446253
0.874811
0.838439
0.656353
0.00897544
0.832919
0.417363
0.09408
0.658784
0.695346
0.248296
0.408712
0.732031
0.71283
0.9729
0.923672
0.194029
0.717795
0.66335
0.531855
0.935093
0.21679
0.513028
0.264146
0.378223
0.258336
0.930498
0.247174
0.290991
0.254646
0.05744
0.616441
0.237209
0.271071
0.230636
0.700957
0.982246
0.480906
0.902204
0.266582
0.507476
0.194888
0.515129
0.455839
0.620731
0.87448
0.774028
0.765887
0.312509
0.296133
0.164564
0.528463
0.525073
0.430399
0.254249
0.495308
0.524394
0.824825
0.262305
0.469623
0.0834359
0.208578
0.0260253
0.416901
0.447265
0.385519
0.960913
0.169032
0.314539
0.150838
0.335483
0.730411
0.130089
0.0302096
0.0196744
0.955727
0.758745
0.942902
0.67889
0.473482
0.286071
0.620324
0.809824
0.883738
0.782709
0.819545
0.0550248
0.928394
0.0580849
0.0907646
0.0191238
0.762786
0.0809005
0.721551
0.431297
0.259286
0.789647
0.506983
0.580085
0.587519
0.0496704
0.246639
0.211209
0.141502
0.464423
0.984884
0.700509
0.762529
0.269515
0.60498
0.120549
0.264734
0.798459
0.513891
0.277935
0.351869
0.235082
0.945682
0.539042
0.268841
0.577984
0.48788
0.724533
0.735942
0.410939
0.775865
0.889961
0.498753
0.267615
0.508275
0.995982
0.00324548
0.837532
0.326857
0.73316
0.883424
0.193507
0.533665
0.0312586
0.0975173
0.475047
0.391789
0.934361
0.485291
0.728764
0.947619
0.226606
0.0579144
0.867437
0.0261148
0.0806457
0.271246
0.719815
0.316573
0.973333
0.453068
0.742967
0.0560804
0.192682
0.797728
0.217175
0.0124755
0.858225
0.774527
0.901895
0.301561
0.459104
0.27436
0.413216
0.497136
0.255182
0.790976
0.63057
0.0490261
0.94146
0.252051
0.331611
0.139558
0.0317119
0.981989
0.645763
0.0777047
0.803412
0.446883
0.28476
0.288463
0.368485
0.354409
0.0882876
0.031535
0.588615
0.406608
0.132202
0.796141
0.222749
0.474927
0.128776
0.859025
0.0131796
0.978039
0.77875
0.153053
0.159546
0.214301
0.104451
0.285925
0.803532
0.460647
0.735028
0.52936
0.441112
0.257003
0.744558
0.707002
0.0635353
0.185885
0.430725
0.0842167
0.497726
0.748518
0.0901015
0.0840369
0.755027
0.377369
0.475258
0.447223
0.915197
0.605168
0.797572
0.762755
0.169111
0.74327
0.362825
0.967201
0.248452
0.996811
0.989246
0.340221
0.130798
0.378748
0.05213
0.346509
0.657491
0.839093
0.0351248
0.727616
0.73801
0.312228
0.731174
0.529365
0.306847
0.759933
0.538335
0.906658
0.607341
0.517296
0.065442
0.556913
0.898812
0.897224
0.335641
0.471299
0.0419913
0.990327
0.0663503
0.6836
0.724753
0.948824
0.953446
0.0443428
0.765796
0.787723
0.10112
0.558468
0.0301956
0.00716674
0.77443
0.0955833
0.930874
0.924373
0.695606
0.242852
0.627971
0.334325
0.00216195
0.243273
0.566418
0.890636
0.997332
0.946259
0.329387
0.447824
0.000933676
0.673054
0.763478
0.949866
0.237442
0.303317
0.605615
0.245535
0.0540756
0.151308
0.413326
0.37481
0.340309
0.0104721
0.879142
0.572362
0.357397
0.597488
0.424249
0.662004
0.0292727
0.0242294
0.154008
0.210372
0.476388
0.110397
0.288252
0.55503
0.515154
0.43322
0.772958
0.441906
0.774192
0.469033
0.381019
0.938495
0.884992
0.937716
0.691154
0.517112
0.562646
0.588519
0.865942
0.206846
0.464322
0.490704
0.469939
0.337498
0.63716
0.275091
0.240843
0.938123
0.981
0.215995
0.039363
0.129201
0.700547
0.85399
0.189137
0.959741
0.133709
0.851861
0.628626
0.468453
0.134841
0.537849
0.103134
0.943485
0.363329
0.906345
0.39418
0.712594
0.576999
0.488302
0.193657
0.84749
0.220374
0.958281
0.355564
0.556956
0.113559
0.847628
0.520021
0.122567
0.722651
0.585572
0.256024
0.179886
0.351054
0.589704
0.183285
0.621736
0.88909
0.563076
0.388925
0.184142
0.230297
0.879158
0.940033
0.793041
0.0173495
0.350922
0.332212
0.11894
0.682875
0.0572725
0.148997
0.96737
0.0607729
0.779624
0.548676
0.360026
0.593941
0.932394
0.0397361
0.0607768
0.756352
0.534067
0.184166
0.821574
0.822644
0.845554
0.773296
0.72525
0.28919
0.469132
0.746625
0.254524
0.632216
0.672427
0.980677
0.452371
0.354991
0.283089
0.652959
0.182346
0.770526
0.447714
0.0253124
0.689547
0.220668
0.389375
0.680311
0.287828
0.475324
0.171377
0.684479
0.670536
0.0125063
0.601216
0.757969
0.776048
0.684334
0.783468
0.5557
0.670865
0.698514
0.111501
0.623081
0.183329
0.166793
0.121449
0.422144
0.696618
0.316961
0.841029
0.945774
0.323252
0.276993
0.11191
0.387334
0.272452
0.0166185
0.884801
0.969026
0.908948
0.420301
0.695236
0.479014
0.797765
0.660931
0.91622
0.0578589
0.251118
0.505449
0.3966
0.151736
0.220353
0.586942
0.242933
0.630822
0.124784
0.620239
0.137754
0.638903
0.0687315
0.722406
0.867069
0.452407
0.723107
0.354865
0.554293
0.232202
0.783743
0.784615
0.779891
0.517091
0.856635
0.381045
0.0711824
0.127112
0.842146
0.0394618
0.526703
0.149004
0.0649067
0.44526
0.324981
0.340095
0.100388
0.352509
0.806194
0.417145
0.681069
0.389512
0.428206
0.399082
0.973917
0.648892
0.922274
0.329219
0.741623
0.46814
0.0297638
0.432933
0.162969
0.555573
0.490011
0.540878
0.697342
0.103895
0.587478
0.673605
0.782781
0.2882
0.135388
0.178816
0.0483501
0.890849
0.158057
0.674088
0.133559
0.561406
0.434923
0.541528
0.819577
0.898626
0.543012
0.241328
0.708895
0.453042
0.349243
0.642136
0.322185
0.544198
0.37074
0.735967
0.942256
0.0240854
0.621219
0.426018
0.731451
0.973194
0.440572
0.552824
0.991634
0.803334
0.0975853
0.671431
0.477302
0.393044
0.497562
0.0310217
0.521475
0.435726
0.270811
0.243318
0.971664
0.183169
0.519287
0.233468
0.317367
0.478687
0.877214
0.964459
0.944151
0.53647
0.970086
0.267124
0.424722
0.0164114
0.511925
0.733143
0.204664
0.60371
0.76128
0.279481
0.788263
0.828805
0.185861
0.487301
0.554766
0.367639
0.500133
0.437256
0.624963
0.109428
0.454417
0.815482
0.140212
0.45325
0.622679
0.0707045
0.954048
0.206309
0.156682
0.456917
0.147373
0.89041
0.627147
0.852541
0.0357415
0.587744
0.919359
0.663688
0.0121707
0.00478753
0.620817
0.114979
0.254459
0.0809106
0.0224707
0.116063
0.740773
0.12415
0.353912
0.979295
0.260862
0.716189
0.943892
0.0562961
0.103344
0.172523
0.0947688
0.699872
0.257965
0.262093
0.174638
0.7399
0.0774991
0.494488
0.90102
0.635624
0.862427
0.5643
0.198379
0.672875
0.608482
0.0576966
0.897125
0.0332754
0.467604
0.981521
0.270171
0.618099
0.166615
0.644996
0.344724
0.191959
0.972138
0.197386
0.460561
0.14553
0.0262054
0.426116
0.24613
0.143119
0.656719
0.891736
0.86165
0.778421
0.368902
0.76551
0.213813
0.631665
0.100766
0.0147661
0.157838
0.919837
0.840459
0.906099
0.401019
0.897394
0.655529
0.34228
0.098685
0.979525
0.513818
0.766135
0.285444
0.300782
0.314564
0.338393
0.747588
0.429545
0.777054
0.220111
0.445598
0.0406879
0.499689
0.416886
0.69015
0.552795
0.908427
0.974786
0.71148
0.30172
0.949773
0.615755
0.16446
0.865425
0.709488
0.171572
0.130811
0.538562
0.636647
0.503929
0.466588
0.0484289
0.848026
0.357526
0.726915
0.640952
0.715197
0.260195
0.256791
0.696826
0.411359
0.832695
0.567851
0.260945
0.52725
0.639632
0.272222
0.460319
0.242087
0.660022
0.761631
0.393327
0.239891
0.561686
0.26367
0.00931808
0.330626
0.317941
0.226221
0.772822
0.199183
0.875639
0.797776
0.745834
0.393716
0.840164
0.457559
0.409141
0.599685
0.559679
0.526774
0.636156
0.46007
0.880488
0.455965
0.208693
0.873549
0.552775
0.953247
0.214002
0.541323
0.25325
0.206804
0.325983
0.849746
0.443271
0.396882
0.703049
0.846896
0.102261
0.0670247
0.601751
0.993113
0.384152
0.551963
0.276494
0.670262
0.186938
0.718491
0.984841
0.915572
0.336042
0.479676
0.23125
0.440003
0.0943271
0.394406
0.758229
0.64967
0.978372
0.947189
0.43567
0.941204
0.218949
0.467384
0.57628
0.66414
0.140721
0.256814
0.765935
0.128926
0.490113
0.315766
0.227149
0.76887
0.467212
0.625881
0.834668
0.577389
0.759906
0.238187
0.453178
0.89338
0.250158
0.0784336
0.898463
0.379614
0.456149
0.101535
0.460875
0.566246
0.176407
0.316423
0.0235044
0.0643135
0.526111
0.741341
0.459979
0.139733
0.118351
0.881099
0.751288
0.585893
0.123297
0.294768
0.971051
0.189278
0.961091
0.0438061
0.270435
0.211068
0.072778
0.845709
0.931122
0.459389
0.629509
0.000747389
0.952268
0.0869101
0.387007
0.87481
0.773167
0.52807
0.345247
0.871466
0.271139
0.191395
0.391891
0.58921
0.940848
0.4275
0.429643
0.872394
0.688
0.281123
0.496719
0.195295
0.444904
0.744846
0.244843
0.689966
0.559396
0.0142903
0.0383412
0.445828
0.289098
0.647255
0.461142
0.917242
0.796188
0.767317
0.389303
0.943835
0.0259181
0.454033
0.857241
0.789565
0.0985658
0.510375
0.103038
0.514354
0.00564136
0.948821
0.971105
0.0248311
0.0349255
0.268221
0.387758
0.223057
0.413284
0.746512
0.928705
0.53287
0.644197
0.384729
0.575872
0.842435
0.540012
0.0293505
0.366519
0.239073
0.174729
0.306147
0.826543
0.0425265
0.594878
0.423255
0.210821
0.980324
0.262856
0.15776
0.55837
0.188292
0.0720341
0.389434
0.877716
0.130957
0.962391
0.722291
0.163715
0.121031
0.196181
0.448338
0.779872
0.684718
0.244777
0.0103896
0.687031
0.769301
0.616399
0.631543
0.566729
0.368972
0.429802
0.755527
0.356939
0.868688
0.240173
0.793665
0.643619
0.034557
0.759996
0.592478
0.47186
0.302188
0.0775272
0.94217
0.149663
0.745408
0.869466
0.518243
0.00725638
0.65768
0.18571
0.607803
0.672832
0.558018
0.2371
0.270738
0.346691
0.925208
0.839007
0.33603
0.325984
0.231414
0.606146
0.893982
0.685764
0.159716
0.842834
0.445784
0.734432
0.473457
0.0304802
0.909905
0.0546465
0.670007
0.0403561
0.64649
0.654168
0.0383631
0.549802
0.390816
0.606363
0.742576
0.641584
0.825622
0.926719
0.566852
0.40203
0.121371
0.0587434
0.382778
0.680217
0.612296
0.431495
0.344099
0.0318624
0.361615
0.108224
0.785421
0.512325
0.561607
0.45454
0.305027
0.169087
0.605925
0.244634
0.256328
0.179027
0.628866
0.0528208
0.877853
0.581311
0.438792
0.707632
0.213994
0.955423
0.381442
0.743843
0.885804
0.0724801
0.964281
0.108392
0.655794
0.988782
0.894302
0.242315
0.374535
0.893875
0.875245
0.978284
0.180752
0.0475492
0.721141
0.639166
0.963361
0.947264
0.367649
0.35286
0.701822
0.97105
0.948235
0.167678
2.86732e-05
0.315359
0.495502
0.209127
0.0535846
0.164849
0.690457
0.118519
0.70501
0.441668
0.147
0.816132
0.261752
0.0738993
0.192063
0.442519
0.0368348
0.285964
0.14741
0.681071
0.0621529
0.915529
0.842938
0.044024
0.609637
0.375678
0.635676
0.934742
0.95598
0.27987
0.151272
0.826902
0.562314
0.161608
0.378508
0.199649
0.544134
0.0853194
0.898628
0.207365
0.0324149
0.76081
0.501456
0.2028
0.742693
0.72655
0.372063
0.73282
0.332391
0.534346
0.517495
0.338985
0.63864
0.2483
0.838122
0.845339
0.981636
0.714309
0.74756
0.398845
0.449829
0.866011
0.259548
0.382388
0.524459
0.41669
0.930386
0.955732
0.0915587
0.000378087
0.705376
0.600314
0.726622
0.752748
0.811051
0.919644
0.0343063
0.759796
0.981905
0.52573
0.226875
0.196089
0.442445
0.940618
0.567775
0.292912
0.807671
0.682415
0.230941
0.251675
0.666463
0.700442
0.310223
0.633338
0.775422
0.8923
0.556249
0.106019
0.463079
0.660494
0.105955
0.178221
0.515269
0.109142
0.401969
0.221587
0.681072
0.258742
0.728387
0.251859
0.565779
0.781131
0.555948
0.609506
0.600917
0.593942
0.622191
0.0686529
0.06012
0.551937
0.416222
0.521581
0.598226
0.0144301
0.615114
0.694082
0.8515
0.718397
0.21198
0.814011
0.119511
0.474027
0.0962348
0.457726
0.0317168
0.953411
0.972903
0.134177
0.24656
0.631793
0.866676
0.25088
0.445088
0.404381
0.470365
0.377212
0.725768
0.672303
0.0237563
0.226182
0.250269
0.118505
0.934114
0.464278
0.917171
0.809904
0.780596
0.864902
0.560504
0.697913
0.496373
0.711413
0.500101
0.542841
0.761809
0.912284
0.198029
0.586829
0.287403
0.14356
0.951612
0.132889
0.338046
0.208682
0.194135
0.634316
0.363724
0.49103
0.467374
0.643271
0.0175309
0.118536
0.485831
0.529914
0.570345
0.0423939
0.165748
0.608384
0.0442355
0.290977
0.705699
0.887237
0.696988
0.556737
0.86617
0.210219
0.915027
0.363913
0.984745
0.405054
0.341517
0.467465
0.0955404
0.754354
0.738396
0.0342621
0.991547
0.988953
0.238545
0.840151
0.0450414
0.193579
0.07942
0.490681
0.732531
0.757093
0.363911
0.776335
0.730142
0.0159808
0.143159
0.950451
0.373199
0.653603
0.0715362
0.751832
0.4731
0.420509
0.533647
0.831358
0.889958
0.285625
0.840424
0.537846
0.395734
0.00848619
0.538478
0.171218
0.828265
0.896265
0.7187
0.752558
0.926469
0.461625
0.851641
0.734862
0.523946
0.694686
0.756528
0.80646
0.234564
0.205702
0.662434
0.0927358
0.487925
0.370049
0.567167
0.132155
0.387141
0.37133
0.0971031
0.313263
0.0929717
0.294881
0.134195
0.271873
0.579824
0.870858
0.714951
0.463468
0.436302
0.0404137
0.157597
0.0661813
0.455852
0.139708
0.761088
0.602807
0.288861
0.996001
0.391757
0.58174
0.976228
0.0704586
0.931899
0.182093
0.171919
0.598465
0.0387936
0.0221994
0.77932
0.325424
0.109572
0.438321
0.948219
0.719801
0.477509
0.0173323
0.955737
0.682146
0.762407
0.223051
0.136091
0.723339
0.890154
0.972072
0.203523
0.202137
0.586757
0.146408
0.453988
0.206842
0.661353
0.551661
0.0177158
0.531067
0.186185
0.594569
0.0948764
0.392563
0.894332
0.260233
0.151757
0.852989
0.45433
0.430045
0.357727
0.357094
0.79599
0.115671
0.868164
0.330439
0.236303
0.516712
0.867502
0.941178
0.510003
0.0833754
0.0392643
0.17764
0.6709
0.836786
0.478429
0.414598
0.496673
0.214063
0.066649
0.309529
0.343633
0.380417
0.697538
0.654584
0.968547
0.663279
0.877459
0.112933
0.374387
0.308729
0.880227
0.0570935
0.879816
0.686119
0.642646
0.483452
0.0228758
0.457822
0.0709041
0.188018
0.917085
0.280859
0.212232
0.233498
0.131866
0.454535
0.636971
0.970972
0.224753
0.988971
0.957202
0.628486
0.619573
0.555612
0.462478
0.458345
0.374386
0.0943872
0.17888
0.663996
0.380098
0.412983
0.0268334
0.981387
0.510248
0.756596
0.392065
0.775797
0.0278107
0.166463
0.414405
0.25678
0.448764
0.0551959
0.349589
0.751465
0.44661
0.643364
0.0926173
0.571174
0.494901
0.942767
0.998525
0.314049
0.295543
0.559418
0.667089
0.288349
0.623634
0.746407
0.00276523
0.219655
0.77857
0.0564043
0.442154
0.44729
0.842133
0.855549
0.146616
0.115
0.962397
0.479155
0.998815
0.0261743
0.145108
0.0738918
0.534434
0.980665
0.169194
0.845114
0.910184
0.701852
0.14815
0.734609
0.84885
0.846451
0.566711
0.0245007
0.475068
0.505794
0.0683424
0.491299
0.897978
0.348028
0.867209
0.0592854
0.00584321
0.618557
0.375911
0.100102
0.998022
0.42759
0.717962
0.979711
0.792199
0.560823
0.719691
0.654903
0.526589
0.334183
0.513086
0.528512
0.842676
0.905689
0.0480363
0.752296
0.656139
0.92861
0.209062
0.0267153
0.651947
0.0814405
0.356362
0.850736
0.300256
0.670071
0.702125
0.0340604
0.448369
0.541073
0.650231
0.902152
0.0349202
0.456187
0.234952
0.957789
0.200639
0.808289
0.764578
0.417197
0.586367
0.96303
0.29394
0.640348
0.926214
0.569428
0.794951
0.838914
0.176834
0.0497182
0.707038
0.502616
0.239693
0.168258
0.915077
0.363471
0.657145
0.188887
0.545514
0.0413634
0.579518
0.790556
0.670473
0.760664
0.0855722
0.846106
0.938979
0.457013
0.658153
0.48752
0.0486187
0.581899
0.442163
0.488359
0.889975
0.527741
0.898591
0.0213138
0.626585
0.848242
0.419601
0.331056
0.138693
0.85474
0.5071
0.89274
0.532507
0.507835
0.430645
0.990656
0.621742
0.658482
0.670039
0.949619
0.848396
0.541721
0.355976
0.625699
0.302238
0.645988
0.696036
0.424073
0.200256
0.481676
0.258142
0.982479
0.431098
0.550513
0.756817
0.958825
0.843328
0.851966
0.150204
0.556521
0.853089
0.0491635
0.271332
0.636587
0.128614
0.804348
0.0606136
0.370775
0.925959
0.476546
0.318021
0.398088
0.795862
0.249235
0.39743
0.64885
0.451677
0.606566
0.790109
0.268219
0.0834447
0.0620533
0.8906
0.685895
0.958257
0.482362
0.410526
0.34492
0.678803
0.240114
0.931401
0.829716
0.0196762
0.561241
0.0561832
0.875579
0.97804
0.122566
0.143199
0.59486
0.552893
0.720189
0.195221
0.200192
0.436101
0.762591
0.765243
0.471085
0.726424
0.612184
0.874311
0.765061
0.571025
0.0863836
0.591815
0.284578
0.846142
0.494824
0.0346248
0.398673
0.489195
0.688199
0.876426
0.851519
0.414612
0.579846
0.082926
0.963647
0.586492
0.7135
0.139607
0.0872314
0.18983
0.44814
0.292241
0.687226
0.532752
0.119988
0.762568
0.349468
0.338726
0.572208
0.770682
0.736833
0.2196
0.665171
0.498444
0.509291
0.258817
0.764601
0.436773
0.617989
0.226889
0.221907
0.314889
0.197115
0.11566
0.798864
0.81427
0.616883
0.799582
0.467394
0.463176
0.743639
0.289431
0.000581954
0.417449
0.208695
0.430144
0.828661
0.0548499
0.377658
0.199591
0.498343
0.322607
0.434566
0.515237
0.154961
0.746293
0.927039
0.245017
0.434201
0.262758
0.590889
0.843296
0.955525
0.626019
0.60353
0.948163
0.902015
0.213399
0.923401
0.124331
0.00860909
0.448438
0.0162564
0.728138
0.0526312
0.047826
0.316413
0.53078
0.0257807
0.229258
0.762622
0.568034
0.000692268
0.218556
0.618751
0.778156
0.147973
0.535596
0.854696
0.0961583
0.481616
0.602988
0.89872
0.843699
0.93131
0.539351
0.374865
0.601382
0.39244
0.0584112
0.723009
0.079291
0.380546
0.14182
0.0673146
0.576035
0.705684
0.18185
0.61891
0.684936
0.313262
0.218562
0.379186
0.181979
0.110175
0.72574
0.647281
0.932187
0.526463
0.741064
0.139808
0.0525452
0.344249
0.191089
0.498831
0.440669
0.558109
0.13965
0.549605
0.315909
0.965001
0.21477
0.926964
0.372707
0.739226
0.688954
0.122839
0.773746
0.205168
0.597603
0.705227
0.961905
0.284488
0.422881
0.983755
0.093209
0.087206
0.0382722
0.835213
0.228505
0.514657
0.317474
0.570906
0.800121
0.25894
0.737523
0.41642
0.51879
0.604375
0.395192
0.816942
0.388505
0.629619
0.217737
0.751771
0.526657
0.967896
0.370455
0.446972
0.907448
0.686301
0.0910764
0.153199
0.0360481
0.0514491
0.372022
0.572942
0.691379
0.969604
0.102049
0.381148
0.483902
0.87967
0.671438
0.895113
0.119724
0.120474
0.976165
0.409295
0.560147
0.150138
0.63757
0.974
0.176169
0.600126
0.0484962
0.189369
0.725791
0.800407
0.557665
0.525812
0.777533
0.121666
0.557354
0.604499
0.632537
0.95617
0.936209
0.976553
0.401973
0.522122
0.337353
0.140699
0.562708
0.0638678
0.238154
0.497515
0.336362
0.268937
0.668419
0.0104048
0.0193233
0.981494
0.987611
0.920803
0.266099
0.703522
0.608048
0.480918
0.104154
0.303962
0.733856
0.596487
0.854996
0.366837
0.317401
0.255745
0.0297745
0.133699
0.114697
0.789916
0.02954
0.533489
0.344091
0.663143
0.216841
0.588139
0.0927392
0.466877
0.427846
0.302596
0.253537
0.0450735
0.540759
0.584098
0.600971
0.0882954
0.528552
0.698778
0.217741
0.993753
0.46088
0.782591
0.453141
0.858807
0.0231172
0.972834
0.920438
0.682762
0.712947
0.703106
0.469619
0.239862
0.899722
0.345189
0.583998
0.293094
0.686519
0.11772
0.767172
0.00294199
0.400702
0.0998714
0.487437
0.52929
0.0199963
0.0420724
0.688308
0.304175
0.0624775
0.233956
0.311893
0.336989
0.481634
0.94675
0.646686
0.491963
0.470521
0.528222
0.967764
0.799291
0.979263
0.202351
0.598422
0.300033
0.0692482
0.112131
0.866074
0.646771
0.473108
0.792353
0.65825
0.117083
0.364438
0.768657
0.87407
0.908517
0.819801
0.336543
0.562953
0.36207
0.670914
0.150028
0.285181
0.274115
0.544469
0.757972
0.943817
0.721262
0.0316628
0.28175
0.175088
0.143628
0.564797
0.940908
0.789381
0.275517
0.301612
0.885437
0.222457
0.973307
0.575491
0.350955
0.734966
0.444768
0.610762
0.522329
0.185486
0.837861
0.20216
0.509577
0.907261
0.0375857
0.144145
0.598069
0.368663
0.857767
0.860775
0.764228
0.445446
0.577827
0.466676
0.83356
0.79837
0.489995
0.793156
0.159284
0.195222
0.784397
0.0898785
0.324915
0.18129
0.109958
0.0972944
0.765836
0.633518
0.231564
0.75281
0.0117806
0.212308
0.447482
0.328194
0.484213
0.894087
0.658192
0.782232
0.904211
0.637418
0.815532
0.290787
0.591125
0.795136
0.853901
0.0561653
0.533137
0.986172
0.126702
0.335358
0.0410058
0.907899
0.996397
0.903302
0.64674
0.453723
0.833881
0.859029
0.773044
0.149445
0.579417
0.26051
0.313612
0.0991593
0.625466
0.945814
0.733262
0.408935
0.0254602
0.328001
0.207733
0.0876181
0.0892453
0.254205
0.0412341
0.797286
0.100465
0.180667
0.900476
0.976425
0.0616987
0.841039
0.21722
0.082398
0.318977
0.351418
0.273557
0.0680765
0.000115253
0.709914
0.540807
0.770026
0.27101
0.284865
0.0689095
0.258929
0.626542
0.6763
0.72131
0.394353
0.851435
0.729453
0.797672
0.596538
0.694925
0.199752
0.211843
0.0718605
0.455981
0.999351
0.749792
0.440375
0.973669
0.945632
0.518061
0.241132
0.831725
0.741722
0.528105
0.873496
0.399606
0.172192
0.519719
0.692897
0.381263
0.3954
0.231396
0.0478422
0.333225
0.621755
0.38006
0.625553
0.0142436
0.940277
0.891938
0.355188
0.476849
0.390988
0.158426
0.154819
0.024273
0.168109
0.233895
0.920312
0.929445
0.758627
0.93588
0.0911084
0.797946
0.0784256
0.839617
0.313515
0.876009
0.202767
0.44223
0.994475
0.596937
0.968798
0.458723
0.606882
0.861206
0.565635
0.962258
0.69069
0.261353
0.828287
0.687463
0.789666
0.558452
0.375478
0.0242887
0.0828995
0.576352
0.125768
0.751887
0.587063
0.821577
0.671129
0.467368
0.942049
0.0105801
0.422185
0.450382
0.941066
0.869271
0.899622
0.702964
0.338929
0.311777
0.546106
0.151074
0.637665
0.414236
0.272969
0.00875311
0.782248
0.702131
0.754765
0.213593
0.557754
0.261331
0.417015
0.62831
0.238899
0.0625835
0.266766
0.559763
0.295381
0.128006
0.927822
0.532322
0.17378
0.537144
0.870233
0.629034
0.372102
0.882655
0.436968
0.380507
0.200173
0.141779
0.844317
0.00963098
0.272667
0.12486
0.0732921
0.124121
0.780015
0.764434
0.885043
0.480696
0.72106
0.949931
0.104412
0.70704
0.244187
0.704861
0.157377
0.898212
0.86501
0.406618
0.553939
0.72158
0.758048
0.723872
0.398751
0.843737
0.127544
0.244247
0.0669414
0.740499
0.859984
0.191769
0.702104
0.998664
0.202312
0.283123
0.734722
0.58251
0.0514148
0.390903
0.840355
0.526529
0.322349
0.3266
0.430687
0.258906
0.22894
0.419757
0.999483
0.292491
0.854506
0.245112
0.698671
0.329577
0.515746
0.0294132
0.150978
0.925311
0.701619
0.314295
0.173205
0.563882
0.913597
0.939105
0.649722
0.197898
0.0482425
0.485383
0.257914
0.936075
0.112019
0.32829
0.853941
0.911264
0.703502
0.201297
0.565902
0.751286
0.900651
0.993707
0.584455
0.918669
0.715071
0.0905604
0.575014
0.954833
0.413489
0.715999
0.627927
0.803902
0.924154
0.982181
0.217213
0.674046
0.108976
0.67296
0.160635
0.513097
0.979097
0.0239344
0.655478
0.136468
0.0731228
0.73279
0.105365
0.793979
0.0819607
0.148189
0.21715
0.600746
0.26556
0.000754729
0.944951
0.755113
0.662331
0.963016
0.941378
0.55458
0.64054
0.256012
0.98273
0.526718
0.0867682
0.161261
0.880756
0.366412
0.141633
0.609394
0.30984
0.649093
0.729069
0.343939
0.534131
0.292997
0.241595
0.815311
0.358829
0.704859
0.374362
0.45597
0.507944
0.164137
0.731837
0.659749
0.346493
0.299666
0.188064
0.903281
0.0724925
0.824367
0.231365
0.295483
0.215287
0.247802
0.861667
0.895772
0.311842
0.714699
0.701755
0.865722
0.187376
0.476782
0.347012
0.677141
0.0974145
0.174946
0.434208
0.98701
0.837776
0.100525
0.609088
0.916136
0.608155
0.257864
0.118352
0.568689
0.306228
0.248908
0.540536
0.83223
0.118878
0.874197
0.519031
0.00955176
0.551412
0.665585
0.764737
0.237156
0.427912
0.237474
0.554754
0.613743
0.303626
0.398462
0.101639
0.315562
0.0308425
0.16337
0.812401
0.973626
0.29005
0.365477
0.814835
0.872068
0.216857
0.159895
0.202159
0.421402
0.283816
0.31902
0.596861
0.374787
0.470218
0.486425
0.755046
0.92707
0.191594
0.725595
0.451465
0.896887
0.20297
0.0136464
0.378081
0.656188
0.711244
0.174938
0.408713
0.910213
0.943359
0.167372
0.212079
0.776203
0.304685
0.829246
0.59953
0.0383927
0.387233
0.69758
0.313352
0.305043
0.873029
0.213596
0.128992
0.277136
0.495026
0.84384
0.0634246
0.952707
0.205158
0.716037
0.680076
0.675765
0.0943592
0.32326
0.920462
0.523063
0.355228
0.678349
0.928939
0.829188
0.579182
0.39012
0.474277
0.865838
0.468809
0.554361
0.5545
0.837932
0.0984666
0.738521
0.601451
0.786187
0.633538
0.992421
0.278536
0.521538
0.928506
0.769605
0.107636
0.111892
0.453816
0.823344
0.206944
0.050621
0.106628
0.940006
0.955892
0.589009
0.567686
0.0566926
0.645032
0.866711
0.800908
0.315571
0.163623
0.914447
0.843238
0.533407
0.243285
0.797023
0.967549
0.931283
0.593247
0.646159
0.67358
0.813942
0.6972
0.916696
0.536747
0.819507
0.771987
0.0425877
0.170056
0.599712
0.716679
0.152576
0.617249
0.536202
0.130587
0.353182
0.512868
0.340877
0.575304
0.744232
0.164457
0.141259
0.167087
0.753761
0.644122
0.214235
0.978484
0.808814
0.131789
0.0208311
0.336511
0.718313
0.107968
0.221624
0.593725
0.0929062
0.485309
0.00945056
0.386434
0.128249
0.365745
0.0257729
0.947361
0.504252
0.326807
0.921799
0.686444
0.0995072
0.960253
0.863982
0.678874
0.637656
0.659782
0.859452
0.504851
0.0825947
0.970364
0.603365
0.466041
0.106595
0.0972556
0.861553
0.726247
0.0359072
0.832832
0.358728
0.841968
0.848414
0.984263
0.352045
0.176284
0.453003
0.853214
0.327382
0.639017
0.835376
0.453461
0.528753
0.278931
0.07884
0.651615
0.349325
0.891554
0.208614
0.117157
0.656561
0.484282
0.331722
0.266127
0.777392
0.40499
0.412245
0.913029
0.151504
0.516207
0.891219
0.405329
0.254464
0.921086
0.132044
0.784464
0.931
0.637268
0.614118
0.749246
0.574658
0.98839
0.113938
0.808602
0.971313
0.00889088
0.0544924
0.577148
0.472734
0.727783
0.314689
0.729069
0.179585
0.284916
0.47257
0.676186
0.657446
0.516129
0.136176
0.462824
0.538384
0.678787
0.78894
0.459742
0.31588
0.0375838
0.873072
0.801448
0.821044
0.496153
0.862531
0.738604
0.212841
0.510393
0.91386
0.196732
0.570267
0.442638
0.703863
0.954904
0.599646
0.181011
0.659699
0.9888
0.353358
0.601544
0.85095
0.183331
0.351125
0.948604
0.352909
0.162969
0.447193
0.509941
0.532702
0.515998
0.748169
0.176428
0.0804717
0.0581583
0.567852
0.43654
0.444907
0.596578
0.705055
0.791318
0.277856
0.0979127
0.86501
0.572955
0.4602
0.26211
0.125554
0.263193
0.274639
0.585536
0.615375
0.568923
0.921638
0.611057
0.569593
0.563366
0.176116
0.877308
0.546355
0.334606
0.757909
0.0155343
0.861697
0.389327
0.703009
0.448339
0.280725
0.929515
0.10313
0.902344
0.358055
0.4838
0.173858
0.90636
0.255296
0.777819
0.0442628
0.78761
0.0689809
0.262603
0.973942
0.791103
0.154721
0.342188
0.733797
0.0806397
0.974751
0.774728
0.00506196
0.210923
0.719089
0.859848
0.838504
0.560984
0.835309
0.64844
0.848167
0.655767
0.418703
0.126742
0.935031
0.576026
0.356413
0.909981
0.912083
0.230723
0.265258
0.692591
0.470989
0.0161139
0.335442
0.861786
0.0699231
0.273248
0.607814
0.234494
0.453216
0.474587
0.420498
0.0390339
0.415546
0.119594
0.638543
0.31385
0.918221
0.444975
0.932889
0.404506
0.3172
0.589215
0.653868
0.27988
0.888399
0.482638
0.559469
0.5903
0.020729
0.267391
0.550146
0.17449
0.267522
0.10196
0.716991
0.789486
0.489504
0.60485
0.971633
0.603756
0.671294
0.794811
0.150534
0.139848
0.221086
0.793695
0.550291
0.53436
0.892562
0.532177
0.812524
0.43888
0.0300646
0.302719
0.67326
0.121742
0.228851
0.302937
0.493226
0.183341
0.949877
0.243301
0.256861
0.846309
0.528788
0.4028
0.878623
0.0696618
0.795281
0.389495
0.179447
0.246009
0.726856
0.742726
0.108344
0.897392
0.218539
0.231093
0.274217
0.924755
0.605855
0.567426
0.613133
0.277496
0.085548
0.432556
0.228716
0.1421
0.46132
0.905238
0.927773
0.783434
0.781474
0.00688576
0.135797
0.427203
0.00261819
0.861719
0.528356
0.68089
0.435295
0.879942
0.906275
0.197115
0.680991
0.060544
0.573714
0.897404
0.941503
0.851559
0.679142
0.250078
0.934529
0.546921
0.0551055
0.333009
0.540526
0.926987
0.864515
0.010984
0.705828
0.502152
0.380704
0.77287
0.997124
0.645003
0.989813
0.78232
0.0889103
0.563235
0.69947
0.0759026
0.0516814
0.160322
0.0959602
0.0233689
0.113533
0.310729
0.500814
0.598418
0.276943
0.919526
0.284975
0.933169
0.0252358
0.098592
0.38402
0.444757
0.344909
0.582163
0.420958
0.940903
0.18712
0.0446937
0.500589
0.843552
0.642665
0.487466
0.38649
0.86343
0.93113
0.187906
0.000902687
0.721111
0.0474715
0.695137
0.702117
0.138169
0.0780743
0.658377
0.366293
0.158899
0.957651
0.818508
0.255237
0.789788
0.772511
0.606867
0.850611
0.66138
0.520633
0.268359
0.513421
0.441613
0.485307
0.618208
0.406643
0.911044
0.997296
0.0776351
0.355308
0.810631
0.110616
0.712193
0.80753
0.950652
0.576715
0.845966
0.473979
0.424105
0.854452
0.195181
0.269816
0.275197
0.188424
0.0800617
0.943478
0.697282
0.387958
0.288756
0.0942689
0.131398
0.0850213
0.888644
0.73994
0.0273363
0.0344613
0.334937
0.990926
0.325047
0.299819
0.0911188
0.490842
0.804406
0.0695428
0.929523
0.569607
0.965104
0.86949
0.495818
0.2504
0.0618711
0.0476697
0.250785
0.122155
0.792488
0.839578
0.508879
0.073522
0.898703
0.851183
0.923303
0.432732
0.685597
0.255428
0.713789
0.196254
0.545762
0.376779
0.661511
0.432117
0.666093
0.469966
0.883984
0.56927
0.252114
0.917232
0.748117
0.798843
0.395468
0.280402
0.938598
0.810498
0.786904
0.645252
0.0146325
0.699575
0.0908058
0.0615627
0.943295
0.712
0.80942
0.833867
0.229214
0.625421
0.266997
0.703266
0.82416
0.108573
0.305129
0.823958
0.548749
0.943635
0.1034
0.142772
0.952757
0.176144
0.527205
0.0164858
0.810857
0.619791
0.57991
0.508333
0.318727
0.557667
0.193755
0.967844
0.408705
0.102741
0.0144404
0.994109
0.0197709
0.230228
0.00498677
0.168323
0.456187
0.387082
0.207394
0.578387
0.117299
0.987957
0.598027
0.503029
0.333778
0.471048
0.651291
0.0960949
0.369423
0.470313
0.128404
0.191592
0.536182
0.147913
0.551165
0.429353
0.920859
0.518532
0.798102
0.0931146
0.109212
0.844667
0.767934
0.30508
0.171594
0.606831
0.699739
0.400934
0.259134
0.992399
0.165936
0.108417
0.0242928
0.873192
0.581269
0.797829
0.370454
0.10231
0.183202
0.188155
0.518734
0.61201
0.56626
0.369433
0.354425
0.258721
0.825257
0.402397
0.690206
0.395733
0.893706
0.494047
0.0390544
0.163518
0.746943
0.284327
0.135269
0.474159
0.423813
0.849677
0.880941
0.468353
0.219432
0.943068
0.813582
0.359806
0.934487
0.800284
0.81062
0.389805
0.344963
0.216188
0.742336
0.560232
0.747654
0.690507
0.738358
0.795242
0.890582
0.343183
0.00030043
0.403846
0.478521
0.749442
0.823704
0.673305
0.154933
0.554432
0.582364
0.888216
0.230302
0.24641
0.383263
0.0853787
0.8827
0.344359
0.0452556
0.70016
0.387821
0.117125
0.135207
0.955376
0.205582
0.041842
0.341505
0.206142
0.992979
0.301805
0.285789
0.560186
0.515183
0.364122
0.543905
0.475987
0.0663044
0.091401
0.318031
0.430778
0.779466
0.136598
0.107741
0.50298
0.35072
0.859788
0.291829
0.00328215
0.537088
0.0123056
0.0208285
0.172778
0.0955208
0.749326
0.43226
0.329632
0.213456
0.424019
0.98202
0.147481
0.503388
0.473776
0.43225
0.341196
0.74698
0.229514
0.779765
0.0186623
0.441325
0.425922
0.754265
0.305796
0.322369
0.2898
0.59431
0.970709
0.545199
0.798507
0.618384
0.507012
0.642629
0.303048
0.0941409
0.432564
0.688142
0.646255
0.644922
0.0583373
0.933866
0.866762
0.41864
0.990456
0.688098
0.204385
0.985501
0.534355
0.826822
0.945708
0.726428
0.446911
0.848884
0.229542
0.886413
0.818154
0.909061
0.354675
0.589946
0.988507
0.0601404
0.470304
0.164231
0.868272
0.793092
0.838446
0.734331
0.852726
0.198235
0.543274
0.59049
0.81192
0.119199
0.780051
0.580336
0.409879
0.912358
0.146818
0.714101
0.839668
0.283254
0.623894
0.187928
0.122488
0.442947
0.47297
0.77735
0.0606879
0.273862
0.942898
0.340194
0.95818
0.557281
0.776664
0.696397
0.153769
0.69511
0.113033
0.308154
0.105707
0.0503306
0.835091
0.26933
0.23391
0.55652
0.898461
0.606077
0.907723
0.308982
0.141683
0.241027
0.165983
0.705089
0.890005
0.445678
0.122746
0.277494
0.789814
0.428507
0.44694
0.439906
0.734357
0.646217
0.879793
0.870844
0.0484337
0.515448
0.734363
0.762292
0.80493
0.334338
0.767286
0.13346
0.524753
0.693224
0.042745
0.120347
0.330514
0.144616
0.311675
0.367179
0.285469
0.133108
0.774907
0.176841
0.073117
0.475769
0.217149
0.630955
0.432605
0.327363
0.768852
0.792517
0.515615
0.801193
0.917301
0.307778
0.35341
0.526339
0.0370057
0.808104
0.489553
0.876425
0.439798
0.83293
0.487696
0.711838
0.927524
0.822274
0.0703689
0.611442
0.262654
0.649413
0.0518677
0.964713
0.838388
0.635826
0.406657
0.127225
0.696409
0.658634
0.529275
0.484139
0.885754
0.323984
0.66601
0.926248
0.854174
0.788864
0.879224
0.99053
0.853001
0.470126
0.0392445
0.0711605
0.140162
0.795292
0.0287128
0.604351
0.777065
0.281966
0.690253
0.00804196
0.233869
0.921577
0.875459
0.60268
0.593958
0.812846
0.399713
0.44386
0.865099
0.661627
0.929231
0.660544
0.584283
0.11109
0.36276
0.959717
0.200645
0.640086
0.117472
0.970863
0.601102
0.905214
0.419381
0.574849
0.0723315
0.364317
0.0119737
0.620332
0.751265
0.370356
0.241926
0.695935
0.0119585
0.159015
0.975682
0.594171
0.798261
0.313409
0.00870232
0.361089
0.817998
0.22098
0.916698
0.229542
0.252512
0.438983
0.198338
0.738502
0.257377
0.810808
0.263781
0.344654
0.46114
0.632798
0.325812
0.772444
0.768995
0.723731
0.156877
0.703368
0.0553086
0.850497
0.758986
0.39099
0.519363
0.662832
0.0286317
0.342243
0.321304
0.999049
0.912556
0.331766
0.593817
0.928157
0.548528
0.376239
0.362153
0.281796
0.780357
0.545803
0.00513217
0.36185
0.900566
0.693823
0.584196
0.85924
0.63044
0.756042
0.309462
0.807136
0.187479
0.354174
0.990989
0.225799
0.300561
0.624234
0.908774
0.433865
0.28022
0.0242852
0.425559
0.234003
0.532348
0.156356
0.269022
0.260221
0.408696
0.398252
0.461038
0.26597
0.875864
0.228469
0.0479775
0.180612
0.57409
0.499583
0.217653
0.0205068
0.434091
0.586741
0.396887
0.273322
0.14002
0.179889
0.867872
0.93764
0.370897
0.786333
0.747694
0.25295
0.421915
0.825379
0.761505
0.593355
0.343343
0.23843
0.0534074
0.178487
0.0712458
0.0129924
0.186445
0.331794
0.244838
0.674385
0.2399
0.727161
0.613423
0.666229
0.680916
0.596409
0.681048
0.6651
0.104213
0.368805
0.355373
0.307915
0.710936
0.363739
0.570799
0.739032
0.352287
0.780207
0.333171
0.263573
0.301395
0.00598034
0.703573
0.549774
0.126999
0.365049
0.258072
0.0477562
0.234384
0.853675
0.839539
0.0296072
0.133084
0.786355
0.66761
0.609714
0.407116
0.35778
0.506707
0.953478
0.0707296
0.470108
0.13057
0.102748
0.116453
0.0621421
0.719853
0.405192
0.864343
0.425877
0.0237383
0.622276
0.360268
0.582843
0.796363
0.518844
0.11556
0.627008
0.707927
0.453408
0.319943
0.640417
0.921181
0.631617
0.614949
0.860715
0.468676
0.50094
0.617817
0.548961
0.170491
0.316935
0.652553
0.2974
0.44623
0.190662
0.18349
0.975639
0.193975
0.397069
0.423809
0.953956
0.0789635
0.93723
0.745945
0.118204
0.98818
0.3381
0.331463
0.64901
0.256733
0.508714
0.114633
0.793929
0.295165
0.468804
0.153469
0.725755
0.214933
0.970943
0.444902
0.609692
0.254927
0.270951
0.516967
0.993396
0.959514
0.44623
0.964618
0.295087
0.209505
0.233737
0.292701
0.396483
0.454397
0.700667
0.318933
0.0976326
0.789972
0.624943
0.0126252
0.930691
0.596567
0.341613
0.950257
0.598576
0.731325
0.593096
0.823932
0.221064
0.887469
0.464947
0.665362
0.0714973
0.308001
0.985686
0.334638
0.0342879
0.985686
0.285777
0.17888
0.134388
0.648603
0.495853
0.733266
0.963863
0.942557
0.324385
0.982272
0.141036
0.281929
0.908286
0.646392
0.51733
0.0999008
0.640156
0.0766447
0.751239
0.847885
0.867862
0.386762
0.863952
0.934958
0.792244
0.355488
0.266967
0.99984
0.71098
0.803042
0.169425
0.977367
0.8776
0.423078
0.561329
0.407554
0.418705
0.788392
0.883187
0.898798
0.913048
0.998711
0.729692
0.0223474
0.722096
0.647245
0.221198
0.568348
0.14534
0.883457
0.767159
0.631613
0.703168
0.130706
0.860947
0.658522
0.871137
0.810951
0.848012
0.692471
0.223619
0.278332
0.0674739
0.960834
0.760429
0.0773792
0.807221
0.88829
0.0604116
0.852264
0.029309
0.485322
0.715424
0.257186
0.474589
0.908648
0.485978
0.133226
0.740649
0.446259
0.039995
0.621432
0.813982
0.625209
0.18583
0.340457
0.0346166
0.974456
0.636689
0.228315
0.657283
0.223718
0.926484
0.907132
0.382111
0.130634
0.0526406
0.239044
0.850395
0.0619526
0.0732964
0.705549
0.554967
0.0862449
0.347294
0.0900532
0.734267
0.044619
0.114617
0.458965
0.232978
0.263583
0.288306
0.522812
0.201497
0.709644
0.0477291
0.377593
0.0269341
0.319238
0.0412538
0.443271
0.651218
0.368585
0.903595
0.145644
0.524739
0.0920726
0.501475
0.851345
0.979033
0.896933
0.87784
0.0769986
0.287276
0.933634
0.0776197
0.486337
0.937798
0.843067
0.0242363
0.0252893
0.713246
0.424158
0.330619
0.883698
0.0176579
0.740129
0.204034
0.817802
0.656487
0.819001
0.337869
0.936147
0.489735
0.942169
0.89438
0.578313
0.3075
0.445974
0.0205268
0.316656
0.174375
0.272162
0.683195
0.458946
0.399054
0.954703
0.107282
0.0448168
0.187931
0.0106742
0.255794
0.290403
0.176957
0.774334
0.301298
0.351644
0.187931
0.443389
0.657372
0.741419
0.214394
0.196403
0.297839
0.528582
0.317725
0.715494
0.727703
0.38296
0.327494
0.227888
0.791574
0.58275
0.395535
0.849794
0.288572
0.150213
0.919152
0.686037
0.208851
0.8411
0.206807
0.990515
0.310459
0.429696
0.00557217
0.352485
0.543007
0.722664
0.420203
0.716662
0.710213
0.992249
0.823063
0.33598
0.864584
0.129578
0.638431
0.392502
0.687007
0.382226
0.52373
0.600032
0.00245325
0.979123
0.0731684
0.729178
0.308396
0.894046
0.793401
0.798578
0.384577
0.375658
0.738152
0.325255
0.314472
0.635557
0.567291
0.34117
0.303047
0.368974
0.678318
0.246442
0.595111
0.679259
0.310005
0.165988
0.0236913
0.468409
0.0455875
0.825595
0.172542
0.970432
0.840955
0.486357
0.17747
0.652729
0.979714
0.608051
0.64857
0.453615
0.912587
0.517742
0.500752
0.217149
0.226096
0.195441
0.341202
0.321507
0.723795
0.290069
0.837732
0.1342
0.772238
0.385832
0.774533
0.598459
0.612386
0.89637
0.832417
0.228329
0.88334
0.725978
0.716292
0.973694
0.0557745
0.65336
0.997928
0.568555
0.233925
0.590932
0.667716
0.139463
0.872938
0.846098
0.0682275
0.774446
0.0705726
0.397741
0.597037
0.635391
0.848272
0.86553
0.676047
0.14522
0.469359
0.776435
0.742144
0.227292
0.727393
0.496266
0.975909
0.376812
0.13843
0.841506
0.558206
0.94554
0.368807
0.784976
0.805255
0.154689
0.496092
0.197589
0.146209
0.316928
0.0120838
0.579847
0.08052
0.893956
0.838714
0.954523
0.938385
0.666453
0.423532
0.223438
0.960266
0.862468
0.538518
0.779714
0.0192783
0.285565
0.925979
0.0265235
0.251707
0.616131
0.49401
0.651941
0.332
0.157086
0.623649
0.788361
0.070032
0.742746
0.662748
0.0228353
0.574088
0.662449
0.290256
0.583073
0.829836
0.100853
0.278409
0.103571
0.817199
0.847701
0.189269
0.883083
0.819616
0.499696
0.881744
0.179421
0.233963
0.32157
0.117346
0.65064
0.427385
0.163125
0.592488
0.384152
0.029678
0.715673
0.833738
0.138683
0.0167979
0.666252
0.0749529
0.48199
0.968837
0.0906338
0.223616
0.896799
0.129522
0.0290974
0.944423
0.557451
0.13933
0.0102824
0.660471
0.970996
0.152419
0.986971
0.976285
0.270598
0.381259
0.0793151
0.163382
0.369151
0.803395
0.676928
0.0610563
0.344559
0.167721
0.816428
0.724955
0.693409
0.199428
0.845428
0.794713
0.60424
0.904922
0.575317
0.514297
0.638567
0.809613
0.182655
0.115647
0.787753
0.0180133
0.0852588
0.356162
0.593378
0.749797
0.583956
0.600955
0.665214
0.155877
0.413308
0.493736
0.585264
0.686295
0.193999
0.963063
0.74773
0.689165
0.141552
0.774985
0.0548613
0.520208
0.122165
0.455062
0.40987
0.431223
0.56663
0.537618
0.755155
0.258271
0.188633
0.376046
0.916212
0.0266751
0.939008
0.966622
0.301006
0.220247
0.721987
0.0376237
0.35203
0.185154
0.41418
0.167506
0.0850797
0.525342
0.224915
0.515282
0.396562
0.436481
0.692588
0.33445
0.410167
0.696443
0.435448
0.898583
0.491104
0.715427
0.178565
0.879373
0.346864
0.0150982
0.535115
0.7112
0.538926
0.435107
0.320205
0.0580076
0.354646
0.382701
0.104083
0.191328
0.553623
0.111515
0.76933
0.734135
0.40799
0.928552
0.424027
0.106387
0.935714
0.702463
0.891604
0.64849
0.944313
0.811877
0.623617
0.78856
0.884406
0.266587
0.781964
0.882191
0.819717
0.374927
0.510329
0.437528
0.380426
0.909517
0.599399
0.651892
0.163524
0.692003
0.461835
0.245707
0.768991
0.943054
0.213488
0.147692
0.0837296
0.300476
0.0933507
0.974796
0.893086
0.0272343
0.931944
0.362479
0.815037
0.318369
0.666803
0.409317
0.314483
0.784402
0.202251
0.783655
0.36113
0.383472
0.2232
0.599558
0.743807
0.973934
0.18886
0.963568
0.935795
0.0421915
0.306462
0.642488
0.0945407
0.838437
0.0480339
0.235959
0.856535
0.649856
0.445739
0.759267
0.50649
0.827366
0.687853
0.170692
0.417095
0.359153
0.384543
0.415413
0.133628
0.592016
0.723938
0.400519
0.915857
0.695729
0.0312963
0.933892
0.888152
0.938219
0.251813
0.90053
0.0796752
0.487142
0.65644
0.335516
0.381351
0.189736
0.711519
0.268785
0.610215
0.409318
0.995676
0.668204
0.0750687
0.636542
0.309216
0.652158
0.863822
0.043914
0.64412
0.906839
0.655322
0.458958
0.2057
0.304066
0.37102
0.736792
0.338089
0.839654
0.102695
0.135675
0.978389
0.196141
0.0520646
0.811556
0.582468
0.432276
0.602647
0.293259
0.63447
0.540264
0.143845
0.400652
0.766105
0.244753
0.313678
0.374387
0.130768
0.733673
0.737201
0.438644
0.784591
0.215883
0.388694
0.213519
0.221455
0.307974
0.567487
0.160454
0.772692
0.521106
0.70082
0.781841
0.663763
0.219199
0.576819
0.0744355
0.603246
0.575545
0.47141
0.114373
0.282881
0.191149
0.596222
0.32281
0.16099
0.546419
0.900174
0.753222
0.0124958
0.801771
0.409366
0.789903
0.68805
0.482852
0.575611
0.614619
0.0446126
0.277467
0.622768
0.103368
0.501256
0.285474
0.415285
0.531666
0.997831
0.938208
0.770357
0.149654
0.595842
0.686476
0.937121
0.419788
0.141576
0.0377105
0.890381
0.281881
0.745369
0.545013
0.936814
0.830348
0.949506
0.894462
0.413851
0.442007
0.913779
0.776961
0.642554
0.470554
0.0734727
0.71413
0.9028
0.298859
0.783531
0.219661
0.584001
0.378342
0.587137
0.200968
0.137547
0.774989
0.976998
0.389058
0.473221
0.646143
0.0556793
0.517679
0.487967
0.884134
0.403792
0.0117227
0.470472
0.490199
0.813244
0.332906
0.705879
0.723493
0.233559
0.696793
0.574384
0.472508
0.77897
0.404491
0.830351
0.943024
0.722996
0.764538
0.549397
0.392975
0.777862
0.306912
0.847643
0.776369
0.228134
0.160265
0.861474
0.97338
0.647938
0.374807
0.663858
0.336235
0.658877
0.259031
0.77865
0.871836
0.0531101
0.700568
0.95254
0.493875
0.0563454
0.103627
0.0628983
0.125221
0.393617
0.57234
0.151143
0.783734
0.859452
0.0780593
0.548394
0.533733
0.969012
0.196324
0.777534
0.960223
0.684788
0.23335
0.924661
0.811756
0.769261
0.398392
0.511955
0.866303
0.0280609
0.80323
0.751287
0.554718
0.0132167
0.319569
0.72797
0.574171
0.58151
0.370529
0.619297
0.69355
0.943722
0.967455
0.84513
0.991087
0.154822
0.393376
0.766131
0.976831
0.312734
0.670887
0.35878
0.769927
0.12881
0.895656
0.891293
0.141679
0.532838
0.584768
0.808471
0.624447
0.73593
0.647444
0.995639
0.217008
0.0877281
0.42203
0.11932
0.717944
0.114516
0.125061
0.691701
0.448661
0.434264
0.628125
0.530193
0.732434
0.365294
0.889471
0.664723
0.927476
0.62182
0.389451
0.813916
0.749162
0.642439
0.472673
0.964282
0.00552524
0.911199
0.644031
0.753777
0.869723
0.607295
0.475318
0.680753
0.272524
0.653139
0.338925
0.897491
0.411779
0.847667
0.29346
0.203285
0.3393
0.45629
0.755785
0.987125
0.807781
0.338439
0.840901
0.640493
0.345412
0.732224
0.294624
0.114072
0.155851
0.58202
0.969066
0.983607
0.959126
0.466341
0.0258477
0.408211
0.491034
0.907856
0.847424
0.936925
0.877103
0.0530418
0.155569
0.320144
0.384812
0.0338926
0.465859
0.179661
0.0641685
0.520116
0.711099
0.471527
0.516159
0.580854
0.433955
0.931371
0.146095
0.608351
0.856668
0.899401
0.245854
0.406058
0.96481
0.162327
0.423593
0.407149
0.349707
0.944832
0.556292
0.270877
0.750468
0.0337563
0.0484269
0.435228
0.857324
0.232239
0.0737873
0.374759
0.832272
0.547085
0.0388322
0.616369
0.373398
0.564897
0.385654
0.139249
0.915566
0.357607
0.338774
0.229369
0.434878
0.0937061
0.139487
0.170735
0.442436
0.10113
0.741486
0.132082
0.498268
0.192123
0.995402
0.587466
0.197427
0.940022
0.234143
0.83434
0.820625
0.462693
0.778122
0.9323
0.958273
0.0778764
0.644418
0.479676
0.291803
0.155426
0.0403293
0.494669
0.888751
0.12059
0.801353
0.600797
0.827089
0.0125821
0.484111
0.0832663
0.833634
0.851552
0.091884
0.906335
0.668041
0.595779
0.46854
0.563031
0.599064
0.218982
0.730969
0.73802
0.850546
0.312643
0.613399
0.738233
0.207271
0.52785
0.633709
0.162691
0.519637
0.778131
0.585373
0.937997
0.427012
0.0953269
0.842973
0.124207
0.294426
0.599653
0.254818
0.456293
0.860902
0.156726
0.0915733
0.958329
0.419045
0.783024
0.872955
0.276598
0.538424
0.722638
0.925659
0.839521
0.949709
0.951189
0.950676
0.301822
0.159564
0.0423716
0.398755
0.454502
0.599209
0.446946
0.923768
0.964921
0.205594
0.710277
0.947855
0.686838
0.224259
0.644369
0.384475
0.921773
0.429535
0.798668
0.011208
0.655943
0.938936
0.930624
0.0413806
0.680258
0.170365
0.745426
0.699579
0.391093
0.989458
0.360435
0.257806
0.670034
0.705788
0.217059
0.368658
0.292719
0.17101
0.934362
0.427205
0.783422
0.241559
0.148132
0.82925
0.466582
0.746163
0.22029
0.0746295
0.252188
0.958237
0.501055
0.765545
0.795486
0.723858
0.137925
0.00116333
0.181513
0.506023
0.262613
0.764115
0.530462
0.0633216
0.652165
0.882545
0.123527
0.78798
0.106359
0.782986
0.658466
0.791847
0.175007
0.113771
0.921451
0.136086
0.383362
0.728628
0.261945
0.53456
0.811506
0.606518
0.998008
0.187763
0.765052
0.450826
0.659765
0.185601
0.438567
0.270191
0.736191
0.501811
0.359576
0.823046
0.432492
0.0336445
0.176403
0.248905
0.372965
0.777638
0.843371
0.400189
0.752688
0.692316
0.908925
0.264106
0.102435
0.307341
0.175437
0.71303
0.484102
0.803061
0.872544
0.372346
0.0213264
0.873779
0.604479
0.439396
0.441542
0.0169149
0.186792
0.780878
0.950197
0.354051
0.661437
0.394481
0.65235
0.364059
0.0467824
0.392791
0.274213
0.103824
0.97338
0.70781
0.221351
0.281327
0.880588
0.950672
0.484066
0.205661
0.115896
0.156379
0.166701
0.364012
0.341195
0.0639318
0.836784
0.852575
0.816807
0.189388
0.374945
0.786675
0.565903
0.612162
0.69181
0.802381
0.70783
0.383181
0.174459
0.481627
0.671287
0.340602
0.424745
0.737501
0.605966
0.0927414
0.0817034
0.581642
0.868141
0.704637
0.809545
0.729276
0.508381
0.80069
0.495759
0.456824
0.430753
0.543839
0.0772834
0.0370688
0.438934
0.617559
0.674916
0.0863381
0.705868
0.76695
0.765335
0.866945
0.0763058
0.721458
0.0154048
0.993354
0.135822
0.0624502
0.65111
0.525794
0.319972
0.772314
0.192447
0.103371
0.777558
0.84229
0.556242
0.322733
0.483783
0.753043
0.029092
0.317305
0.520095
0.477396
0.431278
0.0536405
0.215348
0.42004
0.659269
0.0964845
0.852417
0.0648035
0.813931
0.0340606
0.0573573
0.704921
0.508114
0.801053
0.452757
0.524115
0.700145
0.139853
0.468035
0.557436
0.677012
0.159818
0.233834
0.617351
0.771195
0.0453624
0.861174
0.688818
0.889538
0.546741
0.136555
0.982402
0.0714314
0.231442
0.43421
0.242305
0.0471371
0.18496
0.521161
0.788876
0.887585
0.863391
0.39177
0.0797916
0.15611
0.190046
0.200531
0.259757
0.026158
0.0319847
0.390967
0.0440678
0.17094
0.707952
0.36832
0.775491
0.625479
0.841711
0.623912
0.217537
0.758794
0.242205
0.179669
0.316557
0.666951
0.848149
0.0353984
0.0903453
0.360248
0.0655861
0.182242
0.107976
0.629836
0.515021
0.67917
0.315388
0.236887
0.720411
0.718455
0.116624
0.831567
0.420879
0.332308
0.812959
0.690531
0.949959
0.212016
0.916088
0.0288652
0.814128
0.21945
0.318377
0.776522
0.791538
0.285045
0.541655
0.768704
0.520787
0.405806
0.512404
0.305964
0.591943
0.693552
0.634731
0.55307
0.318374
0.0478822
0.560856
0.218996
0.6433
0.499079
0.402708
0.571698
0.205594
0.710906
0.462486
0.818801
0.180284
0.375175
0.435341
0.126904
0.210554
0.20411
0.369946
0.828553
0.60446
0.627276
0.44893
0.845317
0.223538
0.494638
0.605566
0.286309
0.371577
0.945949
0.249748
0.320159
0.350556
0.593782
0.298712
0.229568
0.179593
0.218233
0.721708
0.776296
0.153044
0.935715
0.248453
0.483707
0.929459
0.22328
0.726887
0.754644
0.992558
0.382192
0.968511
0.949991
0.650475
0.536964
0.61389
0.713223
0.524894
0.22941
0.223508
0.765951
0.943553
0.43929
0.522168
0.444139
0.873077
0.400138
0.176152
0.500631
0.765451
0.224458
0.589945
0.0836415
0.297095
0.354652
0.493516
0.580202
0.449558
0.273768
0.427542
0.339562
0.190576
0.155793
0.885819
0.400409
0.277173
0.637329
0.220268
0.184676
0.345255
0.369353
0.571141
0.484562
0.134266
0.543177
0.548154
0.814579
0.301902
0.633826
0.942059
0.424834
0.573404
0.592512
0.462916
0.415339
0.970438
0.828957
0.124758
0.0944642
0.713904
0.432855
0.594379
0.754239
0.354137
0.0188997
0.951964
0.173223
0.553976
0.847362
0.368717
0.230343
0.25319
0.691226
0.472967
0.814433
0.797299
0.0665146
0.739864
0.212772
0.745147
0.131052
0.609916
0.659905
0.287702
0.0511681
0.0103475
0.790154
0.456421
0.666972
0.647609
0.960774
0.810721
0.741999
0.410067
0.0619052
0.137095
0.847727
0.0666611
0.993535
0.103563
0.0526344
0.262676
0.712965
0.750708
0.168805
0.256658
0.47598
0.839562
0.486565
0.840888
0.524134
0.571068
0.613182
0.886331
0.432199
0.356384
0.115785
0.1153
0.493784
0.575699
0.198439
0.382978
0.506919
0.411427
0.164372
0.195998
0.350225
0.724478
0.809745
0.52476
0.147668
0.457144
0.314973
0.00895525
0.888758
0.78192
0.430102
0.0268578
0.1747
0.151094
0.758386
0.369493
0.555201
0.0437109
0.624411
0.00866665
0.986852
0.100809
0.77801
0.0719228
0.344692
0.957778
0.530756
0.895331
0.908136
0.304145
0.626392
0.352035
0.425416
0.424293
0.911169
0.381713
0.903408
