0,1.999
0.0199897,1.9989
0.0399773,1.9986
0.059961,1.9981
0.0799387,1.9974
0.0999084,1.9965
0.119868,1.99541
0.139816,1.99411
0.15975,1.99262
0.179668,1.99093
0.199568,1.98905
0.219448,1.98697
0.239306,1.98469
0.259141,1.98223
0.27895,1.97957
0.298732,1.97672
0.318484,1.97368
0.338205,1.97046
0.357893,1.96705
0.377545,1.96345
0.397161,1.95968
0.416738,1.95572
0.436275,1.95158
0.455769,1.94727
0.47522,1.94278
0.494624,1.93812
0.513981,1.93329
0.533289,1.92828
0.552546,1.92312
0.571751,1.91779
0.590902,1.9123
0.609997,1.90665
0.629034,1.90084
0.648013,1.89488
0.666931,1.88877
0.685788,1.88251
0.704581,1.87611
0.723309,1.86956
0.741972,1.86287
0.760566,1.85604
0.779092,1.84908
0.797548,1.84199
0.815931,1.83477
0.834243,1.82743
0.85248,1.81996
0.870641,1.81237
0.888726,1.80466
0.906734,1.79684
0.924663,1.78891
0.942512,1.78088
0.96028,1.77273
0.977966,1.76449
0.99557,1.75615
1.01309,1.74771
1.03052,1.73918
1.04787,1.73056
1.06513,1.72185
1.08231,1.71306
1.0994,1.70419
1.11639,1.69525
1.1333,1.68622
1.15012,1.67713
1.16684,1.66797
1.18348,1.65874
1.20002,1.64945
1.21647,1.6401
1.23282,1.6307
1.24908,1.62123
1.26524,1.61172
1.28131,1.60216
1.29729,1.59256
1.31316,1.58291
1.32894,1.57322
1.34463,1.56349
1.36021,1.55373
1.3757,1.54393
1.39109,1.53411
1.40638,1.52425
1.42158,1.51438
1.43667,1.50448
1.45167,1.49456
1.46656,1.48462
1.48136,1.47467
1.49606,1.4647
1.51065,1.45472
1.52515,1.44474
1.53955,1.43475
1.55385,1.42475
1.56804,1.41475
1.58214,1.40475
1.59614,1.39475
1.61004,1.38476
1.62383,1.37477
1.63753,1.36479
1.65113,1.35481
1.66463,1.34485
1.67803,1.3349
1.69133,1.32497
1.70453,1.31505
1.71763,1.30514
1.73063,1.29526
1.74353,1.2854
1.75634,1.27556
1.76904,1.26574
1.78165,1.25595
1.79416,1.24619
1.80658,1.23645
1.81889,1.22674
1.83111,1.21706
1.84323,1.20742
1.85526,1.1978
1.86719,1.18822
1.87902,1.17867
1.89076,1.16916
1.90241,1.15969
1.91396,1.15025
1.92541,1.14085
1.93677,1.1315
1.94804,1.12218
1.95922,1.1129
1.9703,1.10367
1.98129,1.09448
1.99219,1.08533
2.003,1.07623
2.01371,1.06717
2.02434,1.05816
2.03488,1.04919
2.04533,1.04027
2.05568,1.0314
2.06595,1.02258
2.07614,1.0138
2.08623,1.00508
2.09624,0.996403
2.10616,0.987777
2.11599,0.979201
2.12574,0.970676
2.13541,0.962203
2.14499,0.95378
2.15448,0.94541
2.16389,0.937092
2.17322,0.928826
2.18247,0.920613
2.19164,0.912452
2.20072,0.904345
2.20972,0.896291
2.21865,0.88829
2.22749,0.880343
2.23625,0.87245
2.24494,0.86461
2.25355,0.856825
2.26208,0.849093
2.27053,0.841416
2.2789,0.833793
2.2872,0.826224
2.29543,0.818709
2.30358,0.811249
2.31165,0.803843
2.31966,0.796491
2.32758,0.789194
2.33544,0.78195
2.34322,0.774761
2.35093,0.767626
2.35858,0.760545
2.36615,0.753517
2.37365,0.746544
2.38108,0.739624
2.38844,0.732758
2.39573,0.725945
2.40296,0.719185
2.41012,0.712479
2.41721,0.705826
2.42423,0.699226
2.43119,0.692678
2.43809,0.686183
2.44492,0.67974
2.45168,0.673349
2.45838,0.66701
2.46502,0.660723
2.4716,0.654488
2.47811,0.648303
2.48456,0.64217
2.49096,0.636088
2.49729,0.630056
2.50356,0.624075
2.50977,0.618144
2.51592,0.612262
2.52201,0.606431
2.52805,0.600648
2.53403,0.594915
2.53995,0.589231
2.54581,0.583595
2.55162,0.578008
2.55737,0.572468
2.56307,0.566976
2.56871,0.561532
2.5743,0.556135
2.57983,0.550785
2.58532,0.545481
2.59074,0.540224
2.59612,0.535013
2.60144,0.529848
2.60672,0.524728
2.61194,0.519653
2.61711,0.514623
2.62223,0.509637
2.6273,0.504696
2.63233,0.499799
2.6373,0.494945
2.64222,0.490135
2.6471,0.485368
2.65193,0.480643
2.65672,0.475961
2.66145,0.471321
2.66614,0.466723
2.67079,0.462166
2.67539,0.45765
2.67994,0.453176
2.68445,0.448742
2.68891,0.444348
2.69334,0.439994
2.69771,0.43568
2.70205,0.431405
2.70634,0.427169
2.71059,0.422972
2.7148,0.418813
2.71897,0.414693
2.7231,0.41061
2.72718,0.406565
2.73123,0.402557
2.73523,0.398586
2.7392,0.394651
2.74313,0.390753
2.74701,0.386891
2.75086,0.383065
2.75468,0.379274
2.75845,0.375518
2.76219,0.371797
2.76589,0.36811
2.76955,0.364458
2.77318,0.36084
2.77677,0.357255
2.78032,0.353704
2.78384,0.350186
2.78732,0.3467
2.79077,0.343247
2.79419,0.339827
2.79757,0.336438
2.80092,0.333081
2.80423,0.329755
2.80751,0.326461
2.81076,0.323197
2.81398,0.319964
2.81716,0.316761
2.82031,0.313589
2.82343,0.310446
2.82652,0.307332
2.82958,0.304248
2.83261,0.301192
2.8356,0.298166
2.83857,0.295168
2.84151,0.292198
2.84441,0.289255
2.84729,0.286341
2.85014,0.283454
2.85296,0.280594
2.85575,0.277761
2.85852,0.274955
2.86125,0.272175
2.86396,0.269421
2.86664,0.266693
2.86929,0.263991
2.87192,0.261314
2.87452,0.258662
2.87709,0.256036
2.87964,0.253434
2.88216,0.250856
2.88466,0.248303
2.88713,0.245774
2.88957,0.243268
2.89199,0.240786
2.89439,0.238328
2.89676,0.235892
2.89911,0.23348
2.90143,0.23109
2.90373,0.228723
2.90601,0.226377
2.90826,0.224054
2.91049,0.221753
2.91269,0.219473
2.91488,0.217215
2.91704,0.214977
2.91918,0.212761
2.92129,0.210565
2.92339,0.20839
2.92546,0.206236
2.92751,0.204101
2.92954,0.201987
2.93155,0.199892
2.93354,0.197817
2.93551,0.195761
2.93746,0.193724
2.93938,0.191706
2.94129,0.189707
2.94318,0.187727
2.94504,0.185765
2.94689,0.183821
2.94872,0.181895
2.95053,0.179987
2.95232,0.178097
2.95409,0.176224
2.95584,0.174369
2.95758,0.17253
2.9593,0.170709
2.96099,0.168905
2.96267,0.167117
2.96434,0.165345
2.96598,0.16359
2.96761,0.161851
2.96922,0.160128
2.97081,0.15842
2.97239,0.156729
2.97394,0.155052
2.97549,0.153391
2.97701,0.151745
2.97852,0.150114
2.98002,0.148498
2.98149,0.146897
2.98295,0.14531
2.9844,0.143737
2.98583,0.142179
2.98724,0.140634
2.98864,0.139104
2.99002,0.137587
2.99139,0.136084
2.99275,0.134594
2.99408,0.133118
2.99541,0.131655
2.99672,0.130205
2.99801,0.128767
2.99929,0.127343
3.00056,0.125931
3.00181,0.124532
3.00305,0.123144
3.00427,0.121769
3.00549,0.120407
3.00668,0.119056
3.00787,0.117717
3.00904,0.116389
3.01019,0.115073
3.01134,0.113769
3.01247,0.112475
3.01359,0.111193
3.01469,0.109922
3.01579,0.108662
3.01687,0.107413
3.01793,0.106174
3.01899,0.104946
3.02003,0.103728
3.02107,0.10252
3.02208,0.101323
3.02309,0.100136
3.02409,0.0989586
3.02507,0.0977911
3.02604,0.0966334
3.027,0.0954852
3.02795,0.0943465
3.02889,0.0932172
3.02982,0.0920972
3.03073,0.0909863
3.03164,0.0898845
3.03253,0.0887916
3.03341,0.0877075
3.03428,0.0866321
3.03515,0.0855654
3.036,0.0845072
3.03684,0.0834573
3.03766,0.0824158
3.03848,0.0813825
3.03929,0.0803572
3.04009,0.07934
3.04088,0.0783306
3.04166,0.0773291
3.04243,0.0763352
3.04318,0.0753489
3.04393,0.0743702
3.04467,0.0733988
3.0454,0.0724347
3.04612,0.0714779
3.04683,0.0705281
3.04753,0.0695854
3.04822,0.0686496
3.0489,0.0677207
3.04958,0.0667985
3.05024,0.0658829
3.05089,0.0649739
3.05154,0.0640714
3.05218,0.0631752
3.0528,0.0622854
3.05342,0.0614017
3.05403,0.0605242
3.05463,0.0596527
3.05522,0.0587871
3.05581,0.0579274
3.05638,0.0570735
3.05695,0.0562253
3.05751,0.0553826
3.05806,0.0545455
3.0586,0.0537138
3.05913,0.0528875
3.05966,0.0520664
3.06017,0.0512505
3.06068,0.0504398
3.06118,0.049634
3.06167,0.0488332
3.06216,0.0480373
3.06263,0.0472462
3.0631,0.0464597
3.06356,0.0456779
3.06402,0.0449007
3.06446,0.0441279
3.0649,0.0433596
3.06533,0.0425955
3.06575,0.0418357
3.06617,0.0410801
3.06657,0.0403286
3.06697,0.0395811
3.06736,0.0388375
3.06775,0.0380979
3.06813,0.037362
3.0685,0.0366298
3.06886,0.0359013
3.06921,0.0351764
3.06956,0.034455
3.0699,0.033737
3.07024,0.0330224
3.07056,0.0323111
3.07088,0.031603
3.0712,0.030898
3.0715,0.0301962
3.0718,0.0294973
3.07209,0.0288014
3.07238,0.0281084
3.07265,0.0274181
3.07292,0.0267306
3.07319,0.0260458
3.07345,0.0253636
3.0737,0.0246839
3.07394,0.0240067
3.07418,0.0233318
3.07441,0.0226593
3.07463,0.0219891
3.07485,0.021321
3.07506,0.0206551
3.07526,0.0199912
3.07546,0.0193293
3.07565,0.0186694
3.07583,0.0180113
3.07601,0.017355
3.07618,0.0167005
3.07634,0.0160476
3.0765,0.0153963
3.07665,0.0147465
3.07679,0.0140982
3.07693,0.0134514
3.07706,0.0128058
3.07719,0.0121616
3.0773,0.0115186
3.07742,0.0108767
3.07752,0.0102359
3.07762,0.00959609
3.07771,0.00895727
3.0778,0.00831934
3.07788,0.00768224
3.07795,0.00704591
3.07802,0.00641028
3.07808,0.00577529
3.07814,0.00514088
3.07818,0.00450698
3.07823,0.00387353
3.07826,0.00324046
3.07829,0.00260772
3.07831,0.00197524
3.07833,0.00134296
3.07834,0.000710811
3.07834,7.87334e-05
3.07834,-0.000553337
3.07833,-0.00118546
3.07832,-0.00181771
3.0783,-0.00245013
3.07827,-0.0030828
3.07824,-0.00371578
3.0782,-0.00434912
3.07815,-0.00498291
3.0781,-0.00561719
3.07804,-0.00625203
3.07797,-0.00688749
3.0779,-0.00752364
3.07782,-0.00816054
3.07774,-0.00879826
3.07764,-0.00943685
3.07755,-0.0100764
3.07744,-0.0107169
3.07733,-0.0113585
3.07722,-0.0120013
3.07709,-0.0126452
3.07696,-0.0132904
3.07683,-0.013937
3.07668,-0.0145849
3.07653,-0.0152343
3.07638,-0.0158852
3.07622,-0.0165376
3.07605,-0.0171918
3.07587,-0.0178476
3.07569,-0.0185053
3.0755,-0.0191647
3.07531,-0.0198261
3.07511,-0.0204895
3.0749,-0.0211549
3.07468,-0.0218224
3.07446,-0.0224921
3.07423,-0.0231641
3.074,-0.0238383
3.07376,-0.0245149
3.07351,-0.025194
3.07325,-0.0258756
3.07299,-0.0265598
3.07272,-0.0272466
3.07245,-0.0279362
3.07216,-0.0286285
3.07187,-0.0293237
3.07158,-0.0300218
3.07127,-0.0307229
3.07096,-0.0314271
3.07064,-0.0321344
3.07032,-0.0328449
3.06999,-0.0335587
3.06965,-0.0342758
3.0693,-0.0349963
3.06895,-0.0357204
3.06859,-0.036448
3.06822,-0.0371792
3.06784,-0.0379142
3.06746,-0.0386529
3.06707,-0.0393955
3.06667,-0.040142
3.06627,-0.0408925
3.06586,-0.0416471
3.06543,-0.0424059
3.06501,-0.0431688
3.06457,-0.0439361
3.06413,-0.0447078
3.06368,-0.0454839
3.06322,-0.0462645
3.06275,-0.0470498
3.06228,-0.0478398
3.0618,-0.0486345
3.0613,-0.0494341
3.06081,-0.0502386
3.0603,-0.0510481
3.05979,-0.0518627
3.05926,-0.0526824
3.05873,-0.0535074
3.05819,-0.0543378
3.05765,-0.0551735
3.05709,-0.0560148
3.05652,-0.0568616
3.05595,-0.0577142
3.05537,-0.0585724
3.05478,-0.0594365
3.05418,-0.0603065
3.05357,-0.0611825
3.05296,-0.0620647
3.05233,-0.062953
3.0517,-0.0638475
3.05106,-0.0647485
3.0504,-0.0656558
3.04974,-0.0665698
3.04907,-0.0674903
3.04839,-0.0684176
3.0477,-0.0693516
3.04701,-0.0702926
3.0463,-0.0712406
3.04558,-0.0721957
3.04485,-0.0731579
3.04412,-0.0741275
3.04337,-0.0751044
3.04262,-0.0760888
3.04185,-0.0770807
3.04107,-0.0780804
3.04029,-0.0790878
3.03949,-0.080103
3.03869,-0.0811263
3.03787,-0.0821576
3.03704,-0.0831971
3.03621,-0.0842448
3.03536,-0.085301
3.0345,-0.0863656
3.03363,-0.0874388
3.03275,-0.0885207
3.03186,-0.0896114
3.03096,-0.090711
3.03005,-0.0918196
3.02912,-0.0929373
3.02819,-0.0940643
3.02724,-0.0952006
3.02628,-0.0963464
3.02531,-0.0975018
3.02433,-0.0986668
3.02334,-0.0998417
3.02234,-0.101026
3.02132,-0.102221
3.02029,-0.103426
3.01925,-0.104641
3.0182,-0.105867
3.01713,-0.107103
3.01606,-0.10835
3.01497,-0.109607
3.01386,-0.110876
3.01275,-0.112155
3.01162,-0.113445
3.01048,-0.114747
3.00933,-0.11606
3.00816,-0.117385
3.00698,-0.118721
3.00578,-0.120069
3.00458,-0.121429
3.00336,-0.122801
3.00212,-0.124185
3.00087,-0.125581
2.99961,-0.12699
2.99833,-0.128411
2.99704,-0.129845
2.99574,-0.131292
2.99442,-0.132752
2.99308,-0.134225
2.99173,-0.135712
2.99037,-0.137212
2.98899,-0.138725
2.98759,-0.140252
2.98618,-0.141793
2.98476,-0.143348
2.98331,-0.144917
2.98186,-0.1465
2.98038,-0.148098
2.9789,-0.14971
2.97739,-0.151338
2.97587,-0.15298
2.97433,-0.154637
2.97278,-0.15631
2.9712,-0.157997
2.96962,-0.159701
2.96801,-0.16142
2.96639,-0.163155
2.96475,-0.164906
2.96309,-0.166674
2.96141,-0.168458
2.95972,-0.170258
2.95801,-0.172075
2.95628,-0.173909
2.95453,-0.17576
2.95276,-0.177629
2.95098,-0.179515
2.94917,-0.181418
2.94735,-0.183339
2.94551,-0.185279
2.94364,-0.187236
2.94176,-0.189212
2.93986,-0.191206
2.93794,-0.193219
2.93599,-0.195251
2.93403,-0.197303
2.93205,-0.199373
2.93004,-0.201463
2.92802,-0.203573
2.92597,-0.205702
2.92391,-0.207852
2.92182,-0.210022
2.9197,-0.212212
2.91757,-0.214423
2.91542,-0.216655
2.91324,-0.218908
2.91104,-0.221183
2.90881,-0.223479
2.90657,-0.225797
2.9043,-0.228136
2.90201,-0.230498
2.89969,-0.232882
2.89735,-0.235289
2.89498,-0.237719
2.89259,-0.240172
2.89018,-0.242648
2.88774,-0.245147
2.88528,-0.247671
2.88279,-0.250218
2.88027,-0.252789
2.87773,-0.255385
2.87516,-0.258006
2.87257,-0.260651
2.86995,-0.263321
2.8673,-0.266017
2.86463,-0.268739
2.86193,-0.271486
2.8592,-0.27426
2.85644,-0.277059
2.85366,-0.279886
2.85085,-0.282739
2.848,-0.285619
2.84513,-0.288527
2.84223,-0.291462
2.8393,-0.294425
2.83635,-0.297416
2.83336,-0.300436
2.83034,-0.303484
2.82729,-0.306561
2.82421,-0.309667
2.82109,-0.312803
2.81795,-0.315968
2.81477,-0.319163
2.81157,-0.322389
2.80833,-0.325645
2.80505,-0.328932
2.80175,-0.33225
2.79841,-0.335599
2.79503,-0.338979
2.79163,-0.342392
2.78819,-0.345837
2.78471,-0.349314
2.7812,-0.352824
2.77765,-0.356367
2.77407,-0.359943
2.77046,-0.363553
2.7668,-0.367197
2.76311,-0.370875
2.75938,-0.374587
2.75562,-0.378335
2.75182,-0.382117
2.74798,-0.385934
2.7441,-0.389788
2.74018,-0.393677
2.73622,-0.397602
2.73223,-0.401564
2.72819,-0.405563
2.72412,-0.409599
2.72,-0.413672
2.71584,-0.417783
2.71165,-0.421932
2.70741,-0.42612
2.70312,-0.430346
2.6988,-0.434611
2.69443,-0.438915
2.69002,-0.443259
2.68557,-0.447643
2.68107,-0.452067
2.67652,-0.456532
2.67194,-0.461037
2.6673,-0.465583
2.66262,-0.470171
2.6579,-0.474801
2.65313,-0.479473
2.64831,-0.484186
2.64344,-0.488943
2.63853,-0.493743
2.63357,-0.498585
2.62856,-0.503472
2.6235,-0.508402
2.61839,-0.513376
2.61323,-0.518395
2.60802,-0.523459
2.60276,-0.528568
2.59745,-0.533722
2.59209,-0.538922
2.58667,-0.544167
2.5812,-0.549459
2.57568,-0.554798
2.57011,-0.560183
2.56448,-0.565616
2.5588,-0.571095
2.55306,-0.576623
2.54726,-0.582198
2.54141,-0.587822
2.53551,-0.593494
2.52954,-0.599215
2.52352,-0.604986
2.51744,-0.610805
2.51131,-0.616674
2.50511,-0.622593
2.49885,-0.628561
2.49254,-0.634581
2.48616,-0.64065
2.47973,-0.646771
2.47323,-0.652942
2.46667,-0.659165
2.46004,-0.665439
2.45336,-0.671765
2.44661,-0.678143
2.43979,-0.684573
2.43292,-0.691055
2.42597,-0.697589
2.41896,-0.704177
2.41189,-0.710817
2.40475,-0.71751
2.39754,-0.724256
2.39026,-0.731055
2.38292,-0.737908
2.3755,-0.744815
2.36802,-0.751775
2.36047,-0.758789
2.35285,-0.765857
2.34515,-0.772978
2.33739,-0.780154
2.32955,-0.787384
2.32164,-0.794668
2.31365,-0.802006
2.3056,-0.809399
2.29747,-0.816846
2.28926,-0.824347
2.28098,-0.831902
2.27262,-0.839512
2.26419,-0.847176
2.25568,-0.854894
2.24709,-0.862666
2.23842,-0.870492
2.22968,-0.878371
2.22086,-0.886305
2.21195,-0.894292
2.20297,-0.902333
2.19391,-0.910427
2.18476,-0.918575
2.17554,-0.926775
2.16623,-0.935028
2.15683,-0.943333
2.14736,-0.95169
2.1378,-0.9601
2.12816,-0.968561
2.11843,-0.977073
2.10862,-0.985636
2.09872,-0.994249
2.08873,-1.00291
2.07866,-1.01163
2.0685,-1.02039
2.05825,-1.0292
2.04791,-1.03806
2.03749,-1.04697
2.02697,-1.05592
2.01637,-1.06492
2.00568,-1.07397
1.99489,-1.08306
1.98401,-1.0922
1.97305,-1.10138
1.96199,-1.1106
1.95083,-1.11986
1.93959,-1.12917
1.92825,-1.13852
1.91682,-1.14791
1.90529,-1.15733
1.89367,-1.1668
1.88196,-1.1763
1.87015,-1.18584
1.85824,-1.19541
1.84624,-1.20502
1.83414,-1.21466
1.82194,-1.22433
1.80965,-1.23403
1.79726,-1.24376
1.78478,-1.25352
1.77219,-1.2633
1.75951,-1.27311
1.74673,-1.28295
1.73385,-1.2928
1.72088,-1.30268
1.7078,-1.31258
1.69462,-1.32249
1.68135,-1.33242
1.66798,-1.34237
1.6545,-1.35233
1.64093,-1.3623
1.62726,-1.37228
1.61348,-1.38227
1.59961,-1.39226
1.58564,-1.40226
1.57157,-1.41226
1.55739,-1.42226
1.54312,-1.43226
1.52875,-1.44225
1.51427,-1.45224
1.4997,-1.46222
1.48503,-1.47219
1.47026,-1.48214
1.45539,-1.49208
1.44042,-1.50201
1.42535,-1.51191
1.41018,-1.5218
1.39491,-1.53166
1.37955,-1.54149
1.36408,-1.55129
1.34852,-1.56106
1.33286,-1.5708
1.3171,-1.5805
1.30125,-1.59016
1.2853,-1.59977
1.26926,-1.60934
1.25311,-1.61887
1.23688,-1.62834
1.22055,-1.63776
1.20412,-1.64713
1.18761,-1.65643
1.171,-1.66568
1.15429,-1.67485
1.1375,-1.68397
1.12061,-1.69301
1.10364,-1.70197
1.08657,-1.71086
1.06942,-1.71967
1.05218,-1.7284
1.03485,-1.73704
1.01744,-1.74559
0.999942,-1.75405
0.98236,-1.76242
0.964694,-1.77069
0.946946,-1.77886
0.929117,-1.78692
0.911208,-1.79488
0.89322,-1.80273
0.875154,-1.81046
0.857011,-1.81808
0.838793,-1.82558
0.8205,-1.83295
0.802134,-1.8402
0.783697,-1.84733
0.765188,-1.85432
0.746611,-1.86118
0.727965,-1.8679
0.709253,-1.87449
0.690476,-1.88093
0.671635,-1.88722
0.652732,-1.89337
0.633768,-1.89937
0.614745,-1.90522
0.595664,-1.9109
0.576527,-1.91644
0.557336,-1.92181
0.538092,-1.92701
0.518796,-1.93205
0.499451,-1.93693
0.480058,-1.94163
0.460619,-1.94616
0.441136,-1.95052
0.421609,-1.9547
0.402042,-1.95871
0.382436,-1.96253
0.362792,-1.96617
0.343113,-1.96963
0.3234,-1.9729
0.303656,-1.97598
0.283881,-1.97888
0.264079,-1.98158
0.24425,-1.9841
0.224398,-1.98642
0.204523,-1.98855
0.184627,-1.99048
0.164714,-1.99222
0.144784,-1.99376
0.124839,-1.9951
0.104882,-1.99625
0.0849148,-1.9972
0.0649389,-1.99795
0.0449565,-1.99849
0.0249697,-1.99884
0.0049803,-1.99899
-0.0150096,-1.99894
-0.0349979,-1.99869
-0.0549828,-1.99824
-0.0749621,-1.99759
-0.094934,-1.99675
-0.114896,-1.9957
-0.134847,-1.99445
-0.154785,-1.99301
-0.174707,-1.99137
-0.194612,-1.98953
-0.214497,-1.9875
-0.234361,-1.98528
-0.254202,-1.98286
-0.274018,-1.98025
-0.293806,-1.97745
-0.313566,-1.97446
-0.333295,-1.97128
-0.352991,-1.96791
-0.372652,-1.96437
-0.392277,-1.96063
-0.411864,-1.95672
-0.431411,-1.95263
-0.450916,-1.94836
-0.470378,-1.94391
-0.489794,-1.93929
-0.509163,-1.9345
-0.528484,-1.92955
-0.547754,-1.92442
-0.566971,-1.91913
-0.586136,-1.91368
-0.605245,-1.90807
-0.624297,-1.9023
-0.64329,-1.89638
-0.662224,-1.89031
-0.681096,-1.88408
-0.699905,-1.87771
-0.718649,-1.8712
-0.737328,-1.86455
-0.75594,-1.85776
-0.774483,-1.85083
-0.792956,-1.84377
-0.811358,-1.83658
-0.829687,-1.82927
-0.847943,-1.82183
-0.866124,-1.81427
-0.884228,-1.80659
-0.902255,-1.7988
-0.920204,-1.7909
-0.938073,-1.78289
-0.955861,-1.77477
-0.973568,-1.76655
-0.991192,-1.75824
-1.00873,-1.74982
-1.02619,-1.74131
-1.04356,-1.73272
-1.06084,-1.72403
-1.07804,-1.71526
-1.09515,-1.70641
-1.11217,-1.69748
-1.1291,-1.68848
-1.14594,-1.6794
-1.16268,-1.67026
-1.17934,-1.66105
-1.1959,-1.65177
-1.21238,-1.64244
-1.22875,-1.63304
-1.24504,-1.6236
-1.26123,-1.6141
-1.27732,-1.60455
-1.29332,-1.59495
-1.30922,-1.58531
-1.32502,-1.57563
-1.34073,-1.56592
-1.35634,-1.55616
-1.37185,-1.54638
-1.38727,-1.53656
-1.40258,-1.52671
-1.4178,-1.51684
-1.43292,-1.50695
-1.44794,-1.49703
-1.46286,-1.4871
-1.47768,-1.47715
-1.4924,-1.46719
-1.50703,-1.45721
-1.52155,-1.44723
-1.53597,-1.43724
-1.55029,-1.42724
-1.56452,-1.41724
-1.57864,-1.40724
-1.59266,-1.39724
-1.60658,-1.38725
-1.62041,-1.37726
-1.63413,-1.36727
-1.64775,-1.3573
-1.66127,-1.34733
-1.6747,-1.33738
-1.68802,-1.32744
-1.70125,-1.31752
-1.71437,-1.30761
-1.7274,-1.29772
-1.74033,-1.28786
-1.75316,-1.27801
-1.76589,-1.26819
-1.77852,-1.25839
-1.79105,-1.24862
-1.80349,-1.23887
-1.81583,-1.22916
-1.82808,-1.21947
-1.84022,-1.20982
-1.85227,-1.20019
-1.86423,-1.1906
-1.87608,-1.18105
-1.88785,-1.17153
-1.89951,-1.16204
-1.91109,-1.1526
-1.92257,-1.14319
-1.93395,-1.13382
-1.94524,-1.1245
-1.95644,-1.11521
-1.96755,-1.10597
-1.97856,-1.09676
-1.98948,-1.08761
-2.00031,-1.07849
-2.01105,-1.06942
-2.0217,-1.0604
-2.03226,-1.05142
-2.04273,-1.04249
-2.05311,-1.03361
-2.0634,-1.02477
-2.07361,-1.01599
-2.08372,-1.00725
-2.09375,-0.99856
-2.10369,-0.989921
-2.11355,-0.981333
-2.12332,-0.972796
-2.13301,-0.964309
-2.14261,-0.955874
-2.15212,-0.947491
-2.16156,-0.939159
-2.17091,-0.93088
-2.18018,-0.922654
-2.18936,-0.91448
-2.19846,-0.90636
-2.20749,-0.898292
-2.21643,-0.890278
-2.22529,-0.882318
-2.23408,-0.874411
-2.24278,-0.866558
-2.25141,-0.858759
-2.25996,-0.851014
-2.26843,-0.843324
-2.27682,-0.835687
-2.28514,-0.828105
-2.29339,-0.820577
-2.30155,-0.813103
-2.30965,-0.805683
-2.31767,-0.798318
-2.32562,-0.791007
-2.33349,-0.78375
-2.34129,-0.776547
-2.34902,-0.769398
-2.35668,-0.762304
-2.36427,-0.755263
-2.37178,-0.748276
-2.37923,-0.741343
-2.38661,-0.734463
-2.39392,-0.727637
-2.40116,-0.720865
-2.40834,-0.714145
-2.41545,-0.707479
-2.42249,-0.700865
-2.42946,-0.694304
-2.43638,-0.687796
-2.44322,-0.68134
-2.45,-0.674936
-2.45672,-0.668585
-2.46337,-0.662285
-2.46997,-0.656036
-2.47649,-0.649839
-2.48296,-0.643694
-2.48937,-0.637599
-2.49571,-0.631554
-2.502,-0.62556
-2.50823,-0.619617
-2.51439,-0.613723
-2.5205,-0.607879
-2.52655,-0.602084
-2.53254,-0.596339
-2.53848,-0.590642
-2.54436,-0.584995
-2.55018,-0.579395
-2.55594,-0.573844
-2.56165,-0.56834
-2.56731,-0.562884
-2.57291,-0.557475
-2.57846,-0.552113
-2.58395,-0.546798
-2.5894,-0.54153
-2.59479,-0.536307
-2.60012,-0.53113
-2.60541,-0.525999
-2.61064,-0.520913
-2.61583,-0.515872
-2.62096,-0.510875
-2.62604,-0.505923
-2.63108,-0.501015
-2.63606,-0.49615
-2.641,-0.491329
-2.64589,-0.486551
-2.65073,-0.481816
-2.65553,-0.477123
-2.66028,-0.472473
-2.66498,-0.467864
-2.66963,-0.463297
-2.67424,-0.458771
-2.67881,-0.454287
-2.68333,-0.449842
-2.68781,-0.445439
-2.69224,-0.441075
-2.69663,-0.436751
-2.70097,-0.432466
-2.70528,-0.428221
-2.70954,-0.424014
-2.71376,-0.419846
-2.71794,-0.415716
-2.72207,-0.411624
-2.72617,-0.407569
-2.73022,-0.403552
-2.73424,-0.399572
-2.73821,-0.395628
-2.74215,-0.391721
-2.74605,-0.38785
-2.74991,-0.384015
-2.75373,-0.380215
-2.75751,-0.37645
-2.76126,-0.372721
-2.76497,-0.369025
-2.76864,-0.365365
-2.77227,-0.361738
-2.77587,-0.358145
-2.77944,-0.354585
-2.78297,-0.351059
-2.78646,-0.347565
-2.78992,-0.344105
-2.79334,-0.340676
-2.79673,-0.337279
-2.80009,-0.333914
-2.80341,-0.330581
-2.8067,-0.327279
-2.80996,-0.324008
-2.81318,-0.320767
-2.81637,-0.317557
-2.81953,-0.314376
-2.82266,-0.311226
-2.82576,-0.308105
-2.82882,-0.305014
-2.83186,-0.301951
-2.83486,-0.298917
-2.83783,-0.295912
-2.84078,-0.292935
-2.84369,-0.289986
-2.84658,-0.287065
-2.84943,-0.284171
-2.85226,-0.281304
-2.85506,-0.278464
-2.85783,-0.275651
-2.86057,-0.272865
-2.86329,-0.270104
-2.86598,-0.26737
-2.86864,-0.264662
-2.87127,-0.261978
-2.87388,-0.259321
-2.87646,-0.256688
-2.87901,-0.25408
-2.88154,-0.251496
-2.88404,-0.248937
-2.88652,-0.246402
-2.88897,-0.24389
-2.89139,-0.241403
-2.8938,-0.238938
-2.89617,-0.236497
-2.89853,-0.234079
-2.90085,-0.231683
-2.90316,-0.22931
-2.90544,-0.22696
-2.9077,-0.224631
-2.90993,-0.222324
-2.91214,-0.220039
-2.91433,-0.217775
-2.9165,-0.215533
-2.91864,-0.213311
-2.92077,-0.21111
-2.92287,-0.20893
-2.92495,-0.206771
-2.927,-0.204631
-2.92904,-0.202512
-2.93105,-0.200412
-2.93305,-0.198332
-2.93502,-0.196271
-2.93697,-0.19423
-2.9389,-0.192207
-2.94082,-0.190203
-2.94271,-0.188218
-2.94458,-0.186252
-2.94643,-0.184303
-2.94827,-0.182373
-2.95008,-0.180461
-2.95188,-0.178566
-2.95365,-0.176689
-2.95541,-0.174829
-2.95715,-0.172987
-2.95887,-0.171161
-2.96057,-0.169353
-2.96226,-0.167561
-2.96392,-0.165785
-2.96557,-0.164026
-2.9672,-0.162283
-2.96882,-0.160556
-2.97042,-0.158844
-2.972,-0.157149
-2.97356,-0.155468
-2.9751,-0.153804
-2.97663,-0.152154
-2.97815,-0.150519
-2.97964,-0.1489
-2.98113,-0.147294
-2.98259,-0.145704
-2.98404,-0.144128
-2.98547,-0.142566
-2.98689,-0.141018
-2.98829,-0.139484
-2.98968,-0.137964
-2.99105,-0.136457
-2.99241,-0.134964
-2.99375,-0.133485
-2.99508,-0.132018
-2.99639,-0.130565
-2.99769,-0.129124
-2.99898,-0.127697
-3.00025,-0.126282
-3.0015,-0.124879
-3.00274,-0.123489
-3.00397,-0.122111
-3.00519,-0.120745
-3.00639,-0.119391
-3.00757,-0.118049
-3.00875,-0.116719
-3.00991,-0.1154
-3.01105,-0.114093
-3.01219,-0.112796
-3.01331,-0.111512
-3.01442,-0.110238
-3.01552,-0.108975
-3.0166,-0.107723
-3.01767,-0.106481
-3.01873,-0.105251
-3.01978,-0.10403
-3.02081,-0.10282
-3.02183,-0.10162
-3.02284,-0.100431
-3.02384,-0.099251
-3.02483,-0.0980811
-3.0258,-0.0969209
-3.02677,-0.0957704
-3.02772,-0.0946293
-3.02866,-0.0934977
-3.02959,-0.0923754
-3.03051,-0.0912622
-3.03141,-0.0901582
-3.03231,-0.089063
-3.03319,-0.0879768
-3.03407,-0.0868992
-3.03493,-0.0858304
-3.03578,-0.08477
-3.03663,-0.0837181
-3.03746,-0.0826745
-3.03828,-0.0816391
-3.03909,-0.0806119
-3.03989,-0.0795927
-3.04068,-0.0785814
-3.04146,-0.0775779
-3.04224,-0.0765821
-3.043,-0.0755939
-3.04375,-0.0746133
-3.04449,-0.0736401
-3.04522,-0.0726742
-3.04594,-0.0717156
-3.04665,-0.0707641
-3.04736,-0.0698196
-3.04805,-0.0688821
-3.04874,-0.0679515
-3.04941,-0.0670276
-3.05008,-0.0661104
-3.05073,-0.0651998
-3.05138,-0.0642956
-3.05202,-0.0633979
-3.05265,-0.0625065
-3.05327,-0.0616213
-3.05388,-0.0607423
-3.05448,-0.0598693
-3.05508,-0.0590022
-3.05566,-0.0581411
-3.05624,-0.0572857
-3.05681,-0.0564361
-3.05737,-0.055592
-3.05792,-0.0547535
-3.05846,-0.0539205
-3.059,-0.0530928
-3.05953,-0.0522705
-3.06004,-0.0514533
-3.06056,-0.0506413
-3.06106,-0.0498343
-3.06155,-0.0490323
-3.06204,-0.0482351
-3.06252,-0.0474428
-3.06299,-0.0466552
-3.06345,-0.0458723
-3.0639,-0.0450939
-3.06435,-0.0443201
-3.06479,-0.0435506
-3.06522,-0.0427855
-3.06565,-0.0420246
-3.06606,-0.041268
-3.06647,-0.0405155
-3.06687,-0.039767
-3.06727,-0.0390224
-3.06765,-0.0382818
-3.06803,-0.037545
-3.0684,-0.0368119
-3.06877,-0.0360825
-3.06913,-0.0353567
-3.06948,-0.0346344
-3.06982,-0.0339156
-3.07015,-0.0332001
-3.07048,-0.032488
-3.0708,-0.0317791
-3.07112,-0.0310734
-3.07143,-0.0303707
-3.07173,-0.0296711
-3.07202,-0.0289745
-3.07231,-0.0282808
-3.07259,-0.0275898
-3.07286,-0.0269017
-3.07312,-0.0262162
-3.07338,-0.0255333
-3.07363,-0.024853
-3.07388,-0.0241752
-3.07412,-0.0234997
-3.07435,-0.0228266
-3.07457,-0.0221558
-3.07479,-0.0214872
-3.075,-0.0208208
-3.07521,-0.0201564
-3.07541,-0.019494
-3.0756,-0.0188336
-3.07578,-0.0181751
-3.07596,-0.0175183
-3.07613,-0.0168634
-3.0763,-0.0162101
-3.07646,-0.0155584
-3.07661,-0.0149083
-3.07676,-0.0142596
-3.0769,-0.0136124
-3.07703,-0.0129666
-3.07715,-0.012322
-3.07727,-0.0116787
-3.07739,-0.0110365
-3.0775,-0.0103954
-3.0776,-0.00975539
-3.07769,-0.00911634
-3.07778,-0.00847819
-3.07786,-0.00784089
-3.07794,-0.00720437
-3.078,-0.00656858
-3.07807,-0.00593343
-3.07812,-0.00529888
-3.07817,-0.00466486
-3.07822,-0.0040313
-3.07825,-0.00339815
-3.07828,-0.00276534
-3.07831,-0.0021328
-3.07833,-0.00150047
-3.07834,-0.000868295
-3.07834,-0.000236206
-3.07834,0.00039586
-3.07834,0.00102797
-3.07832,0.00166017
-3.0783,0.00229255
-3.07828,0.00292515
-3.07824,0.00355804
-3.07821,0.00419129
-3.07816,0.00482496
-3.07811,0.00545911
-3.07805,0.00609381
-3.07799,0.00672911
-3.07792,0.00736508
-3.07784,0.00800179
-3.07776,0.0086393
-3.07767,0.00927767
-3.07757,0.00991696
-3.07747,0.0105572
-3.07736,0.0111986
-3.07725,0.011841
-3.07712,0.0124847
-3.077,0.0131296
-3.07686,0.0137758
-3.07672,0.0144233
-3.07657,0.0150723
-3.07642,0.0157228
-3.07626,0.0163749
-3.07609,0.0170286
-3.07592,0.0176841
-3.07574,0.0183412
-3.07555,0.0190002
-3.07536,0.0196612
-3.07516,0.020324
-3.07495,0.0209889
-3.07474,0.0216559
-3.07452,0.0223251
-3.07429,0.0229964
-3.07406,0.0236701
-3.07382,0.0243461
-3.07357,0.0250246
-3.07332,0.0257056
-3.07306,0.0263891
-3.07279,0.0270752
-3.07252,0.0277641
-3.07223,0.0284557
-3.07195,0.0291502
-3.07165,0.0298476
-3.07135,0.0305479
-3.07104,0.0312513
-3.07072,0.0319578
-3.0704,0.0326675
-3.07007,0.0333805
-3.06973,0.0340968
-3.06939,0.0348165
-3.06904,0.0355397
-3.06868,0.0362664
-3.06831,0.0369967
-3.06794,0.0377307
-3.06756,0.0384685
-3.06717,0.0392101
-3.06677,0.0399556
-3.06637,0.0407052
-3.06596,0.0414587
-3.06554,0.0422164
-3.06511,0.0429783
-3.06468,0.0437445
-3.06424,0.0445151
-3.06379,0.0452901
-3.06333,0.0460696
-3.06287,0.0468537
-3.0624,0.0476425
-3.06192,0.048436
-3.06143,0.0492344
-3.06093,0.0500377
-3.06043,0.0508459
-3.05991,0.0516592
-3.05939,0.0524777
-3.05886,0.0533014
-3.05833,0.0541304
-3.05778,0.0549648
-3.05723,0.0558047
-3.05667,0.0566501
-3.0561,0.0575012
-3.05552,0.058358
-3.05493,0.0592207
-3.05433,0.0600892
-3.05373,0.0609637
-3.05311,0.0618443
-3.05249,0.0627311
-3.05186,0.0636241
-3.05122,0.0645234
-3.05057,0.0654292
-3.04991,0.0663414
-3.04924,0.0672603
-3.04856,0.0681859
-3.04788,0.0691183
-3.04718,0.0700575
-3.04648,0.0710038
-3.04576,0.0719571
-3.04504,0.0729175
-3.0443,0.0738852
-3.04356,0.0748603
-3.04281,0.0758428
-3.04204,0.0768329
-3.04127,0.0778306
-3.04049,0.0788361
-3.03969,0.0798494
-3.03889,0.0808706
-3.03807,0.0818999
-3.03725,0.0829373
-3.03642,0.083983
-3.03557,0.0850371
-3.03471,0.0860995
-3.03385,0.0871706
-3.03297,0.0882503
-3.03208,0.0893388
-3.03118,0.0904362
-3.03027,0.0915425
-3.02935,0.092658
-3.02842,0.0937827
-3.02748,0.0949167
-3.02652,0.0960601
-3.02556,0.097213
-3.02458,0.0983756
-3.02359,0.099548
-3.02259,0.10073
-3.02157,0.101923
-3.02055,0.103125
-3.01951,0.104338
-3.01846,0.105561
-3.0174,0.106794
-3.01633,0.108038
-3.01524,0.109293
-3.01414,0.110559
-3.01303,0.111835
-3.0119,0.113123
-3.01077,0.114422
-3.00962,0.115732
-3.00845,0.117054
-3.00727,0.118387
-3.00608,0.119732
-3.00488,0.121089
-3.00366,0.122458
-3.00243,0.123839
-3.00119,0.125232
-2.99993,0.126638
-2.99865,0.128056
-2.99736,0.129487
-2.99606,0.130931
-2.99475,0.132387
-2.99341,0.133857
-2.99207,0.13534
-2.99071,0.136837
-2.98933,0.138347
-2.98794,0.13987
-2.98653,0.141408
-2.98511,0.142959
-2.98368,0.144524
-2.98222,0.146104
-2.98075,0.147699
-2.97927,0.149307
-2.97777,0.150931
-2.97625,0.152569
-2.97472,0.154223
-2.97316,0.155891
-2.9716,0.157575
-2.97001,0.159275
-2.96841,0.16099
-2.96679,0.162721
-2.96516,0.164469
-2.9635,0.166232
-2.96183,0.168012
-2.96014,0.169808
-2.95844,0.171621
-2.95671,0.173451
-2.95497,0.175298
-2.95321,0.177162
-2.95142,0.179043
-2.94962,0.180942
-2.94781,0.182859
-2.94597,0.184794
-2.94411,0.186747
-2.94223,0.188718
-2.94034,0.190708
-2.93842,0.192716
-2.93648,0.194743
-2.93452,0.19679
-2.93254,0.198855
-2.93055,0.20094
-2.92853,0.203045
-2.92648,0.20517
-2.92442,0.207314
-2.92234,0.209479
-2.92023,0.211664
-2.91811,0.21387
-2.91596,0.216097
-2.91378,0.218345
-2.91159,0.220614
-2.90937,0.222905
-2.90713,0.225217
-2.90487,0.227551
-2.90258,0.229908
-2.90027,0.232286
-2.89793,0.234687
-2.89557,0.237111
-2.89319,0.239558
-2.89078,0.242029
-2.88835,0.244522
-2.88589,0.24704
-2.88341,0.249581
-2.8809,0.252146
-2.87837,0.254736
-2.87581,0.25735
-2.87322,0.25999
-2.87061,0.262654
-2.86797,0.265343
-2.8653,0.268058
-2.8626,0.270799
-2.85988,0.273566
-2.85713,0.276359
-2.85436,0.279179
-2.85155,0.282026
-2.84872,0.284899
-2.84585,0.2878
-2.84296,0.290728
-2.84004,0.293684
-2.83709,0.296668
-2.8341,0.299681
-2.83109,0.302722
-2.82805,0.305792
-2.82498,0.308891
-2.82187,0.312019
-2.81874,0.315177
-2.81557,0.318365
-2.81237,0.321583
-2.80914,0.324831
-2.80587,0.32811
-2.80257,0.33142
-2.79924,0.334761
-2.79588,0.338134
-2.79248,0.341539
-2.78905,0.344976
-2.78558,0.348445
-2.78208,0.351947
-2.77854,0.355481
-2.77497,0.359049
-2.77136,0.362651
-2.76772,0.366286
-2.76403,0.369956
-2.76032,0.373659
-2.75656,0.377398
-2.75277,0.381171
-2.74894,0.38498
-2.74507,0.388824
-2.74116,0.392704
-2.73721,0.396621
-2.73323,0.400574
-2.7292,0.404563
-2.72514,0.40859
-2.72103,0.412654
-2.71688,0.416755
-2.7127,0.420895
-2.70847,0.425073
-2.70419,0.429289
-2.69988,0.433545
-2.69552,0.437839
-2.69112,0.442173
-2.68668,0.446547
-2.68219,0.450961
-2.67766,0.455416
-2.67308,0.459911
-2.66846,0.464447
-2.66379,0.469024
-2.65908,0.473644
-2.65432,0.478305
-2.64951,0.483008
-2.64466,0.487754
-2.63976,0.492543
-2.63481,0.497375
-2.62981,0.50225
-2.62476,0.50717
-2.61967,0.512133
-2.61452,0.517141
-2.60933,0.522193
-2.60408,0.527291
-2.59878,0.532434
-2.59343,0.537622
-2.58803,0.542856
-2.58257,0.548137
-2.57706,0.553463
-2.5715,0.558837
-2.56589,0.564258
-2.56022,0.569726
-2.55449,0.575241
-2.54871,0.580805
-2.54288,0.586417
-2.53698,0.592077
-2.53103,0.597786
-2.52503,0.603543
-2.51896,0.60935
-2.51284,0.615207
-2.50666,0.621113
-2.50042,0.62707
-2.49412,0.633076
-2.48776,0.639133
-2.48133,0.645241
-2.47485,0.6514
-2.46831,0.65761
-2.4617,0.663871
-2.45503,0.670184
-2.4483,0.676549
-2.4415,0.682966
-2.43464,0.689435
-2.42771,0.695956
-2.42072,0.702531
-2.41366,0.709157
-2.40653,0.715837
-2.39934,0.72257
-2.39208,0.729356
-2.38475,0.736196
-2.37736,0.743089
-2.36989,0.750036
-2.36236,0.757036
-2.35475,0.764091
-2.34707,0.771199
-2.33933,0.778361
-2.33151,0.785578
-2.32362,0.792848
-2.31565,0.800173
-2.30761,0.807552
-2.2995,0.814985
-2.29131,0.822473
-2.28305,0.830015
-2.27471,0.837611
-2.2663,0.845261
-2.25781,0.852966
-2.24924,0.860724
-2.24059,0.868537
-2.23187,0.876403
-2.22306,0.884323
-2.21418,0.892297
-2.20522,0.900325
-2.19617,0.908406
-2.18705,0.91654
-2.17784,0.924727
-2.16855,0.932966
-2.15918,0.941259
-2.14973,0.949603
-2.14019,0.958
-2.13057,0.966448
-2.12086,0.974947
-2.11107,0.983498
-2.10119,0.992098
-2.09123,1.00075
-2.08118,1.00945
-2.07104,1.0182
-2.06081,1.027
-2.0505,1.03585
-2.04009,1.04474
-2.0296,1.05368
-2.01902,1.06267
-2.00835,1.07171
-1.99759,1.08079
-1.98673,1.08991
-1.97579,1.09908
-1.96475,1.1083
-1.95362,1.11755
-1.9424,1.12685
-1.93108,1.13619
-1.91968,1.14556
-1.90817,1.15498
-1.89658,1.16444
-1.88488,1.17393
-1.8731,1.18346
-1.86122,1.19302
-1.84924,1.20262
-1.83716,1.21225
-1.82499,1.22191
-1.81272,1.23161
-1.80036,1.24133
-1.7879,1.25108
-1.77534,1.26086
-1.76268,1.27067
-1.74992,1.28049
-1.73707,1.29035
-1.72412,1.30022
-1.71107,1.31011
-1.69792,1.32002
-1.68467,1.32995
-1.67132,1.33989
-1.65787,1.34985
-1.64432,1.35981
-1.63067,1.36979
-1.61692,1.37978
-1.60308,1.38977
-1.58913,1.39977
-1.57508,1.40977
-1.56093,1.41977
-1.54669,1.42976
-1.53234,1.43976
-1.51789,1.44975
-1.50334,1.45973
-1.4887,1.4697
-1.47395,1.47966
-1.4591,1.48961
-1.44416,1.49954
-1.42911,1.50945
-1.41397,1.51934
-1.39872,1.5292
-1.38338,1.53904
-1.36794,1.54885
-1.35241,1.55863
-1.33677,1.56837
-1.32104,1.57808
-1.30521,1.58775
-1.28928,1.59738
-1.27326,1.60696
-1.25715,1.6165
-1.24093,1.62599
-1.22463,1.63542
-1.20822,1.6448
-1.19173,1.65412
-1.17514,1.66338
-1.15846,1.67257
-1.14169,1.6817
-1.12483,1.69076
-1.10788,1.69975
-1.09083,1.70865
-1.0737,1.71748
-1.05648,1.72623
-1.03918,1.7349
-1.02179,1.74347
-1.00431,1.75196
-0.986748,1.76035
-0.969103,1.76864
-0.951376,1.77683
-0.933567,1.78492
-0.915678,1.79291
-0.897709,1.80078
-0.879662,1.80854
-0.861539,1.81619
-0.843339,1.82372
-0.825065,1.83113
-0.806717,1.83841
-0.788297,1.84557
-0.769806,1.85259
-0.751245,1.85948
-0.732617,1.86624
-0.713921,1.87286
-0.69516,1.87934
-0.676335,1.88567
-0.657447,1.89185
-0.638498,1.89789
-0.61949,1.90377
-0.600423,1.9095
-0.5813,1.91507
-0.562122,1.92048
-0.542891,1.92573
-0.523608,1.93081
-0.504275,1.93573
-0.484894,1.94048
-0.465466,1.94505
-0.445994,1.94945
-0.426478,1.95368
-0.406921,1.95773
-0.387324,1.96159
-0.36769,1.96528
-0.348019,1.96878
-0.328315,1.9721
-0.308578,1.97523
-0.288811,1.97817
-0.269015,1.98093
-0.249193,1.98349
-0.229346,1.98586
-0.209476,1.98803
-0.189586,1.99002
-0.169676,1.9918
-0.14975,1.99339
-0.129809,1.99479
-0.109855,1.99598
-0.0898903,1.99698
-0.0699163,1.99778
-0.0499354,1.99838
-0.0299495,1.99878
-0.00996056,1.99898
0.0100294,1.99897
0.0300183,1.99877
0.0500042,1.99837
0.0699851,1.99778
0.089959,1.99698
0.109924,1.99598
0.129878,1.99478
0.149819,1.99339
0.169745,1.9918
0.189654,1.99001
0.209545,1.98803
0.229414,1.98585
0.249261,1.98348
0.269083,1.98092
0.288879,1.97816
0.308646,1.97522
0.328382,1.97209
0.348087,1.96877
0.367757,1.96527
0.387392,1.96158
0.406988,1.95771
0.426545,1.95366
0.446061,1.94944
0.465533,1.94504
0.484961,1.94046
0.504342,1.93571
0.523675,1.9308
0.542957,1.92571
0.562188,1.92046
0.581366,1.91505
0.600489,1.90948
0.619555,1.90375
0.638564,1.89787
0.657512,1.89183
0.6764,1.88565
0.695225,1.87931
0.713986,1.87284
0.732681,1.86622
0.751309,1.85946
0.76987,1.85257
0.78836,1.84554
0.80678,1.83838
0.825128,1.8311
0.843402,1.82369
0.861601,1.81616
0.879725,1.80852
0.897771,1.80075
0.915739,1.79288
0.933628,1.78489
0.951437,1.7768
0.969164,1.76861
0.986809,1.76032
1.00437,1.75193
1.02185,1.74344
1.03924,1.73487
1.05654,1.7262
1.07376,1.71745
1.09089,1.70862
1.10793,1.69971
1.12489,1.69073
1.14175,1.68167
1.15852,1.67254
1.1752,1.66335
1.19179,1.65409
1.20828,1.64477
1.22468,1.63539
1.24099,1.62596
1.2572,1.61647
1.27332,1.60693
1.28934,1.59735
1.30526,1.58772
1.32109,1.57805
1.33683,1.56834
1.35246,1.5586
1.368,1.54882
1.38344,1.53901
1.39878,1.52917
1.41402,1.5193
1.42916,1.50941
1.44421,1.4995
1.45915,1.48957
1.474,1.47963
1.48875,1.46967
1.50339,1.4597
1.51794,1.44971
1.53239,1.43973
1.54673,1.42973
1.56098,1.41973
1.57513,1.40973
1.58918,1.39973
1.60312,1.38974
1.61697,1.37974
1.63072,1.36976
1.64437,1.35978
1.65791,1.34981
1.67136,1.33986
1.68471,1.32991
1.69796,1.31999
1.71111,1.31008
1.72416,1.30018
1.73711,1.29031
1.74997,1.28046
1.76272,1.27063
1.77538,1.26083
1.78794,1.25105
1.8004,1.2413
1.81277,1.23157
1.82503,1.22188
1.8372,1.21222
1.84928,1.20259
1.86126,1.19299
1.87314,1.18343
1.88493,1.1739
1.89662,1.1644
1.90821,1.15495
1.91972,1.14553
1.93112,1.13615
1.94244,1.12682
1.95366,1.11752
1.96479,1.10826
1.97583,1.09905
1.98677,1.08988
1.99762,1.08076
2.00839,1.07168
2.01906,1.06264
2.02964,1.05365
2.04013,1.04471
2.05053,1.03582
2.06085,1.02697
2.07107,1.01817
2.08121,1.00942
2.09126,1.00072
2.10123,0.992069
2.1111,0.983468
2.12089,0.974918
2.1306,0.966419
2.14022,0.957971
2.14976,0.949574
2.15921,0.94123
2.16859,0.932938
2.17787,0.924698
2.18708,0.916512
2.1962,0.908378
2.20525,0.900297
2.21421,0.89227
2.22309,0.884296
2.2319,0.876376
2.24062,0.86851
2.24927,0.860697
2.25784,0.852939
2.26633,0.845235
2.27474,0.837585
2.28308,0.829989
2.29134,0.822447
2.29953,0.81496
2.30764,0.807527
2.31568,0.800148
2.32364,0.792823
2.33153,0.785553
2.33935,0.778336
2.3471,0.771174
2.35478,0.764066
2.36238,0.757012
2.36992,0.750012
2.37738,0.743065
2.38478,0.736172
2.39211,0.729333
2.39937,0.722547
2.40656,0.715814
2.41368,0.709135
2.42074,0.702508
2.42773,0.695934
2.43466,0.689413
2.44152,0.682944
2.44832,0.676527
2.45505,0.670162
2.46172,0.66385
2.46833,0.657588
2.47487,0.651379
2.48136,0.64522
2.48778,0.639112
2.49414,0.633055
2.50044,0.627049
2.50668,0.621093
2.51286,0.615187
2.51898,0.60933
2.52505,0.603523
2.53105,0.597766
2.537,0.592057
2.5429,0.586397
2.54873,0.580786
2.55451,0.575222
2.56024,0.569707
2.56591,0.564239
2.57152,0.558818
2.57708,0.553445
2.58259,0.548118
2.58805,0.542838
2.59345,0.537604
2.5988,0.532416
2.6041,0.527273
2.60934,0.522176
2.61454,0.517123
2.61969,0.512116
2.62478,0.507153
2.62983,0.502233
2.63483,0.497358
2.63978,0.492526
2.64468,0.487738
2.64953,0.482992
2.65434,0.478289
2.6591,0.473628
2.66381,0.469009
2.66848,0.464431
2.6731,0.459895
2.67768,0.4554
2.68221,0.450946
2.68669,0.446532
2.69114,0.442158
2.69554,0.437824
2.69989,0.43353
2.70421,0.429275
2.70848,0.425058
2.71271,0.420881
2.7169,0.416741
2.72104,0.41264
2.72515,0.408576
2.72922,0.404549
2.73324,0.40056
2.73723,0.396607
2.74117,0.392691
2.74508,0.388811
2.74895,0.384967
2.75278,0.381158
2.75657,0.377385
2.76033,0.373646
2.76405,0.369943
2.76773,0.366274
2.77137,0.362638
2.77498,0.359037
2.77855,0.355469
2.78209,0.351934
2.78559,0.348433
2.78906,0.344964
2.79249,0.341527
2.79589,0.338123
2.79925,0.33475
2.80258,0.331409
2.80588,0.328099
2.80915,0.32482
2.81238,0.321571
2.81558,0.318354
2.81875,0.315166
2.82188,0.312008
2.82499,0.30888
2.82806,0.305781
2.8311,0.302711
2.83411,0.29967
2.8371,0.296658
2.84005,0.293674
2.84297,0.290718
2.84586,0.28779
2.84873,0.284889
2.85156,0.282016
2.85437,0.279169
2.85714,0.27635
2.85989,0.273557
2.86261,0.27079
2.86531,0.268049
2.86798,0.265334
2.87062,0.262645
2.87323,0.25998
2.87581,0.257341
2.87838,0.254727
2.88091,0.252137
2.88342,0.249572
2.8859,0.247031
2.88836,0.244514
2.89079,0.24202
2.8932,0.23955
2.89558,0.237103
2.89794,0.234679
2.90028,0.232278
2.90259,0.229899
2.90487,0.227543
2.90714,0.225209
2.90938,0.222897
2.9116,0.220606
2.91379,0.218337
2.91596,0.216089
2.91811,0.213863
2.92024,0.211657
2.92235,0.209472
2.92443,0.207307
2.92649,0.205162
2.92853,0.203038
2.93055,0.200933
2.93255,0.198848
2.93453,0.196783
2.93649,0.194736
2.93842,0.192709
2.94034,0.190701
2.94224,0.188711
2.94412,0.18674
2.94597,0.184787
2.94781,0.182852
2.94963,0.180936
2.95143,0.179037
2.95321,0.177155
2.95497,0.175291
2.95672,0.173444
2.95844,0.171615
2.96015,0.169802
2.96184,0.168005
2.96351,0.166226
2.96516,0.164463
2.9668,0.162715
2.96842,0.160984
2.97002,0.159269
2.9716,0.15757
2.97317,0.155886
2.97472,0.154217
2.97625,0.152564
2.97777,0.150925
2.97927,0.149302
2.98076,0.147693
2.98223,0.146099
2.98368,0.144519
2.98512,0.142954
2.98654,0.141402
2.98795,0.139865
2.98934,0.138341
2.99071,0.136831
2.99207,0.135335
2.99342,0.133852
2.99475,0.132382
2.99607,0.130926
2.99737,0.129482
2.99866,0.128051
2.99993,0.126633
3.00119,0.125227
3.00243,0.123834
3.00367,0.122453
3.00488,0.121084
3.00609,0.119727
3.00728,0.118382
3.00846,0.117049
3.00962,0.115727
3.01077,0.114417
3.01191,0.113118
3.01303,0.111831
3.01414,0.110554
3.01524,0.109289
3.01633,0.108034
3.0174,0.10679
3.01847,0.105556
3.01952,0.104333
3.02055,0.103121
3.02158,0.101918
3.02259,0.100726
3.02359,0.099544
3.02458,0.0983716
3.02556,0.097209
3.02653,0.0960561
3.02748,0.0949127
3.02842,0.0937788
3.02936,0.0926541
3.03028,0.0915387
3.03119,0.0904324
3.03209,0.089335
3.03297,0.0882466
3.03385,0.0871669
3.03472,0.0860959
3.03557,0.0850334
3.03642,0.0839794
3.03725,0.0829337
3.03808,0.0818963
3.03889,0.0808671
3.03969,0.0798459
3.04049,0.0788326
3.04127,0.0778272
3.04204,0.0768295
3.04281,0.0758394
3.04356,0.0748569
3.0443,0.0738819
3.04504,0.0729142
3.04576,0.0719538
3.04648,0.0710005
3.04718,0.0700543
3.04788,0.0691151
3.04857,0.0681827
3.04924,0.0672571
3.04991,0.0663383
3.05057,0.065426
3.05122,0.0645203
3.05186,0.063621
3.05249,0.062728
3.05311,0.0618413
3.05373,0.0609607
3.05433,0.0600862
3.05493,0.0592177
3.05552,0.0583551
3.0561,0.0574983
3.05667,0.0566472
3.05723,0.0558018
3.05778,0.0549619
3.05833,0.0541275
3.05887,0.0532985
3.0594,0.0524749
3.05992,0.0516564
3.06043,0.0508431
3.06093,0.0500349
3.06143,0.0492316
3.06192,0.0484333
3.0624,0.0476398
3.06287,0.046851
3.06334,0.0460669
3.06379,0.0452874
3.06424,0.0445124
3.06468,0.0437419
3.06512,0.0429757
3.06554,0.0422138
3.06596,0.0414561
3.06637,0.0407026
3.06677,0.0399531
3.06717,0.0392076
3.06756,0.0384659
3.06794,0.0377282
3.06831,0.0369942
3.06868,0.0362639
3.06904,0.0355372
3.06939,0.034814
3.06973,0.0340943
3.07007,0.033378
3.0704,0.0326651
3.07073,0.0319554
3.07104,0.0312489
3.07135,0.0305455
3.07165,0.0298452
3.07195,0.0291478
3.07224,0.0284533
3.07252,0.0277617
3.07279,0.0270729
3.07306,0.0263867
3.07332,0.0257032
3.07357,0.0250223
3.07382,0.0243438
3.07406,0.0236678
3.07429,0.0229941
3.07452,0.0223227
3.07474,0.0216536
3.07495,0.0209866
3.07516,0.0203217
3.07536,0.0196589
3.07555,0.018998
3.07574,0.018339
3.07592,0.0176818
3.07609,0.0170264
3.07626,0.0163727
3.07642,0.0157206
3.07657,0.0150701
3.07672,0.0144211
3.07686,0.0137735
3.077,0.0131273
3.07712,0.0124825
3.07725,0.0118388
3.07736,0.0111964
3.07747,0.010555
3.07757,0.00991476
3.07767,0.00927546
3.07776,0.0086371
3.07784,0.00799959
3.07792,0.00736289
3.07799,0.00672691
3.07805,0.00609161
3.07811,0.00545692
3.07816,0.00482277
3.07821,0.00418911
3.07824,0.00355586
3.07828,0.00292297
3.0783,0.00229037
3.07832,0.00165799
3.07834,0.00102578
3.07834,0.00039368
3.07834,-0.000238386
3.07834,-0.000870476
3.07833,-0.00150265
3.07831,-0.00213498
3.07828,-0.00276752
3.07825,-0.00340033
3.07822,-0.00403349
3.07817,-0.00466705
3.07812,-0.00530107
3.07807,-0.00593562
3.078,-0.00657077
3.07794,-0.00720657
3.07786,-0.00784309
3.07778,-0.00848039
3.07769,-0.00911854
3.0776,-0.0097576
3.0775,-0.0103976
3.07739,-0.0110387
3.07727,-0.0116809
3.07715,-0.0123242
3.07703,-0.0129688
3.0769,-0.0136146
3.07676,-0.0142619
3.07661,-0.0149105
3.07646,-0.0155606
3.0763,-0.0162123
3.07613,-0.0168656
3.07596,-0.0175206
3.07578,-0.0181773
3.0756,-0.0188359
3.07541,-0.0194963
3.07521,-0.0201587
3.075,-0.0208231
3.07479,-0.0214895
3.07457,-0.0221581
3.07435,-0.022829
3.07412,-0.0235021
3.07388,-0.0241775
3.07363,-0.0248553
3.07338,-0.0255357
3.07312,-0.0262186
3.07286,-0.026904
3.07258,-0.0275922
3.0723,-0.0282832
3.07202,-0.0289769
3.07173,-0.0296736
3.07142,-0.0303732
3.07112,-0.0310758
3.0708,-0.0317815
3.07048,-0.0324904
3.07015,-0.0332026
3.06982,-0.033918
3.06948,-0.0346369
3.06913,-0.0353592
3.06877,-0.036085
3.0684,-0.0368144
3.06803,-0.0375475
3.06765,-0.0382843
3.06727,-0.039025
3.06687,-0.0397695
3.06647,-0.040518
3.06606,-0.0412706
3.06565,-0.0420273
3.06522,-0.0427881
3.06479,-0.0435533
3.06435,-0.0443227
3.0639,-0.0450966
3.06345,-0.045875
3.06299,-0.0466579
3.06251,-0.0474456
3.06204,-0.0482379
3.06155,-0.049035
3.06106,-0.0498371
3.06055,-0.0506441
3.06004,-0.0514561
3.05952,-0.0522733
3.059,-0.0530957
3.05846,-0.0539234
3.05792,-0.0547564
3.05737,-0.0555949
3.05681,-0.056439
3.05624,-0.0572887
3.05566,-0.058144
3.05508,-0.0590052
3.05448,-0.0598723
3.05388,-0.0607453
3.05327,-0.0616244
3.05265,-0.0625096
3.05202,-0.063401
3.05138,-0.0642987
3.05073,-0.0652029
3.05007,-0.0661135
3.04941,-0.0670308
3.04873,-0.0679547
3.04805,-0.0688854
3.04736,-0.0698229
3.04665,-0.0707674
3.04594,-0.0717189
3.04522,-0.0726776
3.04449,-0.0736435
3.04374,-0.0746167
3.04299,-0.0755973
3.04223,-0.0765855
3.04146,-0.0775813
3.04068,-0.0785848
3.03989,-0.0795962
3.03909,-0.0806154
3.03828,-0.0816427
3.03746,-0.0826781
3.03662,-0.0837217
3.03578,-0.0847737
3.03493,-0.085834
3.03407,-0.086903
3.03319,-0.0879805
3.03231,-0.0890668
3.03141,-0.0901619
3.0305,-0.0912661
3.02958,-0.0923792
3.02865,-0.0935016
3.02771,-0.0946333
3.02676,-0.0957743
3.0258,-0.0969249
3.02482,-0.0980851
3.02384,-0.099255
3.02284,-0.100435
3.02183,-0.101625
3.02081,-0.102824
3.01977,-0.104035
3.01873,-0.105255
3.01767,-0.106486
3.0166,-0.107727
3.01551,-0.108979
3.01442,-0.110242
3.01331,-0.111516
3.01219,-0.112801
3.01105,-0.114097
3.0099,-0.115404
3.00874,-0.116723
3.00757,-0.118054
3.00638,-0.119396
3.00518,-0.12075
3.00397,-0.122116
3.00274,-0.123494
3.0015,-0.124884
3.00024,-0.126286
2.99897,-0.127702
2.99769,-0.129129
2.99639,-0.13057
2.99508,-0.132023
2.99375,-0.13349
2.99241,-0.134969
2.99105,-0.136463
2.98968,-0.137969
2.98829,-0.139489
2.98689,-0.141023
2.98547,-0.142571
2.98403,-0.144133
2.98259,-0.145709
2.98112,-0.1473
2.97964,-0.148905
2.97814,-0.150525
2.97663,-0.15216
2.9751,-0.153809
2.97355,-0.155474
2.97199,-0.157154
2.97041,-0.15885
2.96881,-0.160561
2.9672,-0.162289
2.96557,-0.164032
2.96392,-0.165791
2.96225,-0.167567
2.96057,-0.169359
2.95886,-0.171168
2.95714,-0.172993
2.9554,-0.174836
2.95365,-0.176696
2.95187,-0.178573
2.95007,-0.180467
2.94826,-0.18238
2.94643,-0.18431
2.94457,-0.186258
2.9427,-0.188225
2.94081,-0.19021
2.9389,-0.192214
2.93697,-0.194237
2.93501,-0.196278
2.93304,-0.198339
2.93105,-0.200419
2.92903,-0.202519
2.927,-0.204638
2.92494,-0.206778
2.92286,-0.208938
2.92076,-0.211118
2.91864,-0.213319
2.91649,-0.21554
2.91433,-0.217783
2.91214,-0.220047
2.90993,-0.222332
2.90769,-0.224639
2.90543,-0.226968
2.90315,-0.229318
2.90085,-0.231692
2.89852,-0.234087
2.89616,-0.236505
2.89379,-0.238947
2.89139,-0.241411
2.88896,-0.243899
2.88651,-0.24641
2.88403,-0.248946
2.88153,-0.251505
2.879,-0.254089
2.87645,-0.256697
2.87387,-0.25933
2.87126,-0.261988
2.86863,-0.264671
2.86597,-0.26738
2.86328,-0.270114
2.86056,-0.272874
2.85782,-0.275661
2.85505,-0.278474
2.85225,-0.281314
2.84942,-0.284181
2.84657,-0.287075
2.84368,-0.289996
2.84077,-0.292945
2.83782,-0.295922
2.83485,-0.298928
2.83184,-0.301962
2.82881,-0.305024
2.82574,-0.308116
2.82265,-0.311237
2.81952,-0.314387
2.81636,-0.317568
2.81317,-0.320778
2.80994,-0.324019
2.80669,-0.32729
2.8034,-0.330592
2.80008,-0.333926
2.79672,-0.337291
2.79333,-0.340688
2.78991,-0.344116
2.78645,-0.347577
2.78295,-0.351071
2.77943,-0.354598
2.77586,-0.358157
2.77226,-0.36175
2.76863,-0.365377
2.76495,-0.369038
2.76125,-0.372733
2.7575,-0.376463
2.75372,-0.380228
2.7499,-0.384028
2.74604,-0.387863
2.74214,-0.391734
2.7382,-0.395642
2.73423,-0.399585
2.73021,-0.403566
2.72615,-0.407583
2.72206,-0.411638
2.71792,-0.41573
2.71374,-0.41986
2.70952,-0.424028
2.70526,-0.428235
2.70096,-0.432481
2.69661,-0.436766
2.69222,-0.44109
2.68779,-0.445454
2.68331,-0.449858
2.67879,-0.454302
2.67423,-0.458787
2.66962,-0.463313
2.66496,-0.46788
2.66026,-0.472489
2.65551,-0.477139
2.65072,-0.481832
2.64587,-0.486568
2.64099,-0.491346
2.63605,-0.496167
2.63106,-0.501032
2.62603,-0.50594
2.62094,-0.510892
2.61581,-0.515889
2.61062,-0.52093
2.60539,-0.526017
2.6001,-0.531148
2.59477,-0.536325
2.58938,-0.541548
2.58394,-0.546817
2.57844,-0.552132
2.57289,-0.557494
2.56729,-0.562903
2.56163,-0.568359
2.55592,-0.573863
2.55016,-0.579414
2.54434,-0.585014
2.53846,-0.590662
2.53252,-0.596359
2.52653,-0.602104
2.52048,-0.607899
2.51437,-0.613743
2.5082,-0.619637
2.50198,-0.625581
2.49569,-0.631575
2.48935,-0.63762
2.48294,-0.643715
2.47647,-0.649861
2.46994,-0.656058
2.46335,-0.662306
2.4567,-0.668607
2.44998,-0.674958
2.4432,-0.681362
2.43635,-0.687818
2.42944,-0.694327
2.42246,-0.700888
2.41542,-0.707502
2.40831,-0.714168
2.40114,-0.720888
2.3939,-0.727661
2.38659,-0.734487
2.37921,-0.741367
2.37176,-0.7483
2.36424,-0.755287
2.35665,-0.762328
2.34899,-0.769423
2.34126,-0.776572
2.33346,-0.783775
2.32559,-0.791032
2.31764,-0.798343
2.30962,-0.805709
2.30153,-0.813128
2.29336,-0.820602
2.28511,-0.828131
2.2768,-0.835713
2.2684,-0.84335
2.25993,-0.851041
2.25138,-0.858786
2.24275,-0.866585
2.23405,-0.874438
2.22526,-0.882345
2.2164,-0.890306
2.20746,-0.89832
2.19843,-0.906388
2.18933,-0.914508
2.18014,-0.922682
2.17088,-0.930909
2.16153,-0.939188
2.15209,-0.947519
2.14257,-0.955903
2.13297,-0.964338
2.12329,-0.972825
2.11352,-0.981363
2.10366,-0.989951
2.09372,-0.99859
2.08369,-1.00728
2.07357,-1.01602
2.06337,-1.0248
2.05308,-1.03364
2.04269,-1.04252
2.03222,-1.05145
2.02167,-1.06043
2.01102,-1.06945
2.00028,-1.07852
1.98945,-1.08764
1.97852,-1.0968
1.96751,-1.106
1.9564,-1.11524
1.9452,-1.12453
1.93391,-1.13386
1.92253,-1.14322
1.91105,-1.15263
1.89947,-1.16208
1.88781,-1.17156
1.87604,-1.18108
1.86418,-1.19064
1.85223,-1.20023
1.84018,-1.20985
1.82803,-1.2195
1.81579,-1.22919
1.80345,-1.23891
1.79101,-1.24865
1.77848,-1.25842
1.76584,-1.26822
1.75311,-1.27804
1.74028,-1.28789
1.72735,-1.29776
1.71433,-1.30764
1.7012,-1.31755
1.68798,-1.32747
1.67465,-1.33741
1.66123,-1.34737
1.6477,-1.35733
1.63408,-1.36731
1.62036,-1.37729
1.60654,-1.38728
1.59261,-1.39728
1.57859,-1.40728
1.56447,-1.41727
1.55024,-1.42727
1.53592,-1.43727
1.5215,-1.44726
1.50698,-1.45724
1.49235,-1.46722
1.47763,-1.47718
1.46281,-1.48713
1.44789,-1.49707
1.43287,-1.50698
1.41775,-1.51687
1.40253,-1.52675
1.38721,-1.53659
1.3718,-1.54641
1.35629,-1.5562
1.34068,-1.56595
1.32497,-1.57567
1.30916,-1.58535
1.29326,-1.59499
1.27726,-1.60458
1.26117,-1.61413
1.24498,-1.62363
1.2287,-1.63308
1.21232,-1.64247
1.19585,-1.6518
1.17928,-1.66108
1.16263,-1.67029
1.14588,-1.67943
1.12904,-1.68851
1.11211,-1.69751
1.09509,-1.70644
1.07798,-1.71529
1.06078,-1.72406
1.0435,-1.73275
1.02613,-1.74134
1.00867,-1.74985
0.991131,-1.75826
0.973507,-1.76658
0.9558,-1.7748
0.938011,-1.78292
0.920142,-1.79093
0.902193,-1.79883
0.884166,-1.80662
0.866061,-1.8143
0.84788,-1.82185
0.829624,-1.82929
0.811295,-1.83661
0.792893,-1.8438
0.774419,-1.85085
0.755876,-1.85778
0.737264,-1.86457
0.718585,-1.87122
0.69984,-1.87774
0.681031,-1.88411
0.662159,-1.89033
0.643225,-1.8964
0.624231,-1.90232
0.605179,-1.90809
0.58607,-1.9137
0.566905,-1.91915
0.547687,-1.92444
0.528417,-1.92956
0.509097,-1.93452
0.489727,-1.93931
0.470311,-1.94393
0.450849,-1.94837
0.431344,-1.95264
0.411797,-1.95673
0.39221,-1.96065
0.372585,-1.96438
0.352923,-1.96793
0.333227,-1.97129
0.313498,-1.97447
0.293738,-1.97746
0.273949,-1.98026
0.254134,-1.98287
0.234293,-1.98529
0.214428,-1.98751
0.194543,-1.98954
0.174638,-1.99138
0.154716,-1.99302
0.134779,-1.99446
0.114828,-1.9957
0.0948653,-1.99675
0.0748934,-1.9976
0.054914,-1.99825
0.0349291,-1.99869
0.0149408,-1.99894
-0.0050491,-1.99899
-0.0250384,-1.99884
-0.0450253,-1.99849
-0.0650076,-1.99794
-0.0849835,-1.99719
-0.104951,-1.99625
-0.124908,-1.9951
-0.144852,-1.99375
-0.164782,-1.99221
-0.184696,-1.99047
-0.204591,-1.98854
-0.224466,-1.98641
-0.244319,-1.98409
-0.264147,-1.98157
-0.283949,-1.97887
-0.303724,-1.97597
-0.323468,-1.97289
-0.343181,-1.96961
-0.36286,-1.96616
-0.382503,-1.96252
-0.40211,-1.95869
-0.421677,-1.95469
-0.441203,-1.95051
-0.460686,-1.94615
-0.480125,-1.94162
-0.499518,-1.93691
-0.518863,-1.93204
-0.538158,-1.927
-0.557402,-1.92179
-0.576593,-1.91642
-0.59573,-1.91089
-0.614811,-1.9052
-0.633833,-1.89935
-0.652797,-1.89335
-0.6717,-1.8872
-0.690541,-1.88091
-0.709318,-1.87446
-0.728029,-1.86788
-0.746675,-1.86116
-0.765252,-1.8543
-0.78376,-1.8473
-0.802198,-1.84018
-0.820563,-1.83293
-0.838856,-1.82555
-0.857074,-1.81805
-0.875217,-1.81043
-0.893282,-1.8027
-0.91127,-1.79485
-0.929179,-1.78689
-0.947008,-1.77883
-0.964755,-1.77066
-0.982421,-1.76239
-1,-1.75403
-1.0175,-1.74556
-1.03491,-1.73701
-1.05224,-1.72837
-1.06948,-1.71964
-1.08663,-1.71083
-1.1037,-1.70194
-1.12067,-1.69297
-1.13756,-1.68393
-1.15435,-1.67482
-1.17105,-1.66564
-1.18766,-1.6564
-1.20418,-1.6471
-1.2206,-1.63773
-1.23693,-1.62831
-1.25317,-1.61884
-1.26931,-1.60931
-1.28536,-1.59974
-1.30131,-1.59012
-1.31716,-1.58046
-1.33292,-1.57076
-1.34857,-1.56103
-1.36414,-1.55126
-1.3796,-1.54145
-1.39496,-1.53162
-1.41023,-1.52176
-1.4254,-1.51188
-1.44047,-1.50197
-1.45544,-1.49205
-1.47031,-1.48211
-1.48508,-1.47215
-1.49975,-1.46218
-1.51432,-1.4522
-1.5288,-1.44221
-1.54317,-1.43222
-1.55744,-1.42222
-1.57161,-1.41222
-1.58569,-1.40222
-1.59966,-1.39223
-1.61353,-1.38223
-1.6273,-1.37225
-1.64098,-1.36227
-1.65455,-1.35229
-1.66802,-1.34234
-1.68139,-1.33239
-1.69467,-1.32246
-1.70784,-1.31254
-1.72092,-1.30265
-1.7339,-1.29277
-1.74678,-1.28291
-1.75956,-1.27308
-1.77224,-1.26327
-1.78482,-1.25348
-1.79731,-1.24372
-1.8097,-1.23399
-1.82199,-1.22429
-1.83418,-1.21462
-1.84628,-1.20498
-1.85828,-1.19538
-1.87019,-1.1858
-1.882,-1.17627
-1.89371,-1.16677
-1.90533,-1.1573
-1.91686,-1.14787
-1.92829,-1.13849
-1.93963,-1.12914
-1.95087,-1.11983
-1.96203,-1.11057
-1.97308,-1.10134
-1.98405,-1.09216
-1.99493,-1.08303
-2.00571,-1.07394
-2.01641,-1.06489
-2.02701,-1.05589
-2.03753,-1.04694
-2.04795,-1.03803
-2.05829,-1.02917
-2.06853,-1.02036
-2.07869,-1.0116
-2.08877,-1.00288
-2.09875,-0.994219
-2.10865,-0.985606
-2.11846,-0.977043
-2.12819,-0.968531
-2.13783,-0.960071
-2.14739,-0.951661
-2.15687,-0.943304
-2.16626,-0.934999
-2.17557,-0.926746
-2.18479,-0.918546
-2.19394,-0.910399
-2.203,-0.902305
-2.21198,-0.894265
-2.22089,-0.886278
-2.22971,-0.878344
-2.23845,-0.870464
-2.24712,-0.862639
-2.25571,-0.854867
-2.26422,-0.847149
-2.27265,-0.839485
-2.28101,-0.831876
-2.28929,-0.824321
-2.29749,-0.81682
-2.30563,-0.809373
-2.31368,-0.801981
-2.32166,-0.794643
-2.32957,-0.787359
-2.33741,-0.780129
-2.34518,-0.772954
-2.35287,-0.765832
-2.36049,-0.758764
-2.36805,-0.751751
-2.37553,-0.744791
-2.38294,-0.737885
-2.39029,-0.731032
-2.39756,-0.724233
-2.40477,-0.717487
-2.41191,-0.710794
-2.41899,-0.704154
-2.426,-0.697567
-2.43294,-0.691032
-2.43982,-0.68455
-2.44663,-0.678121
-2.45338,-0.671743
-2.46007,-0.665417
-2.46669,-0.659143
-2.47325,-0.652921
-2.47975,-0.64675
-2.48618,-0.640629
-2.49256,-0.63456
-2.49888,-0.628541
-2.50513,-0.622572
-2.51133,-0.616654
-2.51746,-0.610785
-2.52354,-0.604966
-2.52956,-0.599196
-2.53553,-0.593475
-2.54143,-0.587803
-2.54728,-0.582179
-2.55308,-0.576604
-2.55882,-0.571076
-2.5645,-0.565597
-2.57013,-0.560164
-2.5757,-0.554779
-2.58122,-0.549441
-2.58669,-0.544149
-2.59211,-0.538904
-2.59747,-0.533704
-2.60278,-0.52855
-2.60804,-0.523441
-2.61325,-0.518378
-2.61841,-0.513359
-2.62352,-0.508385
-2.62858,-0.503455
-2.63359,-0.498569
-2.63855,-0.493726
-2.64346,-0.488927
-2.64833,-0.48417
-2.65314,-0.479456
-2.65792,-0.474785
-2.66264,-0.470155
-2.66732,-0.465568
-2.67195,-0.461021
-2.67654,-0.456516
-2.68108,-0.452052
-2.68558,-0.447628
-2.69004,-0.443244
-2.69445,-0.4389
-2.69881,-0.434596
-2.70314,-0.430331
-2.70742,-0.426105
-2.71166,-0.421918
-2.71586,-0.417769
-2.72002,-0.413658
-2.72413,-0.409585
-2.72821,-0.405549
-2.73224,-0.40155
-2.73624,-0.397588
-2.74019,-0.393663
-2.74411,-0.389774
-2.74799,-0.385921
-2.75183,-0.382104
-2.75563,-0.378322
-2.7594,-0.374575
-2.76312,-0.370862
-2.76681,-0.367184
-2.77047,-0.363541
-2.77409,-0.359931
-2.77767,-0.356355
-2.78121,-0.352812
-2.78472,-0.349302
-2.7882,-0.345825
-2.79164,-0.34238
-2.79505,-0.338968
-2.79842,-0.335587
-2.80176,-0.332238
-2.80506,-0.32892
-2.80834,-0.325634
-2.81158,-0.322378
-2.81478,-0.319152
-2.81796,-0.315957
-2.8211,-0.312792
-2.82422,-0.309656
-2.8273,-0.30655
-2.83035,-0.303473
-2.83337,-0.300425
-2.83636,-0.297406
-2.83931,-0.294415
-2.84224,-0.291452
-2.84514,-0.288517
-2.84801,-0.285609
-2.85086,-0.282729
-2.85367,-0.279876
-2.85645,-0.27705
-2.85921,-0.27425
-2.86194,-0.271477
-2.86464,-0.268729
-2.86731,-0.266008
-2.86996,-0.263312
-2.87258,-0.260642
-2.87517,-0.257996
-2.87774,-0.255376
-2.88028,-0.25278
-2.8828,-0.250209
-2.88528,-0.247662
-2.88775,-0.245139
-2.89019,-0.242639
-2.8926,-0.240163
-2.89499,-0.237711
-2.89736,-0.235281
-2.8997,-0.232874
-2.90201,-0.23049
-2.90431,-0.228128
-2.90658,-0.225788
-2.90882,-0.223471
-2.91105,-0.221175
-2.91325,-0.218901
-2.91542,-0.216647
-2.91758,-0.214416
-2.91971,-0.212204
-2.92182,-0.210014
-2.92391,-0.207844
-2.92598,-0.205695
-2.92803,-0.203565
-2.93005,-0.201456
-2.93206,-0.199366
-2.93404,-0.197295
-2.936,-0.195244
-2.93794,-0.193212
-2.93987,-0.191199
-2.94177,-0.189205
-2.94365,-0.187229
-2.94551,-0.185272
-2.94736,-0.183333
-2.94918,-0.181411
-2.95098,-0.179508
-2.95277,-0.177622
-2.95454,-0.175754
-2.95628,-0.173903
-2.95801,-0.172069
-2.95973,-0.170252
-2.96142,-0.168451
-2.9631,-0.166668
-2.96475,-0.1649
-2.96639,-0.163149
-2.96802,-0.161414
-2.96962,-0.159695
-2.97121,-0.157992
-2.97278,-0.156304
-2.97434,-0.154631
-2.97587,-0.152974
-2.9774,-0.151332
-2.9789,-0.149705
-2.98039,-0.148092
-2.98186,-0.146495
-2.98332,-0.144911
-2.98476,-0.143342
-2.98619,-0.141787
-2.9876,-0.140247
-2.98899,-0.13872
-2.99037,-0.137206
-2.99174,-0.135707
-2.99309,-0.13422
-2.99442,-0.132747
-2.99574,-0.131287
-2.99705,-0.129841
-2.99834,-0.128406
-2.99961,-0.126985
-3.00088,-0.125576
-3.00213,-0.12418
-3.00336,-0.122796
-3.00458,-0.121424
-3.00579,-0.120064
-3.00698,-0.118716
-3.00816,-0.11738
-3.00933,-0.116056
-3.01048,-0.114743
-3.01163,-0.113441
-3.01275,-0.11215
-3.01387,-0.110871
-3.01497,-0.109603
-3.01606,-0.108345
-3.01714,-0.107099
-3.0182,-0.105863
-3.01926,-0.104637
-3.0203,-0.103422
-3.02132,-0.102217
-3.02234,-0.101022
-3.02334,-0.0998376
-3.02434,-0.0986628
-3.02532,-0.0974978
-3.02629,-0.0963425
-3.02724,-0.0951967
-3.02819,-0.0940604
-3.02913,-0.0929335
-3.03005,-0.0918158
-3.03096,-0.0907072
-3.03186,-0.0896076
-3.03275,-0.0885169
-3.03363,-0.0874351
-3.0345,-0.0863619
-3.03536,-0.0852973
-3.03621,-0.0842412
-3.03705,-0.0831935
-3.03787,-0.082154
-3.03869,-0.0811227
-3.0395,-0.0800995
-3.04029,-0.0790843
-3.04108,-0.0780769
-3.04185,-0.0770773
-3.04262,-0.0760854
-3.04337,-0.075101
-3.04412,-0.0741241
-3.04486,-0.0731546
-3.04558,-0.0721924
-3.0463,-0.0712373
-3.04701,-0.0702894
-3.04771,-0.0693484
-3.0484,-0.0684144
-3.04907,-0.0674871
-3.04975,-0.0665666
-3.05041,-0.0656527
-3.05106,-0.0647453
-3.0517,-0.0638444
-3.05234,-0.0629499
-3.05296,-0.0620616
-3.05358,-0.0611795
-3.05418,-0.0603035
-3.05478,-0.0594335
-3.05537,-0.0585694
-3.05595,-0.0577112
-3.05653,-0.0568587
-3.05709,-0.0560119
-3.05765,-0.0551707
-3.05819,-0.0543349
-3.05873,-0.0535046
-3.05926,-0.0526796
-3.05979,-0.0518598
-3.0603,-0.0510453
-3.06081,-0.0502358
-3.06131,-0.0494313
-3.0618,-0.0486317
-3.06228,-0.047837
-3.06275,-0.0470471
-3.06322,-0.0462618
-3.06368,-0.0454812
-3.06413,-0.0447051
-3.06457,-0.0439335
-3.06501,-0.0431662
-3.06544,-0.0424032
-3.06586,-0.0416445
-3.06627,-0.0408899
-3.06667,-0.0401394
-3.06707,-0.0393929
-3.06746,-0.0386503
-3.06785,-0.0379116
-3.06822,-0.0371767
-3.06859,-0.0364455
-3.06895,-0.0357179
-3.0693,-0.0349938
-3.06965,-0.0342733
-3.06999,-0.0335562
-3.07032,-0.0328424
-3.07065,-0.0321319
-3.07096,-0.0314246
-3.07127,-0.0307205
-3.07158,-0.0300194
-3.07187,-0.0293213
-3.07216,-0.0286261
-3.07245,-0.0279338
-3.07272,-0.0272442
-3.07299,-0.0265574
-3.07325,-0.0258733
-3.07351,-0.0251917
-3.07376,-0.0245126
-3.074,-0.023836
-3.07423,-0.0231617
-3.07446,-0.0224898
-3.07468,-0.0218201
-3.0749,-0.0211526
-3.07511,-0.0204872
-3.07531,-0.0198238
-3.0755,-0.0191624
-3.07569,-0.018503
-3.07587,-0.0178454
-3.07605,-0.0171895
-3.07622,-0.0165354
-3.07638,-0.0158829
-3.07654,-0.015232
-3.07668,-0.0145826
-3.07683,-0.0139347
-3.07696,-0.0132882
-3.07709,-0.012643
-3.07722,-0.0119991
-3.07733,-0.0113563
-3.07744,-0.0107147
-3.07755,-0.0100742
-3.07764,-0.00943465
-3.07774,-0.00879606
-3.07782,-0.00815834
-3.0779,-0.00752144
-3.07797,-0.0068853
-3.07804,-0.00624983
-3.0781,-0.005615
-3.07815,-0.00498072
-3.0782,-0.00434694
-3.07824,-0.00371359
-3.07827,-0.00308062
-3.0783,-0.00244795
-3.07832,-0.00181552
-3.07833,-0.00118328
-3.07834,-0.000551156
-3.07834,8.09143e-05
-3.07834,0.000712992
-3.07833,0.00134514
-3.07831,0.00197742
-3.07829,0.00260991
-3.07826,0.00324265
-3.07823,0.00387571
-3.07818,0.00450916
-3.07814,0.00514306
-3.07808,0.00577748
-3.07802,0.00641247
-3.07795,0.0070481
-3.07788,0.00768444
-3.0778,0.00832154
-3.07771,0.00895947
-3.07762,0.0095983
-3.07752,0.0102381
-3.07742,0.0108789
-3.0773,0.0115208
-3.07718,0.0121638
-3.07706,0.0128081
-3.07693,0.0134536
-3.07679,0.0141005
-3.07665,0.0147488
-3.0765,0.0153985
-3.07634,0.0160498
-3.07617,0.0167027
-3.076,0.0173573
-3.07583,0.0180136
-3.07564,0.0186716
-3.07545,0.0193316
-3.07526,0.0199935
-3.07505,0.0206574
-3.07484,0.0213233
-3.07463,0.0219914
-3.0744,0.0226616
-3.07417,0.0233341
-3.07394,0.024009
-3.07369,0.0246862
-3.07344,0.0253659
-3.07319,0.0260482
-3.07292,0.026733
-3.07265,0.0274205
-3.07237,0.0281108
-3.07209,0.0288038
-3.0718,0.0294997
-3.0715,0.0301986
-3.07119,0.0309004
-3.07088,0.0316054
-3.07056,0.0323135
-3.07024,0.0330248
-3.0699,0.0337395
-3.06956,0.0344575
-3.06921,0.0351789
-3.06886,0.0359038
-3.0685,0.0366323
-3.06813,0.0373645
-3.06775,0.0381004
-3.06736,0.0388401
-3.06697,0.0395837
-3.06657,0.0403312
-3.06616,0.0410827
-3.06575,0.0418384
-3.06533,0.0425982
-3.0649,0.0433622
-3.06446,0.0441306
-3.06402,0.0449034
-3.06356,0.0456806
-3.0631,0.0464624
-3.06263,0.0472489
-3.06216,0.04804
-3.06167,0.048836
-3.06118,0.0496368
-3.06068,0.0504425
-3.06017,0.0512533
-3.05965,0.0520692
-3.05913,0.0528903
-3.0586,0.0537167
-3.05806,0.0545484
-3.05751,0.0553855
-3.05695,0.0562282
-3.05638,0.0570764
-3.05581,0.0579304
-3.05522,0.0587901
-3.05463,0.0596557
-3.05403,0.0605272
-3.05342,0.0614048
-3.0528,0.0622884
-3.05217,0.0631783
-3.05154,0.0640745
-3.05089,0.064977
-3.05024,0.0658861
-3.04957,0.0668016
-3.0489,0.0677239
-3.04822,0.0686528
-3.04753,0.0695887
-3.04683,0.0705314
-3.04612,0.0714812
-3.0454,0.072438
-3.04467,0.0734021
-3.04393,0.0743735
-3.04318,0.0753523
-3.04242,0.0763386
-3.04165,0.0773325
-3.04088,0.0783341
-3.04009,0.0793435
-3.03929,0.0803607
-3.03848,0.081386
-3.03766,0.0824194
-3.03683,0.0834609
-3.03599,0.0845108
-3.03514,0.0855691
-3.03428,0.0866358
-3.03341,0.0877112
-3.03253,0.0887953
-3.03163,0.0898883
-3.03073,0.0909901
-3.02981,0.0921011
-3.02889,0.0932211
-3.02795,0.0943504
-3.027,0.0954892
-3.02604,0.0966373
-3.02507,0.0977951
-3.02408,0.0989626
-3.02309,0.10014
-3.02208,0.101327
-3.02106,0.102525
-3.02003,0.103732
-3.01899,0.10495
-3.01793,0.106178
-3.01686,0.107417
-3.01578,0.108666
-3.01469,0.109927
-3.01358,0.111198
-3.01247,0.11248
-3.01133,0.113773
-3.01019,0.115078
-3.00903,0.116394
-3.00786,0.117721
-3.00668,0.11906
-3.00548,0.120411
-3.00427,0.121774
-3.00305,0.123149
-3.00181,0.124536
-3.00055,0.125936
-2.99929,0.127348
-2.99801,0.128772
-2.99671,0.13021
-2.9954,0.13166
-2.99408,0.133123
-2.99274,0.1346
-2.99139,0.136089
-2.99002,0.137592
-2.98864,0.139109
-2.98724,0.14064
-2.98582,0.142184
-2.98439,0.143743
-2.98295,0.145315
-2.98149,0.146902
-2.98001,0.148504
-2.97852,0.15012
-2.97701,0.151751
-2.97548,0.153397
-2.97394,0.155058
-2.97238,0.156734
-2.9708,0.158426
-2.96921,0.160134
-2.9676,0.161857
-2.96597,0.163596
-2.96433,0.165351
-2.96267,0.167123
-2.96099,0.168911
-2.95929,0.170715
-2.95757,0.172537
-2.95584,0.174375
-2.95409,0.176231
-2.95231,0.178103
-2.95052,0.179994
-2.94871,0.181902
-2.94689,0.183828
-2.94504,0.185771
-2.94317,0.187733
-2.94128,0.189714
-2.93938,0.191713
-2.93745,0.193731
-2.9355,0.195768
-2.93353,0.197824
-2.93154,0.199899
-2.92954,0.201994
-2.9275,0.204109
-2.92545,0.206243
-2.92338,0.208398
-2.92128,0.210573
-2.91917,0.212769
-2.91703,0.214985
-2.91487,0.217222
-2.91268,0.219481
-2.91048,0.221761
-2.90825,0.224062
-2.906,0.226385
-2.90372,0.228731
-2.90142,0.231098
-2.8991,0.233488
-2.89675,0.235901
-2.89438,0.238336
-2.89199,0.240795
-2.88957,0.243277
-2.88712,0.245782
-2.88465,0.248312
-2.88215,0.250865
-2.87963,0.253443
-2.87709,0.256045
-2.87451,0.258671
-2.87191,0.261323
-2.86929,0.264
-2.86663,0.266702
-2.86395,0.26943
-2.86124,0.272184
-2.85851,0.274964
-2.85574,0.277771
-2.85295,0.280604
-2.85013,0.283464
-2.84728,0.286351
-2.8444,0.289266
-2.8415,0.292208
-2.83856,0.295178
-2.83559,0.298176
-2.8326,0.301203
-2.82957,0.304258
-2.82651,0.307343
-2.82342,0.310456
-2.8203,0.3136
-2.81715,0.316772
-2.81397,0.319975
-2.81075,0.323208
-2.8075,0.326472
-2.80422,0.329767
-2.80091,0.333093
-2.79756,0.33645
-2.79418,0.339838
-2.79076,0.343259
-2.78731,0.346712
-2.78383,0.350198
-2.78031,0.353716
-2.77675,0.357267
-2.77316,0.360852
-2.76954,0.36447
-2.76587,0.368123
-2.76217,0.371809
-2.75844,0.375531
-2.75466,0.379287
-2.75085,0.383078
-2.747,0.386904
-2.74311,0.390767
-2.73919,0.394665
-2.73522,0.398599
-2.73121,0.402571
-2.72717,0.406579
-2.72308,0.410624
-2.71896,0.414707
-2.71479,0.418827
-2.71058,0.422986
-2.70633,0.427183
-2.70203,0.431419
-2.6977,0.435694
-2.69332,0.440009
-2.6889,0.444363
-2.68443,0.448757
-2.67992,0.453191
-2.67537,0.457666
-2.67077,0.462181
-2.66613,0.466738
-2.66144,0.471337
-2.6567,0.475977
-2.65192,0.480659
-2.64709,0.485384
-2.64221,0.490151
-2.63728,0.494962
-2.63231,0.499816
-2.62729,0.504713
-2.62221,0.509654
-2.61709,0.51464
-2.61192,0.51967
-2.6067,0.524745
-2.60143,0.529865
-2.5961,0.535031
-2.59073,0.540242
-2.5853,0.5455
-2.57982,0.550803
-2.57428,0.556154
-2.56869,0.561551
-2.56305,0.566995
-2.55735,0.572487
-2.5516,0.578027
-2.54579,0.583614
-2.53993,0.58925
-2.53401,0.594935
-2.52803,0.600668
-2.52199,0.606451
-2.5159,0.612283
-2.50975,0.618164
-2.50354,0.624095
-2.49726,0.630077
-2.49093,0.636109
-2.48454,0.642191
-2.47809,0.648325
-2.47158,0.654509
-2.465,0.660745
-2.45836,0.667032
-2.45166,0.673371
-2.44489,0.679762
-2.43806,0.686205
-2.43117,0.6927
-2.42421,0.699248
-2.41718,0.705849
-2.41009,0.712502
-2.40293,0.719209
-2.39571,0.725968
-2.38841,0.732781
-2.38105,0.739648
-2.37362,0.746568
-2.36612,0.753541
-2.35855,0.760569
-2.35091,0.76765
-2.3432,0.774786
-2.33541,0.781975
-2.32756,0.789219
-2.31963,0.796517
-2.31163,0.803869
-2.30355,0.811275
-2.2954,0.818735
-2.28718,0.82625
-2.27888,0.833819
-2.2705,0.841442
-2.26205,0.84912
-2.25352,0.856851
-2.24491,0.864637
-2.23622,0.872477
-2.22746,0.88037
-2.21862,0.888317
-2.20969,0.896318
-2.20069,0.904373
-2.19161,0.91248
-2.18244,0.920641
-2.17319,0.928854
-2.16386,0.93712
-2.15445,0.945439
-2.14495,0.953809
-2.13537,0.962232
-2.12571,0.970706
-2.11596,0.979231
-2.10612,0.987807
-2.0962,0.996433
-2.0862,1.00511
-2.0761,1.01383
-2.06592,1.02261
-2.05565,1.03143
-2.04529,1.0403
-2.03484,1.04922
-2.0243,1.05819
-2.01368,1.0672
-2.00296,1.07626
-1.99215,1.08536
-1.98125,1.09451
-1.97026,1.1037
-1.95918,1.11293
-1.948,1.12221
-1.93673,1.13153
-1.92537,1.14089
-1.91392,1.15028
-1.90237,1.15972
-1.89072,1.16919
-1.87898,1.17871
-1.86715,1.18825
-1.85522,1.19783
-1.84319,1.20745
-1.83107,1.2171
-1.81885,1.22677
-1.80653,1.23648
-1.79412,1.24622
-1.78161,1.25599
-1.769,1.26578
-1.75629,1.27559
-1.74349,1.28543
-1.73058,1.2953
-1.71758,1.30518
-1.70448,1.31508
-1.69128,1.325
-1.67798,1.33493
-1.66458,1.34488
-1.65108,1.35485
-1.63748,1.36482
-1.62379,1.3748
-1.60999,1.38479
-1.59609,1.39479
-1.58209,1.40478
-1.56799,1.41478
-1.5538,1.42478
-1.5395,1.43478
-1.5251,1.44477
-1.5106,1.45476
-1.49601,1.46474
-1.48131,1.4747
-1.46651,1.48465
-1.45162,1.49459
-1.43662,1.50451
-1.42153,1.51441
-1.40633,1.52429
-1.39104,1.53414
-1.37565,1.54397
-1.36016,1.55376
-1.34457,1.56352
-1.32889,1.57325
-1.31311,1.58294
-1.29723,1.59259
-1.28126,1.60219
-1.26519,1.61176
-1.24902,1.62127
-1.23276,1.63073
-1.21641,1.64013
-1.19996,1.64948
-1.18342,1.65877
-1.16679,1.668
-1.15006,1.67716
-1.13324,1.68626
-1.11633,1.69528
-1.09934,1.70422
-1.08225,1.71309
-1.06508,1.72188
-1.04781,1.73059
-1.03046,1.73921
-1.01303,1.74774
-0.995509,1.75618
-0.977906,1.76452
-0.960219,1.77276
-0.942451,1.7809
-0.924601,1.78894
-0.906672,1.79687
-0.888664,1.80469
-0.870579,1.81239
-0.852417,1.81998
-0.83418,1.82745
-0.815868,1.8348
-0.797484,1.84202
-0.779028,1.84911
-0.760502,1.85607
-0.741907,1.86289
-0.723245,1.86958
-0.704516,1.87613
-0.685723,1.88253
-0.666866,1.88879
-0.647948,1.8949
-0.628969,1.90086
-0.609931,1.90667
-0.590836,1.91232
-0.571685,1.91781
-0.55248,1.92314
-0.533223,1.9283
-0.513915,1.9333
-0.494557,1.93813
-0.475153,1.94279
-0.455702,1.94728
-0.436208,1.9516
-0.416671,1.95573
-0.397094,1.95969
-0.377478,1.96347
-0.357825,1.96706
-0.338137,1.97047
-0.318416,1.97369
-0.298664,1.97673
-0.278882,1.97958
-0.259073,1.98224
-0.239238,1.9847
-0.219379,1.98697
-0.199499,1.98905
-0.179599,1.99094
-0.159681,1.99263
-0.139747,1.99412
-0.119799,1.99541
-0.0998397,1.99651
-0.0798699,1.9974
-0.0598922,1.9981
-0.0399085,1.9986
-0.0199209,1.9989
6.88149e-05,1.999
0.0200585,1.9989
0.0400461,1.9986
0.0600298,1.9981
0.0800074,1.9974
0.0999771,1.9965
0.119937,1.9954
0.139885,1.99411
0.159818,1.99261
0.179736,1.99093
0.199636,1.98904
0.219516,1.98696
0.239375,1.98468
0.259209,1.98222
0.279018,1.97956
0.2988,1.97671
0.318552,1.97367
0.338273,1.97045
0.35796,1.96704
0.377613,1.96344
0.397228,1.95966
0.416805,1.9557
0.436342,1.95157
0.455836,1.94725
0.475286,1.94276
0.494691,1.9381
0.514048,1.93327
0.533356,1.92827
0.552613,1.9231
0.571817,1.91777
0.590967,1.91228
0.610062,1.90663
0.6291,1.90082
0.648078,1.89486
0.666996,1.88875
0.685853,1.88249
0.704646,1.87608
0.723374,1.86953
0.742036,1.86285
0.76063,1.85602
0.779156,1.84906
0.797611,1.84197
0.815995,1.83475
0.834305,1.8274
0.852542,1.81993
0.870704,1.81234
0.888789,1.80464
0.906796,1.79682
0.924725,1.78889
0.942573,1.78085
0.960341,1.77271
0.978027,1.76446
0.99563,1.75612
1.01315,1.74768
1.03058,1.73915
1.04793,1.73053
1.06519,1.72182
1.08237,1.71303
1.09945,1.70416
1.11645,1.69522
1.13336,1.68619
1.15017,1.6771
1.1669,1.66794
1.18353,1.65871
1.20007,1.64942
1.21652,1.64007
1.23288,1.63066
1.24913,1.6212
1.2653,1.61169
1.28137,1.60213
1.29734,1.59252
1.31322,1.58287
1.329,1.57318
1.34468,1.56346
1.36027,1.55369
1.37576,1.5439
1.39115,1.53407
1.40644,1.52422
1.42163,1.51434
1.43672,1.50444
1.45172,1.49452
1.46661,1.48459
1.48141,1.47463
1.49611,1.46467
1.5107,1.45469
1.5252,1.4447
1.5396,1.43471
1.55389,1.42471
1.56809,1.41471
1.58219,1.40471
1.59619,1.39472
1.61008,1.38472
1.62388,1.37473
1.63758,1.36475
1.65118,1.35478
1.66467,1.34482
1.67807,1.33487
1.69137,1.32493
1.70457,1.31501
1.71767,1.30511
1.73067,1.29523
1.74358,1.28537
1.75638,1.27553
1.76909,1.26571
1.78169,1.25592
1.79421,1.24615
1.80662,1.23642
1.81893,1.22671
1.83115,1.21703
1.84327,1.20738
1.8553,1.19777
1.86723,1.18819
1.87906,1.17864
1.8908,1.16913
1.90245,1.15966
1.914,1.15022
1.92545,1.14082
1.93681,1.13146
1.94808,1.12215
1.95926,1.11287
1.97034,1.10364
1.98133,1.09445
1.99223,1.0853
2.00303,1.0762
2.01375,1.06714
2.02438,1.05813
2.03491,1.04916
2.04536,1.04024
2.05572,1.03137
2.06599,1.02255
2.07617,1.01377
2.08626,1.00505
2.09627,0.996373
2.10619,0.987747
2.11603,0.979172
2.12578,0.970647
2.13544,0.962174
2.14502,0.953752
2.15451,0.945381
2.16393,0.937063
2.17326,0.928797
2.1825,0.920584
2.19167,0.912424
2.20075,0.904317
2.20975,0.896263
2.21868,0.888263
2.22752,0.880316
2.23628,0.872423
2.24497,0.864583
2.25358,0.856798
2.2621,0.849067
2.27056,0.84139
2.27893,0.833767
2.28723,0.826198
2.29546,0.818684
2.30361,0.811224
2.31168,0.803818
2.31968,0.796466
2.32761,0.789169
2.33547,0.781925
2.34325,0.774736
2.35096,0.767601
2.3586,0.76052
2.36617,0.753493
2.37367,0.74652
2.3811,0.7396
2.38846,0.732734
2.39576,0.725922
2.40298,0.719162
2.41014,0.712456
2.41723,0.705803
2.42426,0.699203
2.43122,0.692655
2.43811,0.68616
2.44494,0.679718
2.4517,0.673327
2.45841,0.666989
2.46504,0.660702
2.47162,0.654466
2.47813,0.648282
2.48459,0.642149
2.49098,0.636067
2.49731,0.630036
2.50358,0.624054
2.50979,0.618123
2.51594,0.612242
2.52203,0.606411
2.52807,0.600629
2.53405,0.594896
2.53997,0.589211
2.54583,0.583576
2.55164,0.577988
2.55739,0.572449
2.56309,0.566958
2.56873,0.561513
2.57432,0.556117
2.57985,0.550767
2.58533,0.545463
2.59076,0.540206
2.59614,0.534995
2.60146,0.52983
2.60674,0.52471
2.61196,0.519635
2.61713,0.514605
2.62225,0.50962
2.62732,0.504679
2.63234,0.499782
2.63732,0.494928
2.64224,0.490118
2.64712,0.485351
2.65195,0.480627
2.65673,0.475945
2.66147,0.471305
2.66616,0.466707
2.6708,0.46215
2.6754,0.457635
2.67995,0.45316
2.68446,0.448726
2.68893,0.444333
2.69335,0.439979
2.69773,0.435665
2.70206,0.43139
2.70636,0.427154
2.71061,0.422957
2.71482,0.418799
2.71898,0.414679
2.72311,0.410596
2.7272,0.406551
2.73124,0.402543
2.73525,0.398572
2.73921,0.394638
2.74314,0.39074
2.74703,0.386878
2.75088,0.383051
2.75469,0.379261
2.75846,0.375505
2.7622,0.371784
2.7659,0.368098
2.76956,0.364445
2.77319,0.360827
2.77678,0.357243
2.78033,0.353692
2.78385,0.350173
2.78734,0.346688
2.79079,0.343235
2.7942,0.339815
2.79758,0.336426
2.80093,0.33307
2.80424,0.329744
2.80752,0.32645
2.81077,0.323186
2.81399,0.319953
2.81717,0.31675
2.82032,0.313578
2.82344,0.310435
2.82653,0.307321
2.82959,0.304237
2.83262,0.301182
2.83561,0.298155
2.83858,0.295157
2.84152,0.292187
2.84442,0.289245
2.8473,0.286331
2.85015,0.283444
2.85297,0.280584
2.85576,0.277751
2.85853,0.274945
2.86126,0.272165
2.86397,0.269411
2.86665,0.266684
2.8693,0.263981
2.87193,0.261305
2.87453,0.258653
2.8771,0.256027
2.87965,0.253425
2.88217,0.250847
2.88467,0.248294
2.88714,0.245765
2.88958,0.24326
2.892,0.240778
2.8944,0.238319
2.89677,0.235884
2.89912,0.233472
2.90144,0.231082
2.90374,0.228714
2.90601,0.226369
2.90826,0.224046
2.91049,0.221745
2.9127,0.219465
2.91488,0.217207
2.91704,0.21497
2.91918,0.212753
2.9213,0.210558
2.92339,0.208383
2.92547,0.206228
2.92752,0.204094
2.92955,0.201979
2.93156,0.199885
2.93355,0.197809
2.93551,0.195754
2.93746,0.193717
2.93939,0.191699
2.9413,0.1897
2.94318,0.18772
2.94505,0.185758
2.9469,0.183814
2.94873,0.181888
2.95054,0.179981
2.95233,0.17809
2.9541,0.176218
2.95585,0.174362
2.95759,0.172524
2.9593,0.170703
2.961,0.168898
2.96268,0.167111
2.96434,0.165339
2.96599,0.163584
2.96761,0.161845
2.96922,0.160122
2.97082,0.158415
2.97239,0.156723
2.97395,0.155047
2.97549,0.153386
2.97702,0.15174
2.97853,0.150109
2.98002,0.148493
2.9815,0.146891
2.98296,0.145304
2.9844,0.143732
2.98583,0.142173
2.98725,0.140629
2.98865,0.139099
2.99003,0.137582
2.9914,0.136079
2.99275,0.134589
2.99409,0.133113
2.99541,0.13165
2.99672,0.1302
2.99802,0.128763
2.9993,0.127338
3.00056,0.125926
3.00182,0.124527
3.00305,0.12314
3.00428,0.121765
3.00549,0.120402
3.00669,0.119051
3.00787,0.117712
3.00904,0.116384
3.0102,0.115069
3.01134,0.113764
3.01247,0.112471
3.01359,0.111189
3.0147,0.109918
3.01579,0.108658
3.01687,0.107408
3.01794,0.10617
3.01899,0.104941
3.02004,0.103724
3.02107,0.102516
3.02209,0.101319
3.0231,0.100132
3.02409,0.0989546
3.02507,0.0977871
3.02605,0.0966294
3.02701,0.0954813
3.02796,0.0943426
3.02889,0.0932134
3.02982,0.0920934
3.03074,0.0909825
3.03164,0.0898807
3.03253,0.0887878
3.03342,0.0877038
3.03429,0.0866285
3.03515,0.0855617
3.036,0.0845035
3.03684,0.0834537
3.03767,0.0824122
3.03849,0.0813789
3.0393,0.0803537
3.04009,0.0793365
3.04088,0.0783272
3.04166,0.0773256
3.04243,0.0763318
3.04319,0.0753455
3.04394,0.0743668
3.04467,0.0733955
3.0454,0.0724314
3.04612,0.0714746
3.04683,0.0705249
3.04753,0.0695822
3.04822,0.0686464
3.04891,0.0677175
3.04958,0.0667953
3.05024,0.0658798
3.0509,0.0649708
3.05154,0.0640683
3.05218,0.0631722
3.05281,0.0622823
3.05342,0.0613987
3.05403,0.0605212
3.05463,0.0596497
3.05523,0.0587842
3.05581,0.0579245
3.05638,0.0570706
3.05695,0.0562223
3.05751,0.0553797
3.05806,0.0545426
3.0586,0.0537109
3.05913,0.0528846
3.05966,0.0520636
3.06017,0.0512477
3.06068,0.050437
3.06118,0.0496313
3.06168,0.0488305
3.06216,0.0480346
3.06264,0.0472435
3.0631,0.046457
3.06357,0.0456753
3.06402,0.044898
3.06446,0.0441253
3.0649,0.0433569
3.06533,0.0425929
3.06575,0.0418331
3.06617,0.0410775
3.06657,0.040326
3.06697,0.0395785
3.06737,0.038835
3.06775,0.0380953
3.06813,0.0373594
3.0685,0.0366273
3.06886,0.0358988
3.06922,0.0351739
3.06956,0.0344525
3.0699,0.0337345
3.07024,0.0330199
3.07057,0.0323086
3.07088,0.0316005
3.0712,0.0308956
3.0715,0.0301937
3.0718,0.0294949
3.07209,0.028799
3.07238,0.028106
3.07265,0.0274158
3.07293,0.0267283
3.07319,0.0260435
3.07345,0.0253612
3.0737,0.0246816
3.07394,0.0240043
3.07418,0.0233295
3.07441,0.022657
3.07463,0.0219867
3.07485,0.0213187
3.07506,0.0206528
3.07526,0.0199889
3.07546,0.019327
3.07565,0.0186671
3.07583,0.018009
3.07601,0.0173527
3.07618,0.0166982
3.07634,0.0160453
3.0765,0.015394
3.07665,0.0147443
3.07679,0.014096
3.07693,0.0134492
3.07706,0.0128036
3.07719,0.0121594
3.0773,0.0115163
3.07742,0.0108745
3.07752,0.0102337
3.07762,0.00959389
3.07771,0.00895507
3.0778,0.00831714
3.07788,0.00768005
3.07795,0.00704372
3.07802,0.00640809
3.07808,0.0057731
3.07814,0.00513869
3.07818,0.00450479
3.07823,0.00387135
3.07826,0.00323828
3.07829,0.00260554
3.07831,0.00197307
3.07833,0.00134078
3.07834,0.000708635
3.07834,7.65572e-05
3.07834,-0.000555513
3.07833,-0.00118764
3.07832,-0.00181988
3.0783,-0.00245231
3.07827,-0.00308498
3.07824,-0.00371796
3.0782,-0.00435131
3.07815,-0.00498509
3.0781,-0.00561937
3.07804,-0.00625421
3.07797,-0.00688968
3.0779,-0.00752583
3.07782,-0.00816274
3.07774,-0.00880046
3.07764,-0.00943905
3.07755,-0.0100786
3.07744,-0.0107191
3.07733,-0.0113608
3.07722,-0.0120035
3.07709,-0.0126474
3.07696,-0.0132927
3.07683,-0.0139392
3.07668,-0.0145871
3.07653,-0.0152365
3.07638,-0.0158874
3.07622,-0.0165399
3.07605,-0.017194
3.07587,-0.0178499
3.07569,-0.0185075
3.0755,-0.019167
3.07531,-0.0198284
3.07511,-0.0204918
3.0749,-0.0211572
3.07468,-0.0218247
3.07446,-0.0224944
3.07423,-0.0231664
3.074,-0.0238406
3.07376,-0.0245173
3.07351,-0.0251964
3.07325,-0.025878
3.07299,-0.0265621
3.07272,-0.027249
3.07244,-0.0279385
3.07216,-0.0286309
3.07187,-0.0293261
3.07158,-0.0300242
3.07127,-0.0307253
3.07096,-0.0314295
3.07064,-0.0321368
3.07032,-0.0328473
3.06999,-0.0335611
3.06965,-0.0342783
3.0693,-0.0349988
3.06895,-0.0357229
3.06859,-0.0364505
3.06822,-0.0371817
3.06784,-0.0379167
3.06746,-0.0386555
3.06707,-0.0393981
3.06667,-0.0401446
3.06627,-0.0408951
3.06585,-0.0416497
3.06543,-0.0424085
3.06501,-0.0431715
3.06457,-0.0439388
3.06413,-0.0447104
3.06368,-0.0454866
3.06322,-0.0462672
3.06275,-0.0470525
3.06228,-0.0478425
3.06179,-0.0486372
3.0613,-0.0494368
3.0608,-0.0502413
3.0603,-0.0510509
3.05978,-0.0518655
3.05926,-0.0526853
3.05873,-0.0535103
3.05819,-0.0543407
3.05764,-0.0551764
3.05709,-0.0560177
3.05652,-0.0568646
3.05595,-0.0577171
3.05537,-0.0585754
3.05478,-0.0594395
3.05418,-0.0603095
3.05357,-0.0611856
3.05296,-0.0620677
3.05233,-0.062956
3.0517,-0.0638506
3.05105,-0.0647516
3.0504,-0.065659
3.04974,-0.0665729
3.04907,-0.0674935
3.04839,-0.0684208
3.0477,-0.0693549
3.047,-0.0702959
3.0463,-0.0712439
3.04558,-0.072199
3.04485,-0.0731613
3.04412,-0.0741308
3.04337,-0.0751078
3.04261,-0.0760922
3.04185,-0.0770842
3.04107,-0.0780838
3.04029,-0.0790913
3.03949,-0.0801066
3.03868,-0.0811298
3.03787,-0.0821612
3.03704,-0.0832007
3.0362,-0.0842485
3.03536,-0.0853046
3.0345,-0.0863693
3.03363,-0.0874425
3.03275,-0.0885244
3.03186,-0.0896151
3.03096,-0.0907148
3.03004,-0.0918234
3.02912,-0.0929412
3.02818,-0.0940682
3.02724,-0.0952046
3.02628,-0.0963504
3.02531,-0.0975058
3.02433,-0.0986708
3.02334,-0.0998457
3.02233,-0.101031
3.02132,-0.102225
3.02029,-0.10343
3.01925,-0.104646
3.0182,-0.105871
3.01713,-0.107107
3.01605,-0.108354
3.01496,-0.109612
3.01386,-0.11088
3.01275,-0.112159
3.01162,-0.11345
3.01048,-0.114752
3.00932,-0.116065
3.00816,-0.117389
3.00697,-0.118726
3.00578,-0.120074
3.00457,-0.121434
3.00335,-0.122805
3.00212,-0.12419
3.00087,-0.125586
2.99961,-0.126995
2.99833,-0.128416
2.99704,-0.12985
2.99573,-0.131297
2.99441,-0.132757
2.99308,-0.134231
2.99173,-0.135717
2.99036,-0.137217
2.98898,-0.13873
2.98759,-0.140257
2.98618,-0.141798
2.98475,-0.143353
2.98331,-0.144922
2.98185,-0.146506
2.98038,-0.148103
2.97889,-0.149716
2.97739,-0.151343
2.97586,-0.152985
2.97433,-0.154643
2.97277,-0.156315
2.9712,-0.158003
2.96961,-0.159707
2.968,-0.161426
2.96638,-0.163161
2.96474,-0.164912
2.96308,-0.16668
2.96141,-0.168464
2.95971,-0.170264
2.958,-0.172081
2.95627,-0.173916
2.95452,-0.175767
2.95276,-0.177635
2.95097,-0.179521
2.94917,-0.181425
2.94734,-0.183346
2.9455,-0.185285
2.94364,-0.187243
2.94175,-0.189219
2.93985,-0.191213
2.93793,-0.193226
2.93599,-0.195258
2.93403,-0.19731
2.93204,-0.19938
2.93004,-0.20147
2.92801,-0.20358
2.92597,-0.205709
2.9239,-0.207859
2.92181,-0.210029
2.9197,-0.21222
2.91756,-0.214431
2.91541,-0.216663
2.91323,-0.218916
2.91103,-0.221191
2.90881,-0.223487
2.90656,-0.225805
2.90429,-0.228144
2.902,-0.230506
2.89968,-0.232891
2.89734,-0.235298
2.89497,-0.237727
2.89259,-0.24018
2.89017,-0.242656
2.88773,-0.245156
2.88527,-0.247679
2.88278,-0.250227
2.88026,-0.252798
2.87772,-0.255394
2.87516,-0.258015
2.87256,-0.26066
2.86994,-0.263331
2.8673,-0.266027
2.86462,-0.268748
2.86192,-0.271496
2.85919,-0.274269
2.85643,-0.277069
2.85365,-0.279895
2.85084,-0.282749
2.84799,-0.285629
2.84512,-0.288537
2.84222,-0.291472
2.83929,-0.294435
2.83634,-0.297427
2.83335,-0.300446
2.83033,-0.303494
2.82728,-0.306572
2.82419,-0.309678
2.82108,-0.312814
2.81794,-0.315979
2.81476,-0.319175
2.81155,-0.3224
2.80831,-0.325656
2.80504,-0.328943
2.80174,-0.332261
2.7984,-0.33561
2.79502,-0.338991
2.79162,-0.342404
2.78817,-0.345849
2.7847,-0.349326
2.78119,-0.352836
2.77764,-0.356379
2.77406,-0.359956
2.77044,-0.363566
2.76679,-0.36721
2.7631,-0.370888
2.75937,-0.3746
2.75561,-0.378348
2.7518,-0.38213
2.74796,-0.385948
2.74409,-0.389801
2.74017,-0.39369
2.73621,-0.397616
2.73222,-0.401578
2.72818,-0.405577
2.7241,-0.409613
2.71999,-0.413686
2.71583,-0.417797
2.71163,-0.421947
2.70739,-0.426134
2.70311,-0.43036
2.69878,-0.434626
2.69442,-0.43893
2.69,-0.443274
2.68555,-0.447658
2.68105,-0.452082
2.67651,-0.456547
2.67192,-0.461053
2.66729,-0.465599
2.66261,-0.470187
2.65788,-0.474817
2.65311,-0.479489
2.64829,-0.484203
2.64343,-0.48896
2.63851,-0.493759
2.63355,-0.498602
2.62854,-0.503489
2.62348,-0.508419
2.61837,-0.513394
2.61321,-0.518413
2.608,-0.523477
2.60274,-0.528585
2.59743,-0.53374
2.59207,-0.53894
2.58665,-0.544185
2.58119,-0.549478
2.57566,-0.554816
2.57009,-0.560202
2.56446,-0.565634
2.55878,-0.571114
2.55304,-0.576642
2.54724,-0.582218
2.54139,-0.587842
2.53549,-0.593514
2.52952,-0.599235
2.5235,-0.605005
2.51742,-0.610825
2.51128,-0.616694
2.50509,-0.622613
2.49883,-0.628582
2.49252,-0.634601
2.48614,-0.640671
2.4797,-0.646792
2.4732,-0.652964
2.46664,-0.659186
2.46002,-0.665461
2.45333,-0.671787
2.44658,-0.678165
2.43977,-0.684595
2.43289,-0.691077
2.42595,-0.697612
2.41894,-0.704199
2.41186,-0.71084
2.40472,-0.717533
2.39751,-0.724279
2.39024,-0.731079
2.38289,-0.737932
2.37548,-0.744839
2.368,-0.751799
2.36044,-0.758813
2.35282,-0.765881
2.34512,-0.773003
2.33736,-0.780179
2.32952,-0.787409
2.32161,-0.794693
2.31363,-0.802032
2.30557,-0.809425
2.29744,-0.816872
2.28923,-0.824373
2.28095,-0.831928
2.27259,-0.839538
2.26416,-0.847202
2.25565,-0.85492
2.24706,-0.862692
2.23839,-0.870519
2.22965,-0.878399
2.22083,-0.886332
2.21192,-0.89432
2.20294,-0.902361
2.19388,-0.910455
2.18473,-0.918603
2.1755,-0.926803
2.16619,-0.935056
2.1568,-0.943361
2.14733,-0.951719
2.13777,-0.960129
2.12812,-0.96859
2.1184,-0.977102
2.10858,-0.985665
2.09868,-0.994279
2.0887,-1.00294
2.07862,-1.01166
2.06846,-1.02042
2.05821,-1.02923
2.04788,-1.03809
2.03745,-1.047
2.02694,-1.05595
2.01633,-1.06495
2.00564,-1.074
1.99485,-1.08309
1.98398,-1.09223
1.97301,-1.10141
1.96195,-1.11063
1.9508,-1.1199
1.93955,-1.1292
1.92821,-1.13855
1.91678,-1.14794
1.90525,-1.15737
1.89363,-1.16683
1.88192,-1.17633
1.87011,-1.18587
1.8582,-1.19544
1.8462,-1.20505
1.8341,-1.21469
1.8219,-1.22436
1.80961,-1.23406
1.79722,-1.24379
1.78473,-1.25355
1.77215,-1.26334
1.75947,-1.27315
1.74669,-1.28298
1.73381,-1.29284
1.72083,-1.30271
1.70775,-1.31261
1.69458,-1.32253
1.6813,-1.33246
1.66793,-1.3424
1.65446,-1.35236
1.64088,-1.36233
1.62721,-1.37231
1.61344,-1.3823
1.59956,-1.3923
1.58559,-1.40229
1.57152,-1.41229
1.55734,-1.42229
1.54307,-1.43229
1.5287,-1.44228
1.51422,-1.45227
1.49965,-1.46225
1.48498,-1.47222
1.47021,-1.48218
1.45534,-1.49212
1.44037,-1.50204
1.4253,-1.51195
1.41013,-1.52183
1.39486,-1.53169
1.37949,-1.54152
1.36403,-1.55132
1.34847,-1.56109
1.33281,-1.57083
1.31705,-1.58053
1.3012,-1.59019
1.28525,-1.59981
1.2692,-1.60938
1.25306,-1.6189
1.23682,-1.62838
1.22049,-1.6378
1.20407,-1.64716
1.18755,-1.65647
1.17094,-1.66571
1.15423,-1.67489
1.13744,-1.684
1.12056,-1.69304
1.10358,-1.702
1.08652,-1.71089
1.06936,-1.7197
1.05212,-1.72843
1.03479,-1.73707
1.01738,-1.74562
0.999882,-1.75408
0.982299,-1.76245
0.964633,-1.77072
0.946885,-1.77889
0.929056,-1.78695
0.911147,-1.79491
0.893158,-1.80275
0.875092,-1.81049
0.856949,-1.8181
0.83873,-1.8256
0.820437,-1.83298
0.802071,-1.84023
0.783633,-1.84735
0.765124,-1.85435
0.746547,-1.8612
0.727901,-1.86793
0.709188,-1.87451
0.690411,-1.88095
0.67157,-1.88725
0.652667,-1.89339
0.633703,-1.89939
0.614679,-1.90524
0.595598,-1.91092
0.576461,-1.91645
0.55727,-1.92182
0.538025,-1.92703
0.51873,-1.93207
0.499385,-1.93695
0.479991,-1.94165
0.460552,-1.94618
0.441068,-1.95054
0.421542,-1.95472
0.401975,-1.95872
0.382368,-1.96254
0.362724,-1.96618
0.343045,-1.96964
0.323332,-1.97291
0.303588,-1.97599
0.283813,-1.97889
0.264011,-1.98159
0.244182,-1.9841
0.224329,-1.98643
0.204454,-1.98855
0.184559,-1.99049
0.164645,-1.99222
0.144715,-1.99376
0.12477,-1.99511
0.104813,-1.99625
0.084846,-1.9972
0.0648701,-1.99795
0.0448877,-1.9985
0.0249008,-1.99884
0.00491146,-1.99899
-0.0150784,-1.99894
-0.0350667,-1.99869
-0.0550516,-1.99824
-0.0750309,-1.99759
-0.0950027,-1.99674
-0.114965,-1.9957
-0.134916,-1.99445
-0.154853,-1.99301
-0.174775,-1.99136
-0.19468,-1.98953
-0.214565,-1.9875
-0.234429,-1.98527
-0.25427,-1.98285
-0.274086,-1.98024
-0.293874,-1.97744
-0.313634,-1.97445
-0.333363,-1.97127
-0.353059,-1.9679
-0.37272,-1.96435
-0.392345,-1.96062
-0.411932,-1.95671
-0.431479,-1.95261
-0.450983,-1.94834
-0.470445,-1.9439
-0.489861,-1.93928
-0.50923,-1.93449
-0.52855,-1.92953
-0.54782,-1.9244
-0.567038,-1.91911
-0.586202,-1.91366
-0.60531,-1.90805
-0.624362,-1.90228
-0.643355,-1.89636
-0.662289,-1.89029
-0.681161,-1.88406
-0.699969,-1.87769
-0.718714,-1.87118
-0.737393,-1.86452
-0.756004,-1.85773
-0.774547,-1.85081
-0.79302,-1.84375
-0.811421,-1.83656
-0.82975,-1.82924
-0.848006,-1.8218
-0.866186,-1.81424
-0.88429,-1.80657
-0.902317,-1.79878
-0.920265,-1.79087
-0.938134,-1.78286
-0.955922,-1.77474
-0.973629,-1.76653
-0.991252,-1.75821
-1.00879,-1.74979
-1.02625,-1.74128
-1.04362,-1.73269
-1.0609,-1.724
-1.0781,-1.71523
-1.09521,-1.70638
-1.11222,-1.69745
-1.12915,-1.68845
-1.14599,-1.67937
-1.16274,-1.67023
-1.1794,-1.66102
-1.19596,-1.65174
-1.21243,-1.6424
-1.22881,-1.63301
-1.24509,-1.62356
-1.26128,-1.61406
-1.27737,-1.60452
-1.29337,-1.59492
-1.30927,-1.58528
-1.32508,-1.5756
-1.34078,-1.56588
-1.35639,-1.55613
-1.37191,-1.54634
-1.38732,-1.53652
-1.40264,-1.52668
-1.41785,-1.51681
-1.43297,-1.50691
-1.44799,-1.497
-1.46291,-1.48706
-1.47773,-1.47711
-1.49245,-1.46715
-1.50708,-1.45718
-1.5216,-1.44719
-1.53602,-1.4372
-1.55034,-1.42721
-1.56456,-1.41721
-1.57869,-1.40721
-1.59271,-1.39721
-1.60663,-1.38721
-1.62045,-1.37722
-1.63418,-1.36724
-1.6478,-1.35726
-1.66132,-1.3473
-1.67474,-1.33734
-1.68807,-1.32741
-1.70129,-1.31748
-1.71442,-1.30758
-1.72744,-1.29769
-1.74037,-1.28782
-1.7532,-1.27798
-1.76593,-1.26815
-1.77856,-1.25836
-1.7911,-1.24858
-1.80353,-1.23884
-1.81587,-1.22912
-1.82812,-1.21944
-1.84026,-1.20978
-1.85231,-1.20016
-1.86427,-1.19057
-1.87612,-1.18101
-1.88789,-1.1715
-1.89955,-1.16201
-1.91113,-1.15257
-1.92261,-1.14316
-1.93399,-1.13379
-1.94528,-1.12446
-1.95648,-1.11518
-1.96759,-1.10593
-1.9786,-1.09673
-1.98952,-1.08757
-2.00035,-1.07846
-2.01109,-1.06939
-2.02174,-1.06037
-2.0323,-1.05139
-2.04277,-1.04246
-2.05315,-1.03358
-2.06344,-1.02474
-2.07364,-1.01596
-2.08376,-1.00722
-2.09379,-0.99853
-2.10373,-0.989892
-2.11358,-0.981304
-2.12335,-0.972766
-2.13304,-0.96428
-2.14264,-0.955845
-2.15216,-0.947462
-2.16159,-0.939131
-2.17094,-0.930852
-2.18021,-0.922626
-2.18939,-0.914452
-2.1985,-0.906332
-2.20752,-0.898265
-2.21646,-0.890251
-2.22532,-0.882291
-2.23411,-0.874384
-2.24281,-0.866531
-2.25144,-0.858733
-2.25999,-0.850988
-2.26846,-0.843297
-2.27685,-0.835661
-2.28517,-0.828079
-2.29341,-0.820551
-2.30158,-0.813077
-2.30968,-0.805658
-2.3177,-0.798293
-2.32564,-0.790982
-2.33352,-0.783725
-2.34132,-0.776522
