0.8,0.8
0.79968,0.79968
0.79872,0.79872
0.797122,0.797122
0.794888,0.794888
0.79202,0.79202
0.788521,0.788521
0.784396,0.784396
0.77965,0.77965
0.774289,0.774289
0.768318,0.768318
0.761746,0.761746
0.754579,0.754579
0.746827,0.746827
0.738498,0.738498
0.729603,0.729603
0.720153,0.720153
0.710158,0.710158
0.699631,0.699631
0.688583,0.688583
0.677029,0.677029
0.664982,0.664982
0.652456,0.652456
0.639467,0.639467
0.626028,0.626028
0.612158,0.612158
0.597871,0.597871
0.583184,0.583184
0.568116,0.568116
0.552684,0.552684
0.536906,0.536906
0.5208,0.5208
0.504385,0.504385
0.487681,0.487681
0.470707,0.470707
0.453484,0.453484
0.43603,0.43603
0.418366,0.418366
0.400513,0.400513
0.382491,0.382491
0.364321,0.364321
0.346025,0.346025
0.327622,0.327622
0.309134,0.309134
0.290583,0.290583
0.271989,0.271989
0.253373,0.253373
0.234756,0.234756
0.21616,0.21616
0.197605,0.197605
0.179112,0.179112
0.160702,0.160702
0.142394,0.142394
0.12421,0.12421
0.106168,0.106168
0.0882897,0.0882897
0.0705933,0.0705933
0.0530981,0.0530981
0.035823,0.035823
0.0187864,0.0187864
0.0020063,0.0020063
-0.0144996,-0.0144996
-0.0307141,-0.0307141
-0.0466203,-0.0466203
-0.0622021,-0.0622021
-0.0774436,-0.0774436
-0.0923294,-0.0923294
-0.106845,-0.106845
-0.120975,-0.120975
-0.134708,-0.134708
-0.148028,-0.148028
-0.160925,-0.160925
-0.173385,-0.173385
-0.185399,-0.185399
-0.196954,-0.196954
-0.208041,-0.208041
-0.21865,-0.21865
-0.228774,-0.228774
-0.238403,-0.238403
-0.24753,-0.24753
-0.256149,-0.256149
-0.264254,-0.264254
-0.27184,-0.27184
-0.278901,-0.278901
-0.285434,-0.285434
-0.291435,-0.291435
-0.296903,-0.296903
-0.301836,-0.301836
-0.306232,-0.306232
-0.310091,-0.310091
-0.313414,-0.313414
-0.316201,-0.316201
-0.318455,-0.318455
-0.320178,-0.320178
-0.321373,-0.321373
-0.322044,-0.322044
-0.322195,-0.322195
-0.321832,-0.321832
-0.32096,-0.32096
-0.319587,-0.319587
-0.317718,-0.317718
-0.315363,-0.315363
-0.312528,-0.312528
-0.309224,-0.309224
-0.305459,-0.305459
-0.301244,-0.301244
-0.29659,-0.29659
-0.291506,-0.291506
-0.286006,-0.286006
-0.280101,-0.280101
-0.273804,-0.273804
-0.267128,-0.267128
-0.260086,-0.260086
-0.252693,-0.252693
-0.244962,-0.244962
-0.236909,-0.236909
-0.228548,-0.228548
-0.219895,-0.219895
-0.210965,-0.210965
-0.201774,-0.201774
-0.192339,-0.192339
-0.182676,-0.182676
-0.172801,-0.172801
-0.162732,-0.162732
-0.152485,-0.152485
-0.142077,-0.142077
-0.131525,-0.131525
-0.120848,-0.120848
-0.110062,-0.110062
-0.0991839,-0.0991839
-0.0882321,-0.0882321
-0.0772235,-0.0772235
-0.0661757,-0.0661757
-0.0551057,-0.0551057
-0.0440308,-0.0440308
-0.0329681,-0.0329681
-0.0219345,-0.0219345
-0.0109468,-0.0109468
-2.15393e-05,-2.15393e-05
0.0108249,0.0108249
0.0215763,0.0215763
0.0322168,0.0322168
0.0427307,0.0427307
0.0531027,0.0531027
0.0633178,0.0633178
0.0733613,0.0733613
0.0832187,0.0832187
0.0928762,0.0928762
0.10232,0.10232
0.111537,0.111537
0.120515,0.120515
0.129241,0.129241
0.137703,0.137703
0.14589,0.14589
0.153792,0.153792
0.161396,0.161396
0.168695,0.168695
0.175678,0.175678
0.182336,0.182336
0.188662,0.188662
0.194647,0.194647
0.200284,0.200284
0.205567,0.205567
0.21049,0.21049
0.215047,0.215047
0.219233,0.219233
0.223044,0.223044
0.226476,0.226476
0.229527,0.229527
0.232194,0.232194
0.234474,0.234474
0.236368,0.236368
0.237873,0.237873
0.238989,0.238989
0.239719,0.239719
0.240061,0.240061
0.240019,0.240019
0.239594,0.239594
0.238789,0.238789
0.237608,0.237608
0.236054,0.236054
0.234133,0.234133
0.231848,0.231848
0.229206,0.229206
0.226213,0.226213
0.222875,0.222875
0.219199,0.219199
0.215194,0.215194
0.210866,0.210866
0.206225,0.206225
0.20128,0.20128
0.196039,0.196039
0.190513,0.190513
0.184711,0.184711
0.178645,0.178645
0.172325,0.172325
0.165762,0.165762
0.158968,0.158968
0.151955,0.151955
0.144735,0.144735
0.137319,0.137319
0.129722,0.129722
0.121956,0.121956
0.114033,0.114033
0.105967,0.105967
0.0977714,0.0977714
0.0894597,0.0894597
0.0810455,0.0810455
0.0725425,0.0725425
0.0639645,0.0639645
0.0553254,0.0553254
0.046639,0.046639
0.0379193,0.0379193
0.0291801,0.0291801
0.0204352,0.0204352
0.0116985,0.0116985
0.00298364,0.00298364
-0.00569571,-0.00569571
-0.0143261,-0.0143261
-0.0228941,-0.0228941
-0.0313865,-0.0313865
-0.0397903,-0.0397903
-0.0480926,-0.0480926
-0.0562809,-0.0562809
-0.0643427,-0.0643427
-0.0722658,-0.0722658
-0.0800385,-0.0800385
-0.0876491,-0.0876491
-0.0950864,-0.0950864
-0.102339,-0.102339
-0.109397,-0.109397
-0.11625,-0.11625
-0.122887,-0.122887
-0.1293,-0.1293
-0.135479,-0.135479
-0.141415,-0.141415
-0.147101,-0.147101
-0.152527,-0.152527
-0.157687,-0.157687
-0.162574,-0.162574
-0.167181,-0.167181
-0.171501,-0.171501
-0.175531,-0.175531
-0.179263,-0.179263
-0.182693,-0.182693
-0.185818,-0.185818
-0.188634,-0.188634
-0.191137,-0.191137
-0.193325,-0.193325
-0.195195,-0.195195
-0.196746,-0.196746
-0.197977,-0.197977
-0.198887,-0.198887
-0.199475,-0.199475
-0.199743,-0.199743
-0.199691,-0.199691
-0.19932,-0.19932
-0.198633,-0.198633
-0.197631,-0.197631
-0.196317,-0.196317
-0.194695,-0.194695
-0.192768,-0.192768
-0.190541,-0.190541
-0.188018,-0.188018
-0.185204,-0.185204
-0.182106,-0.182106
-0.178728,-0.178728
-0.175077,-0.175077
-0.171161,-0.171161
-0.166986,-0.166986
-0.162559,-0.162559
-0.15789,-0.15789
-0.152985,-0.152985
-0.147855,-0.147855
-0.142507,-0.142507
-0.13695,-0.13695
-0.131196,-0.131196
-0.125252,-0.125252
-0.11913,-0.11913
-0.11284,-0.11284
-0.106392,-0.106392
-0.0997973,-0.0997973
-0.0930665,-0.0930665
-0.0862109,-0.0862109
-0.0792418,-0.0792418
-0.0721707,-0.0721707
-0.0650091,-0.0650091
-0.0577686,-0.0577686
-0.0504611,-0.0504611
-0.0430983,-0.0430983
-0.0356922,-0.0356922
-0.0282545,-0.0282545
-0.0207972,-0.0207972
-0.0133322,-0.0133322
-0.00587136,-0.00587136
0.00157354,0.00157354
0.00899073,0.00899073
0.0163685,0.0163685
0.0236954,0.0236954
0.0309599,0.0309599
0.0381507,0.0381507
0.0452566,0.0452566
0.0522667,0.0522667
0.0591701,0.0591701
0.0659562,0.0659562
0.0726148,0.0726148
0.0791355,0.0791355
0.0855086,0.0855086
0.0917244,0.0917244
0.0977736,0.0977736
0.103647,0.103647
0.109336,0.109336
0.114832,0.114832
0.120127,0.120127
0.125213,0.125213
0.130084,0.130084
0.13473,0.13473
0.139148,0.139148
0.143328,0.143328
0.147267,0.147267
0.150958,0.150958
0.154397,0.154397
0.157578,0.157578
0.160498,0.160498
0.163152,0.163152
0.165538,0.165538
0.167652,0.167652
0.169491,0.169491
0.171055,0.171055
0.17234,0.17234
0.173346,0.173346
0.174072,0.174072
0.174518,0.174518
0.174683,0.174683
0.174569,0.174569
0.174177,0.174177
0.173508,0.173508
0.172563,0.172563
0.171346,0.171346
0.169858,0.169858
0.168104,0.168104
0.166086,0.166086
0.163808,0.163808
0.161276,0.161276
0.158493,0.158493
0.155466,0.155466
0.152198,0.152198
0.148697,0.148697
0.144969,0.144969
0.14102,0.14102
0.136856,0.136856
0.132486,0.132486
0.127917,0.127917
0.123156,0.123156
0.118212,0.118212
0.113093,0.113093
0.107808,0.107808
0.102366,0.102366
0.096775,0.096775
0.0910452,0.0910452
0.0851858,0.0851858
0.0792066,0.0792066
0.0731174,0.0731174
0.0669282,0.0669282
0.0606491,0.0606491
0.0542903,0.0542903
0.0478622,0.0478622
0.0413752,0.0413752
0.0348397,0.0348397
0.0282663,0.0282663
0.0216656,0.0216656
0.015048,0.015048
0.00842421,0.00842421
0.00180474,0.00180474
-0.00479989,-0.00479989
-0.0113792,-0.0113792
-0.0179228,-0.0179228
-0.0244204,-0.0244204
-0.0308618,-0.0308618
-0.0372369,-0.0372369
-0.0435356,-0.0435356
-0.0497483,-0.0497483
-0.0558652,-0.0558652
-0.0618768,-0.0618768
-0.0677739,-0.0677739
-0.0735474,-0.0735474
-0.0791884,-0.0791884
-0.0846882,-0.0846882
-0.0900386,-0.0900386
-0.0952313,-0.0952313
-0.100259,-0.100259
-0.105113,-0.105113
-0.109787,-0.109787
-0.114273,-0.114273
-0.118566,-0.118566
-0.122658,-0.122658
-0.126544,-0.126544
-0.130218,-0.130218
-0.133674,-0.133674
-0.136909,-0.136909
-0.139916,-0.139916
-0.142693,-0.142693
-0.145234,-0.145234
-0.147537,-0.147537
-0.149599,-0.149599
-0.151417,-0.151417
-0.152988,-0.152988
-0.154311,-0.154311
-0.155384,-0.155384
-0.156206,-0.156206
-0.156776,-0.156776
-0.157095,-0.157095
-0.157162,-0.157162
-0.156978,-0.156978
-0.156543,-0.156543
-0.155859,-0.155859
-0.154928,-0.154928
-0.153751,-0.153751
-0.152332,-0.152332
-0.150672,-0.150672
-0.148776,-0.148776
-0.146646,-0.146646
-0.144288,-0.144288
-0.141704,-0.141704
-0.1389,-0.1389
-0.13588,-0.13588
-0.132651,-0.132651
-0.129217,-0.129217
-0.125585,-0.125585
-0.12176,-0.12176
-0.11775,-0.11775
-0.113561,-0.113561
-0.109201,-0.109201
-0.104676,-0.104676
-0.0999935,-0.0999935
-0.0951626,-0.0951626
-0.0901906,-0.0901906
-0.085086,-0.085086
-0.079857,-0.079857
-0.0745124,-0.0745124
-0.0690608,-0.0690608
-0.0635113,-0.0635113
-0.0578728,-0.0578728
-0.0521547,-0.0521547
-0.046366,-0.046366
-0.0405163,-0.0405163
-0.034615,-0.034615
-0.0286716,-0.0286716
-0.0226956,-0.0226956
-0.0166967,-0.0166967
-0.0106845,-0.0106845
-0.00466855,-0.00466855
0.00134155,0.00134155
0.00733621,0.00733621
0.0133059,0.0133059
0.0192413,0.0192413
0.0251328,0.0251328
0.0309713,0.0309713
0.0367475,0.0367475
0.0424524,0.0424524
0.048077,0.048077
0.0536126,0.0536126
0.0590506,0.0590506
0.0643824,0.0643824
0.0695998,0.0695998
0.0746947,0.0746947
0.0796594,0.0796594
0.084486,0.084486
0.0891674,0.0891674
0.0936963,0.0936963
0.0980657,0.0980657
0.102269,0.102269
0.1063,0.1063
0.110153,0.110153
0.113822,0.113822
0.117301,0.117301
0.120585,0.120585
0.123669,0.123669
0.12655,0.12655
0.129222,0.129222
0.131682,0.131682
0.133926,0.133926
0.135952,0.135952
0.137757,0.137757
0.139337,0.139337
0.140692,0.140692
0.141819,0.141819
0.142717,0.142717
0.143385,0.143385
0.143822,0.143822
0.144029,0.144029
0.144005,0.144005
0.143751,0.143751
0.143268,0.143268
0.142557,0.142557
0.141619,0.141619
0.140457,0.140457
0.139073,0.139073
0.13747,0.13747
0.135649,0.135649
0.133616,0.133616
0.131374,0.131374
0.128925,0.128925
0.126276,0.126276
0.12343,0.12343
0.120392,0.120392
0.117169,0.117169
0.113764,0.113764
0.110184,0.110184
0.106435,0.106435
0.102523,0.102523
0.098455,0.098455
0.0942376,0.0942376
0.0898779,0.0898779
0.085383,0.085383
0.0807604,0.0807604
0.0760177,0.0760177
0.0711627,0.0711627
0.0662033,0.0662033
0.0611477,0.0611477
0.056004,0.056004
0.0507808,0.0507808
0.0454864,0.0454864
0.0401294,0.0401294
0.0347186,0.0347186
0.0292625,0.0292625
0.0237701,0.0237701
0.0182501,0.0182501
0.0127114,0.0127114
0.00716292,0.00716292
0.00161344,0.00161344
-0.00392817,-0.00392817
-0.00945307,-0.00945307
-0.0149525,-0.0149525
-0.0204177,-0.0204177
-0.02584,-0.02584
-0.031211,-0.031211
-0.036522,-0.036522
-0.0417648,-0.0417648
-0.0469311,-0.0469311
-0.0520127,-0.0520127
-0.0570019,-0.0570019
-0.0618908,-0.0618908
-0.0666717,-0.0666717
-0.0713372,-0.0713372
-0.0758802,-0.0758802
-0.0802935,-0.0802935
-0.0845705,-0.0845705
-0.0887044,-0.0887044
-0.0926891,-0.0926891
-0.0965183,-0.0965183
-0.100186,-0.100186
-0.103688,-0.103688
-0.107017,-0.107017
-0.110169,-0.110169
-0.113139,-0.113139
-0.115923,-0.115923
-0.118517,-0.118517
-0.120917,-0.120917
-0.123119,-0.123119
-0.125121,-0.125121
-0.126919,-0.126919
-0.12851,-0.12851
-0.129894,-0.129894
-0.131068,-0.131068
-0.13203,-0.13203
-0.132779,-0.132779
-0.133314,-0.133314
-0.133636,-0.133636
-0.133744,-0.133744
-0.133637,-0.133637
-0.133317,-0.133317
-0.132785,-0.132785
-0.132041,-0.132041
-0.131088,-0.131088
-0.129926,-0.129926
-0.128559,-0.128559
-0.126989,-0.126989
-0.125219,-0.125219
-0.123251,-0.123251
-0.12109,-0.12109
-0.118739,-0.118739
-0.116203,-0.116203
-0.113484,-0.113484
-0.11059,-0.11059
-0.107523,-0.107523
-0.10429,-0.10429
-0.100895,-0.100895
-0.0973455,-0.0973455
-0.093646,-0.093646
-0.0898031,-0.0898031
-0.0858232,-0.0858232
-0.0817128,-0.0817128
-0.0774787,-0.0774787
-0.073128,-0.073128
-0.0686676,-0.0686676
-0.064105,-0.064105
-0.0594476,-0.0594476
-0.0547029,-0.0547029
-0.0498787,-0.0498787
-0.0449829,-0.0449829
-0.0400232,-0.0400232
-0.0350079,-0.0350079
-0.0299449,-0.0299449
-0.0248425,-0.0248425
-0.0197088,-0.0197088
-0.014552,-0.014552
-0.00938054,-0.00938054
-0.00420256,-0.00420256
0.000973629,0.000973629
0.00613977,0.00613977
0.0112876,0.0112876
0.016409,0.016409
0.0214958,0.0214958
0.02654,0.02654
0.0315335,0.0315335
0.0364685,0.0364685
0.0413372,0.0413372
0.046132,0.046132
0.0508452,0.0508452
0.0554696,0.0554696
0.0599978,0.0599978
0.0644228,0.0644228
0.0687378,0.0687378
0.072936,0.072936
0.0770108,0.0770108
0.080956,0.080956
0.0847656,0.0847656
0.0884335,0.0884335
0.0919543,0.0919543
0.0953224,0.0953224
0.0985329,0.0985329
0.101581,0.101581
0.104461,0.104461
0.107171,0.107171
0.109704,0.109704
0.112058,0.112058
0.11423,0.11423
0.116215,0.116215
0.118012,0.118012
0.119617,0.119617
0.121028,0.121028
0.122243,0.122243
0.123262,0.123262
0.124082,0.124082
0.124702,0.124702
0.125121,0.125121
0.125341,0.125341
0.125359,0.125359
0.125177,0.125177
0.124795,0.124795
0.124214,0.124214
0.123436,0.123436
0.122461,0.122461
0.121293,0.121293
0.119932,0.119932
0.118381,0.118381
0.116644,0.116644
0.114723,0.114723
0.112621,0.112621
0.110342,0.110342
0.107891,0.107891
0.105271,0.105271
0.102486,0.102486
0.0995417,0.0995417
0.0964428,0.0964428
0.0931943,0.0931943
0.0898018,0.0898018
0.0862707,0.0862707
0.0826071,0.0826071
0.0788168,0.0788168
0.0749063,0.0749063
0.0708818,0.0708818
0.06675,0.06675
0.0625176,0.0625176
0.0581915,0.0581915
0.0537788,0.0537788
0.0492867,0.0492867
0.0447224,0.0447224
0.0400933,0.0400933
0.035407,0.035407
0.030671,0.030671
0.0258928,0.0258928
0.0210803,0.0210803
0.0162411,0.0162411
0.0113831,0.0113831
0.00651387,0.00651387
0.00164137,0.00164137
-0.00322667,-0.00322667
-0.00808248,-0.00808248
-0.0129183,-0.0129183
-0.0177265,-0.0177265
-0.0224994,-0.0224994
-0.0272295,-0.0272295
-0.0319091,-0.0319091
-0.0365311,-0.0365311
-0.041088,-0.041088
-0.0455726,-0.0455726
-0.049978,-0.049978
-0.0542972,-0.0542972
-0.0585234,-0.0585234
-0.06265,-0.06265
-0.0666706,-0.0666706
-0.0705788,-0.0705788
-0.0743687,-0.0743687
-0.0780343,-0.0780343
-0.0815699,-0.0815699
-0.0849702,-0.0849702
-0.0882298,-0.0882298
-0.0913438,-0.0913438
-0.0943073,-0.0943073
-0.0971159,-0.0971159
-0.0997653,-0.0997653
-0.102251,-0.102251
-0.104571,-0.104571
-0.10672,-0.10672
-0.108695,-0.108695
-0.110493,-0.110493
-0.112113,-0.112113
-0.113551,-0.113551
-0.114806,-0.114806
-0.115875,-0.115875
-0.116757,-0.116757
-0.117452,-0.117452
-0.117958,-0.117958
-0.118274,-0.118274
-0.118402,-0.118402
-0.118339,-0.118339
-0.118088,-0.118088
-0.117648,-0.117648
-0.11702,-0.11702
-0.116207,-0.116207
-0.115209,-0.115209
-0.114027,-0.114027
-0.112666,-0.112666
-0.111126,-0.111126
-0.10941,-0.10941
-0.107522,-0.107522
-0.105464,-0.105464
-0.103241,-0.103241
-0.100856,-0.100856
-0.0983123,-0.0983123
-0.0956151,-0.0956151
-0.0927688,-0.0927688
-0.0897779,-0.0897779
-0.0866475,-0.0866475
-0.0833828,-0.0833828
-0.0799892,-0.0799892
-0.0764723,-0.0764723
-0.0728377,-0.0728377
-0.0690916,-0.0690916
-0.06524,-0.06524
-0.0612893,-0.0612893
-0.0572458,-0.0572458
-0.0531161,-0.0531161
-0.0489071,-0.0489071
-0.0446253,-0.0446253
-0.0402779,-0.0402779
-0.0358719,-0.0358719
-0.0314143,-0.0314143
-0.0269124,-0.0269124
-0.0223733,-0.0223733
-0.0178045,-0.0178045
-0.0132131,-0.0132131
-0.0086067,-0.0086067
-0.00399252,-0.00399252
0.000622004,0.000622004
0.00522952,0.00522952
0.00982267,0.00982267
0.0143941,0.0143941
0.0189367,0.0189367
0.023443,0.023443
0.027906,0.027906
0.0323187,0.0323187
0.0366739,0.0366739
0.0409649,0.0409649
0.0451849,0.0451849
0.0493272,0.0493272
0.0533853,0.0533853
0.0573528,0.0573528
0.0612236,0.0612236
0.0649915,0.0649915
0.0686507,0.0686507
0.0721955,0.0721955
0.0756203,0.0756203
0.0789199,0.0789199
0.082089,0.082089
0.085123,0.085123
0.0880169,0.0880169
0.0907665,0.0907665
0.0933675,0.0933675
0.0958159,0.0958159
0.098108,0.098108
0.10024,0.10024
0.10221,0.10221
0.104013,0.104013
0.105648,0.105648
0.107112,0.107112
0.108403,0.108403
0.109519,0.109519
0.110459,0.110459
0.111221,0.111221
0.111804,0.111804
0.112207,0.112207
0.112431,0.112431
0.112474,0.112474
0.112338,0.112338
0.112022,0.112022
0.111528,0.111528
0.110856,0.110856
0.110007,0.110007
0.108984,0.108984
0.107788,0.107788
0.10642,0.10642
0.104885,0.104885
0.103183,0.103183
0.101319,0.101319
0.0992948,0.0992948
0.0971145,0.0971145
0.0947816,0.0947816
0.0923,0.0923
0.0896739,0.0896739
0.0869075,0.0869075
0.0840056,0.0840056
0.080973,0.080973
0.0778145,0.0778145
0.0745355,0.0745355
0.0711412,0.0711412
0.0676374,0.0676374
0.0640296,0.0640296
0.0603238,0.0603238
0.0565261,0.0565261
0.0526425,0.0526425
0.0486794,0.0486794
0.0446433,0.0446433
0.0405406,0.0405406
0.0363781,0.0363781
0.0321624,0.0321624
0.0279002,0.0279002
0.0235986,0.0235986
0.0192644,0.0192644
0.0149045,0.0149045
0.010526,0.010526
0.00613589,0.00613589
0.00174117,0.00174117
-0.00265111,-0.00265111
-0.00703395,-0.00703395
-0.0114004,-0.0114004
-0.0157434,-0.0157434
-0.0200561,-0.0200561
-0.0243316,-0.0243316
-0.0285632,-0.0285632
-0.0327442,-0.0327442
-0.0368678,-0.0368678
-0.0409277,-0.0409277
-0.0449174,-0.0449174
-0.0488306,-0.0488306
-0.0526611,-0.0526611
-0.0564029,-0.0564029
-0.0600502,-0.0600502
-0.0635972,-0.0635972
-0.0670384,-0.0670384
-0.0703683,-0.0703683
-0.0735819,-0.0735819
-0.0766741,-0.0766741
-0.0796401,-0.0796401
-0.0824753,-0.0824753
-0.0851753,-0.0851753
-0.087736,-0.087736
-0.0901535,-0.0901535
-0.0924239,-0.0924239
-0.094544,-0.094544
-0.0965105,-0.0965105
-0.0983203,-0.0983203
-0.0999709,-0.0999709
-0.10146,-0.10146
-0.102784,-0.102784
-0.103943,-0.103943
-0.104935,-0.104935
-0.105757,-0.105757
-0.106409,-0.106409
-0.106891,-0.106891
-0.107201,-0.107201
-0.107339,-0.107339
-0.107305,-0.107305
-0.1071,-0.1071
-0.106723,-0.106723
-0.106177,-0.106177
-0.105461,-0.105461
-0.104577,-0.104577
-0.103527,-0.103527
-0.102313,-0.102313
-0.100936,-0.100936
-0.0993994,-0.0993994
-0.0977054,-0.0977054
-0.095857,-0.095857
-0.0938574,-0.0938574
-0.0917098,-0.0917098
-0.0894179,-0.0894179
-0.0869855,-0.0869855
-0.0844166,-0.0844166
-0.0817155,-0.0817155
-0.0788866,-0.0788866
-0.0759346,-0.0759346
-0.0728644,-0.0728644
-0.0696809,-0.0696809
-0.0663894,-0.0663894
-0.0629952,-0.0629952
-0.059504,-0.059504
-0.0559213,-0.0559213
-0.052253,-0.052253
-0.048505,-0.048505
-0.0446834,-0.0446834
-0.0407944,-0.0407944
-0.0368443,-0.0368443
-0.0328394,-0.0328394
-0.0287862,-0.0287862
-0.0246913,-0.0246913
-0.0205611,-0.0205611
-0.0164023,-0.0164023
-0.0122217,-0.0122217
-0.00802578,-0.00802578
-0.00382141,-0.00382141
0.000384742,0.000384742
0.00458596,0.00458596
0.00877554,0.00877554
0.0129468,0.0129468
0.0170931,0.0170931
0.0212079,0.0212079
0.0252847,0.0252847
0.0293169,0.0293169
0.0332982,0.0332982
0.0372223,0.0372223
0.041083,0.041083
0.0448742,0.0448742
0.0485899,0.0485899
0.0522243,0.0522243
0.0557717,0.0557717
0.0592265,0.0592265
0.0625834,0.0625834
0.065837,0.065837
0.0689823,0.0689823
0.0720144,0.0720144
0.0749285,0.0749285
0.0777203,0.0777203
0.0803853,0.0803853
0.0829194,0.0829194
0.0853188,0.0853188
0.0875798,0.0875798
0.0896989,0.0896989
0.0916729,0.0916729
0.0934988,0.0934988
0.0951739,0.0951739
0.0966957,0.0966957
0.098062,0.098062
0.0992707,0.0992707
0.10032,0.10032
0.101209,0.101209
0.101935,0.101935
0.102499,0.102499
0.102899,0.102899
0.103134,0.103134
0.103206,0.103206
0.103113,0.103113
0.102856,0.102856
0.102436,0.102436
0.101854,0.101854
0.10111,0.10111
0.100207,0.100207
0.0991449,0.0991449
0.0979268,0.0979268
0.0965544,0.0965544
0.0950302,0.0950302
0.0933568,0.0933568
0.091537,0.091537
0.089574,0.089574
0.0874711,0.0874711
0.0852318,0.0852318
0.0828599,0.0828599
0.0803593,0.0803593
0.0777343,0.0777343
0.0749892,0.0749892
0.0721285,0.0721285
0.069157,0.069157
0.0660796,0.0660796
0.0629013,0.0629013
0.0596275,0.0596275
0.0562634,0.0562634
0.0528147,0.0528147
0.0492869,0.0492869
0.0456858,0.0456858
0.0420173,0.0420173
0.0382875,0.0382875
0.0345024,0.0345024
0.0306681,0.0306681
0.0267909,0.0267909
0.0228772,0.0228772
0.0189332,0.0189332
0.0149654,0.0149654
0.0109803,0.0109803
0.00698416,0.00698416
0.00298361,0.00298361
-0.0010149,-0.0010149
-0.00500492,-0.00500492
-0.00897998,-0.00897998
-0.0129337,-0.0129337
-0.0168596,-0.0168596
-0.0207514,-0.0207514
-0.0246029,-0.0246029
-0.0284078,-0.0284078
-0.03216,-0.03216
-0.0358534,-0.0358534
-0.0394821,-0.0394821
-0.0430402,-0.0430402
-0.0465221,-0.0465221
-0.0499221,-0.0499221
-0.0532348,-0.0532348
-0.0564548,-0.0564548
-0.059577,-0.059577
-0.0625963,-0.0625963
-0.065508,-0.065508
-0.0683072,-0.0683072
-0.0709896,-0.0709896
-0.0735508,-0.0735508
-0.0759867,-0.0759867
-0.0782934,-0.0782934
-0.0804673,-0.0804673
-0.0825047,-0.0825047
-0.0844024,-0.0844024
-0.0861574,-0.0861574
-0.0877668,-0.0877668
-0.0892281,-0.0892281
-0.0905389,-0.0905389
-0.0916971,-0.0916971
-0.0927007,-0.0927007
-0.0935482,-0.0935482
-0.0942382,-0.0942382
-0.0947695,-0.0947695
-0.0951413,-0.0951413
-0.0953528,-0.0953528
-0.0954038,-0.0954038
-0.0952941,-0.0952941
-0.0950238,-0.0950238
-0.0945933,-0.0945933
-0.0940031,-0.0940031
-0.0932543,-0.0932543
-0.0923478,-0.0923478
-0.091285,-0.091285
-0.0900677,-0.0900677
-0.0886975,-0.0886975
-0.0871766,-0.0871766
-0.0855073,-0.0855073
-0.0836922,-0.0836922
-0.081734,-0.081734
-0.0796357,-0.0796357
-0.0774005,-0.0774005
-0.0750318,-0.0750318
-0.0725333,-0.0725333
-0.0699088,-0.0699088
-0.0671622,-0.0671622
-0.0642978,-0.0642978
-0.0613199,-0.0613199
-0.0582331,-0.0582331
-0.055042,-0.055042
-0.0517516,-0.0517516
-0.0483668,-0.0483668
-0.0448928,-0.0448928
-0.0413349,-0.0413349
-0.0376984,-0.0376984
-0.0339889,-0.0339889
-0.0302119,-0.0302119
-0.0263732,-0.0263732
-0.0224786,-0.0224786
-0.0185339,-0.0185339
-0.0145451,-0.0145451
-0.0105182,-0.0105182
-0.00645912,-0.00645912
-0.00237404,-0.00237404
0.00173097,0.00173097
0.00584978,0.00584978
0.00997626,0.00997626
0.0141043,0.0141043
0.0182278,0.0182278
0.0223406,0.0223406
0.0264368,0.0264368
0.0305102,0.0305102
0.0345549,0.0345549
0.0385651,0.0385651
0.0425349,0.0425349
0.0464584,0.0464584
0.0503302,0.0503302
0.0541446,0.0541446
0.0578961,0.0578961
0.0615794,0.0615794
0.0651893,0.0651893
0.0687208,0.0687208
0.0721688,0.0721688
0.0755286,0.0755286
0.0787956,0.0787956
0.0819652,0.0819652
0.0850333,0.0850333
0.0879956,0.0879956
0.0908482,0.0908482
0.0935874,0.0935874
0.0962096,0.0962096
0.0987115,0.0987115
0.10109,0.10109
0.103342,0.103342
0.105465,0.105465
0.107457,0.107457
0.109314,0.109314
0.111036,0.111036
0.11262,0.11262
0.114065,0.114065
0.115369,0.115369
0.116532,0.116532
0.117552,0.117552
0.118429,0.118429
0.119163,0.119163
0.119753,0.119753
0.1202,0.1202
0.120504,0.120504
0.120665,0.120665
0.120685,0.120685
0.120564,0.120564
0.120304,0.120304
0.119907,0.119907
0.119374,0.119374
0.118707,0.118707
0.117909,0.117909
0.116982,0.116982
0.115928,0.115928
0.114751,0.114751
0.113455,0.113455
0.112041,0.112041
0.110514,0.110514
0.108878,0.108878
0.107135,0.107135
0.105292,0.105292
0.103351,0.103351
0.101318,0.101318
0.099196,0.099196
0.096991,0.096991
0.0947075,0.0947075
0.0923507,0.0923507
0.0899256,0.0899256
0.0874376,0.0874376
0.0848922,0.0848922
0.0822949,0.0822949
0.0796512,0.0796512
0.0769669,0.0769669
0.0742477,0.0742477
0.0714996,0.0714996
0.0687285,0.0687285
0.0659403,0.0659403
0.063141,0.063141
0.0603366,0.0603366
0.0575334,0.0575334
0.0547372,0.0547372
0.0519541,0.0519541
0.0491903,0.0491903
0.0464518,0.0464518
0.0437447,0.0437447
0.0410748,0.0410748
0.0384481,0.0384481
0.0358706,0.0358706
0.033348,0.033348
0.0308862,0.0308862
0.0284906,0.0284906
0.026167,0.026167
0.0239208,0.0239208
0.0217573,0.0217573
0.0196819,0.0196819
0.0176995,0.0176995
0.0158153,0.0158153
0.0140339,0.0140339
0.0123602,0.0123602
0.0107987,0.0107987
0.00935364,0.00935364
0.00802933,0.00802933
0.00682974,0.00682974
0.00575873,0.00575873
0.00481992,0.00481992
0.00401677,0.00401677
0.00335251,0.00335251
0.00283019,0.00283019
0.00245263,0.00245263
0.00222244,0.00222244
0.002142,0.002142
0.00221349,0.00221349
0.00243884,0.00243884
0.00281976,0.00281976
0.00335772,0.00335772
0.00405395,0.00405395
0.00490947,0.00490947
0.00592502,0.00592502
0.00710113,0.00710113
0.00843808,0.00843808
0.00993591,0.00993591
0.0115944,0.0115944
0.0134131,0.0134131
0.0153914,0.0153914
0.0175283,0.0175283
0.0198226,0.0198226
0.022273,0.022273
0.0248777,0.0248777
0.0276351,0.0276351
0.0305428,0.0305428
0.0335987,0.0335987
0.0368002,0.0368002
0.0401445,0.0401445
0.0436286,0.0436286
0.0472493,0.0472493
0.0510034,0.0510034
0.054887,0.054887
0.0588966,0.0588966
0.063028,0.063028
0.0672772,0.0672772
0.0716399,0.0716399
0.0761114,0.0761114
0.0806872,0.0806872
0.0853624,0.0853624
0.0901321,0.0901321
0.0949911,0.0949911
0.0999343,0.0999343
0.104956,0.104956
0.110051,0.110051
0.115214,0.115214
0.120439,0.120439
0.12572,0.12572
0.131052,0.131052
0.136428,0.136428
0.141842,0.141842
0.147289,0.147289
0.152762,0.152762
0.158256,0.158256
0.163763,0.163763
0.169278,0.169278
0.174795,0.174795
0.180307,0.180307
0.185809,0.185809
0.191294,0.191294
0.196755,0.196755
0.202188,0.202188
0.207585,0.207585
0.212942,0.212942
0.218251,0.218251
0.223507,0.223507
0.228705,0.228705
0.233838,0.233838
0.238902,0.238902
0.243889,0.243889
0.248796,0.248796
0.253617,0.253617
0.258347,0.258347
0.262981,0.262981
0.267514,0.267514
0.271941,0.271941
0.276257,0.276257
0.280459,0.280459
0.284543,0.284543
0.288504,0.288504
0.292338,0.292338
0.296041,0.296041
0.299611,0.299611
0.303044,0.303044
0.306337,0.306337
0.309487,0.309487
0.312491,0.312491
0.315348,0.315348
0.318053,0.318053
0.320607,0.320607
0.323007,0.323007
0.32525,0.32525
0.327337,0.327337
0.329265,0.329265
0.331035,0.331035
0.332644,0.332644
0.334093,0.334093
0.335382,0.335382
0.33651,0.33651
0.337478,0.337478
0.338285,0.338285
0.338934,0.338934
0.339424,0.339424
0.339756,0.339756
0.339932,0.339932
0.339954,0.339954
0.339823,0.339823
0.33954,0.33954
0.339109,0.339109
0.33853,0.33853
0.337808,0.337808
0.336944,0.336944
0.335941,0.335941
0.334802,0.334802
0.33353,0.33353
0.332129,0.332129
0.330603,0.330603
0.328954,0.328954
0.327186,0.327186
0.325304,0.325304
0.323312,0.323312
0.321213,0.321213
0.319012,0.319012
0.316713,0.316713
0.31432,0.31432
0.311839,0.311839
0.309274,0.309274
0.306629,0.306629
0.303909,0.303909
0.301119,0.301119
0.298265,0.298265
0.29535,0.29535
0.29238,0.29238
0.289359,0.289359
0.286293,0.286293
0.283187,0.283187
0.280045,0.280045
0.276872,0.276872
0.273674,0.273674
0.270456,0.270456
0.267221,0.267221
0.263976,0.263976
0.260724,0.260724
0.25747,0.25747
0.254219,0.254219
0.250976,0.250976
0.247745,0.247745
0.24453,0.24453
0.241336,0.241336
0.238166,0.238166
0.235025,0.235025
0.231917,0.231917
0.228845,0.228845
0.225813,0.225813
0.222825,0.222825
0.219883,0.219883
0.216991,0.216991
0.214153,0.214153
0.211371,0.211371
0.208647,0.208647
0.205984,0.205984
0.203385,0.203385
0.200852,0.200852
0.198386,0.198386
0.19599,0.19599
0.193665,0.193665
0.191413,0.191413
0.189235,0.189235
0.187131,0.187131
0.185103,0.185103
0.183152,0.183152
0.181277,0.181277
0.179479,0.179479
0.177758,0.177758
0.176114,0.176114
0.174547,0.174547
0.173056,0.173056
0.17164,0.17164
0.170298,0.170298
0.169029,0.169029
0.167832,0.167832
0.166706,0.166706
0.165648,0.165648
0.164657,0.164657
0.16373,0.16373
0.162866,0.162866
0.162062,0.162062
0.161316,0.161316
0.160624,0.160624
0.159984,0.159984
0.159393,0.159393
0.158848,0.158848
0.158345,0.158345
0.15788,0.15788
0.157452,0.157452
0.157054,0.157054
0.156685,0.156685
0.15634,0.15634
0.156014,0.156014
0.155705,0.155705
0.155407,0.155407
0.155116,0.155116
0.154828,0.154828
0.15454,0.15454
0.154245,0.154245
0.153941,0.153941
0.153621,0.153621
0.153283,0.153283
0.152921,0.152921
0.15253,0.15253
0.152107,0.152107
0.151646,0.151646
0.151143,0.151143
0.150594,0.150594
0.149995,0.149995
0.149339,0.149339
0.148625,0.148625
0.147846,0.147846
0.146999,0.146999
0.14608,0.14608
0.145084,0.145084
0.144008,0.144008
0.142848,0.142848
0.141599,0.141599
0.140259,0.140259
0.138824,0.138824
0.13729,0.13729
0.135654,0.135654
0.133914,0.133914
0.132065,0.132065
0.130106,0.130106
0.128033,0.128033
0.125844,0.125844
0.123538,0.123538
0.121111,0.121111
0.118562,0.118562
0.115889,0.115889
0.113091,0.113091
0.110166,0.110166
0.107113,0.107113
0.103931,0.103931
0.10062,0.10062
0.0971797,0.0971797
0.0936087,0.0936087
0.0899076,0.0899076
0.0860764,0.0860764
0.0821156,0.0821156
0.0780258,0.0780258
0.0738078,0.0738078
0.0694628,0.0694628
0.064992,0.064992
0.060397,0.060397
0.0556796,0.0556796
0.0508417,0.0508417
0.0458855,0.0458855
0.0408135,0.0408135
0.0356284,0.0356284
0.0303329,0.0303329
0.0249303,0.0249303
0.0194237,0.0194237
0.0138167,0.0138167
0.00811307,0.00811307
0.00231665,0.00231665
-0.00356841,-0.00356841
-0.00953782,-0.00953782
-0.0155871,-0.0155871
-0.0217115,-0.0217115
-0.0279062,-0.0279062
-0.0341663,-0.0341663
-0.0404864,-0.0404864
-0.0468613,-0.0468613
-0.0532854,-0.0532854
-0.0597531,-0.0597531
-0.0662587,-0.0662587
-0.0727961,-0.0727961
-0.0793595,-0.0793595
-0.0859426,-0.0859426
-0.0925391,-0.0925391
-0.0991428,-0.0991428
-0.105747,-0.105747
-0.112346,-0.112346
-0.118932,-0.118932
-0.125499,-0.125499
-0.13204,-0.13204
-0.138548,-0.138548
-0.145018,-0.145018
-0.151441,-0.151441
-0.157811,-0.157811
-0.164121,-0.164121
-0.170364,-0.170364
-0.176534,-0.176534
-0.182624,-0.182624
-0.188626,-0.188626
-0.194535,-0.194535
-0.200343,-0.200343
-0.206044,-0.206044
-0.211631,-0.211631
-0.217098,-0.217098
-0.222438,-0.222438
-0.227645,-0.227645
-0.232714,-0.232714
-0.237637,-0.237637
-0.242408,-0.242408
-0.247023,-0.247023
-0.251475,-0.251475
-0.255759,-0.255759
-0.25987,-0.25987
-0.263801,-0.263801
-0.267549,-0.267549
-0.271108,-0.271108
-0.274474,-0.274474
-0.277642,-0.277642
-0.280607,-0.280607
-0.283366,-0.283366
-0.285916,-0.285916
-0.288251,-0.288251
-0.29037,-0.29037
-0.292268,-0.292268
-0.293942,-0.293942
-0.295391,-0.295391
-0.296611,-0.296611
-0.297601,-0.297601
-0.298357,-0.298357
-0.29888,-0.29888
-0.299166,-0.299166
-0.299215,-0.299215
-0.299027,-0.299027
-0.298599,-0.298599
-0.297933,-0.297933
-0.297027,-0.297027
-0.295882,-0.295882
-0.294499,-0.294499
-0.292877,-0.292877
-0.291018,-0.291018
-0.288923,-0.288923
-0.286594,-0.286594
-0.284032,-0.284032
-0.281239,-0.281239
-0.278218,-0.278218
-0.27497,-0.27497
-0.2715,-0.2715
-0.267809,-0.267809
-0.263901,-0.263901
-0.259779,-0.259779
-0.255448,-0.255448
-0.250911,-0.250911
-0.246173,-0.246173
-0.241237,-0.241237
-0.23611,-0.23611
-0.230794,-0.230794
-0.225296,-0.225296
-0.219621,-0.219621
-0.213774,-0.213774
-0.207761,-0.207761
-0.201588,-0.201588
-0.195261,-0.195261
-0.188786,-0.188786
-0.182169,-0.182169
-0.175417,-0.175417
-0.168536,-0.168536
-0.161534,-0.161534
-0.154417,-0.154417
-0.147192,-0.147192
-0.139867,-0.139867
-0.132448,-0.132448
-0.124943,-0.124943
-0.117359,-0.117359
-0.109704,-0.109704
-0.101986,-0.101986
-0.0942108,-0.0942108
-0.0863875,-0.0863875
-0.0785233,-0.0785233
-0.070626,-0.070626
-0.0627032,-0.0627032
-0.0547626,-0.0547626
-0.046812,-0.046812
-0.038859,-0.038859
-0.0309113,-0.0309113
-0.0229764,-0.0229764
-0.0150621,-0.0150621
-0.00717587,-0.00717587
0.000674896,0.000674896
0.00848274,0.00848274
0.0162403,0.0162403
0.0239405,0.0239405
0.0315759,0.0315759
0.0391397,0.0391397
0.0466249,0.0466249
0.0540247,0.0540247
0.0613324,0.0613324
0.0685415,0.0685415
0.0756455,0.0756455
0.0826383,0.0826383
0.0895136,0.0895136
0.0962656,0.0962656
0.102889,0.102889
0.109377,0.109377
0.115725,0.115725
0.121928,0.121928
0.127981,0.127981
0.133878,0.133878
0.139616,0.139616
0.14519,0.14519
0.150596,0.150596
0.155829,0.155829
0.160886,0.160886
0.165763,0.165763
0.170458,0.170458
0.174967,0.174967
0.179287,0.179287
0.183415,0.183415
0.18735,0.18735
0.191089,0.191089
0.194629,0.194629
0.197971,0.197971
0.201111,0.201111
0.204049,0.204049
0.206785,0.206785
0.209316,0.209316
0.211643,0.211643
0.213765,0.213765
0.215683,0.215683
0.217396,0.217396
0.218906,0.218906
0.220212,0.220212
0.221316,0.221316
0.222218,0.222218
0.22292,0.22292
0.223424,0.223424
0.223732,0.223732
0.223844,0.223844
0.223764,0.223764
0.223494,0.223494
0.223035,0.223035
0.222392,0.222392
0.221567,0.221567
0.220562,0.220562
0.219382,0.219382
0.218029,0.218029
0.216507,0.216507
0.21482,0.21482
0.212971,0.212971
0.210965,0.210965
0.208805,0.208805
0.206497,0.206497
0.204043,0.204043
0.201449,0.201449
0.198719,0.198719
0.195858,0.195858
0.192871,0.192871
0.189761,0.189761
0.186535,0.186535
0.183197,0.183197
0.179752,0.179752
0.176205,0.176205
0.172561,0.172561
0.168825,0.168825
0.165002,0.165002
0.161098,0.161098
0.157118,0.157118
0.153066,0.153066
0.148948,0.148948
0.144769,0.144769
0.140534,0.140534
0.136249,0.136249
0.131917,0.131917
0.127545,0.127545
0.123138,0.123138
0.118699,0.118699
0.114235,0.114235
0.109749,0.109749
0.105247,0.105247
0.100733,0.100733
0.0962114,0.0962114
0.0916874,0.0916874
0.0871651,0.0871651
0.0826486,0.0826486
0.0781423,0.0781423
0.0736501,0.0736501
0.0691761,0.0691761
0.0647241,0.0647241
0.0602979,0.0602979
0.055901,0.055901
0.051537,0.051537
0.0472092,0.0472092
0.042921,0.042921
0.0386752,0.0386752
0.0344751,0.0344751
0.0303233,0.0303233
0.0262226,0.0262226
0.0221755,0.0221755
0.0181844,0.0181844
0.0142517,0.0142517
0.0103794,0.0103794
0.00656952,0.00656952
0.00282391,0.00282391
-0.000855735,-0.000855735
-0.00446786,-0.00446786
-0.00801104,-0.00801104
-0.011484,-0.011484
-0.0148856,-0.0148856
-0.0182149,-0.0182149
-0.021471,-0.021471
-0.0246531,-0.0246531
-0.0277607,-0.0277607
-0.0307933,-0.0307933
-0.0337506,-0.0337506
-0.0366323,-0.0366323
-0.0394384,-0.0394384
-0.0421689,-0.0421689
-0.044824,-0.044824
-0.0474039,-0.0474039
-0.0499089,-0.0499089
-0.0523396,-0.0523396
-0.0546965,-0.0546965
-0.0569803,-0.0569803
-0.0591917,-0.0591917
-0.0613316,-0.0613316
-0.0634009,-0.0634009
-0.0654007,-0.0654007
-0.0673319,-0.0673319
-0.0691958,-0.0691958
-0.0709936,-0.0709936
-0.0727265,-0.0727265
-0.0743959,-0.0743959
-0.0760032,-0.0760032
-0.0775497,-0.0775497
-0.0790369,-0.0790369
-0.0804664,-0.0804664
-0.0818396,-0.0818396
-0.0831582,-0.0831582
-0.0844236,-0.0844236
-0.0856374,-0.0856374
-0.0868012,-0.0868012
-0.0879167,-0.0879167
-0.0889854,-0.0889854
-0.0900088,-0.0900088
-0.0909886,-0.0909886
-0.0919263,-0.0919263
-0.0928234,-0.0928234
-0.0936814,-0.0936814
-0.0945019,-0.0945019
-0.0952862,-0.0952862
-0.0960357,-0.0960357
-0.0967519,-0.0967519
-0.097436,-0.097436
-0.0980893,-0.0980893
-0.098713,-0.098713
-0.0993082,-0.0993082
-0.0998761,-0.0998761
-0.100418,-0.100418
-0.100934,-0.100934
-0.101426,-0.101426
-0.101894,-0.101894
-0.102339,-0.102339
-0.102762,-0.102762
-0.103163,-0.103163
-0.103543,-0.103543
-0.103903,-0.103903
-0.104242,-0.104242
-0.104561,-0.104561
-0.10486,-0.10486
-0.105139,-0.105139
-0.105399,-0.105399
-0.105638,-0.105638
-0.105858,-0.105858
-0.106057,-0.106057
-0.106236,-0.106236
-0.106394,-0.106394
-0.10653,-0.10653
-0.106644,-0.106644
-0.106736,-0.106736
-0.106804,-0.106804
-0.106848,-0.106848
-0.106866,-0.106866
-0.106859,-0.106859
-0.106824,-0.106824
-0.106762,-0.106762
-0.106669,-0.106669
-0.106547,-0.106547
-0.106392,-0.106392
-0.106204,-0.106204
-0.105982,-0.105982
-0.105724,-0.105724
-0.105428,-0.105428
-0.105093,-0.105093
-0.104718,-0.104718
-0.104301,-0.104301
-0.10384,-0.10384
-0.103334,-0.103334
-0.10278,-0.10278
-0.102179,-0.102179
-0.101527,-0.101527
-0.100823,-0.100823
-0.100066,-0.100066
-0.0992532,-0.0992532
-0.0983839,-0.0983839
-0.0974563,-0.0974563
-0.0964686,-0.0964686
-0.0954193,-0.0954193
-0.094307,-0.094307
-0.09313,-0.09313
-0.091887,-0.091887
-0.0905767,-0.0905767
-0.0891975,-0.0891975
-0.0877482,-0.0877482
-0.0862277,-0.0862277
-0.0846348,-0.0846348
-0.0829683,-0.0829683
-0.0812274,-0.0812274
-0.079411,-0.079411
-0.0775183,-0.0775183
-0.0755487,-0.0755487
-0.0735014,-0.0735014
-0.071376,-0.071376
-0.0691719,-0.0691719
-0.0668889,-0.0668889
-0.0645268,-0.0645268
-0.0620854,-0.0620854
-0.0595648,-0.0595648
-0.056965,-0.056965
-0.0542865,-0.0542865
-0.0515295,-0.0515295
-0.0486946,-0.0486946
-0.0457825,-0.0457825
-0.0427939,-0.0427939
-0.0397297,-0.0397297
-0.0365911,-0.0365911
-0.0333793,-0.0333793
-0.0300955,-0.0300955
-0.0267413,-0.0267413
-0.0233183,-0.0233183
-0.0198283,-0.0198283
-0.0162732,-0.0162732
-0.0126551,-0.0126551
-0.00897613,-0.00897613
-0.00523866,-0.00523866
-0.00144519,-0.00144519
0.00240166,0.00240166
0.00629914,0.00629914
0.0102443,0.0102443
0.0142342,0.0142342
0.0182656,0.0182656
0.0223352,0.0223352
0.0264396,0.0264396
0.0305752,0.0305752
0.0347385,0.0347385
0.0389255,0.0389255
0.0431324,0.0431324
0.0473552,0.0473552
0.0515898,0.0515898
0.0558319,0.0558319
0.0600773,0.0600773
0.0643215,0.0643215
0.0685601,0.0685601
0.0727884,0.0727884
0.0770019,0.0770019
0.0811959,0.0811959
0.0853655,0.0853655
0.089506,0.089506
0.0936124,0.0936124
0.0976799,0.0976799
0.101703,0.101703
0.105678,0.105678
0.109599,0.109599
0.113461,0.113461
0.117258,0.117258
0.120987,0.120987
0.124642,0.124642
0.128217,0.128217
0.131709,0.131709
0.135111,0.135111
0.13842,0.13842
0.141629,0.141629
0.144735,0.144735
0.147732,0.147732
0.150616,0.150616
0.153383,0.153383
0.156026,0.156026
0.158543,0.158543
0.160929,0.160929
0.163179,0.163179
0.16529,0.16529
0.167256,0.167256
0.169075,0.169075
0.170743,0.170743
0.172256,0.172256
0.17361,0.17361
0.174802,0.174802
0.175829,0.175829
0.176689,0.176689
0.177377,0.177377
0.177892,0.177892
0.178231,0.178231
0.178391,0.178391
0.178372,0.178372
0.17817,0.17817
0.177784,0.177784
0.177213,0.177213
0.176455,0.176455
0.17551,0.17551
0.174376,0.174376
0.173053,0.173053
0.171541,0.171541
0.169839,0.169839
0.167949,0.167949
0.165869,0.165869
0.1636,0.1636
0.161144,0.161144
0.158502,0.158502
0.155674,0.155674
0.152663,0.152663
0.14947,0.14947
0.146097,0.146097
0.142547,0.142547
0.138821,0.138821
0.134924,0.134924
0.130857,0.130857
0.126625,0.126625
0.12223,0.12223
0.117676,0.117676
0.112967,0.112967
0.108108,0.108108
0.103102,0.103102
0.0979554,0.0979554
0.0926716,0.0926716
0.087256,0.087256
0.0817139,0.0817139
0.0760507,0.0760507
0.0702721,0.0702721
0.0643838,0.0643838
0.058392,0.058392
0.0523027,0.0523027
0.0461223,0.0461223
0.0398573,0.0398573
0.0335144,0.0335144
0.0271003,0.0271003
0.0206221,0.0206221
0.0140868,0.0140868
0.00750162,0.00750162
0.000873815,0.000873815
-0.00578917,-0.00578917
-0.0124798,-0.0124798
-0.0191906,-0.0191906
-0.0259137,-0.0259137
-0.0326415,-0.0326415
-0.0393662,-0.0393662
-0.04608,-0.04608
-0.0527748,-0.0527748
-0.059443,-0.059443
-0.0660764,-0.0660764
-0.0726673,-0.0726673
-0.0792076,-0.0792076
-0.0856894,-0.0856894
-0.0921049,-0.0921049
-0.0984463,-0.0984463
-0.104706,-0.104706
-0.110875,-0.110875
-0.116947,-0.116947
-0.122914,-0.122914
-0.128769,-0.128769
-0.134503,-0.134503
-0.140111,-0.140111
-0.145583,-0.145583
-0.150914,-0.150914
-0.156097,-0.156097
-0.161124,-0.161124
-0.165989,-0.165989
-0.170686,-0.170686
-0.175208,-0.175208
-0.179549,-0.179549
-0.183704,-0.183704
-0.187666,-0.187666
-0.19143,-0.19143
-0.194991,-0.194991
-0.198344,-0.198344
-0.201484,-0.201484
-0.204406,-0.204406
-0.207106,-0.207106
-0.20958,-0.20958
-0.211824,-0.211824
-0.213835,-0.213835
-0.215609,-0.215609
-0.217143,-0.217143
-0.218435,-0.218435
-0.219482,-0.219482
-0.220282,-0.220282
-0.220834,-0.220834
-0.221135,-0.221135
-0.221185,-0.221185
-0.220983,-0.220983
-0.220527,-0.220527
-0.219818,-0.219818
-0.218856,-0.218856
-0.217641,-0.217641
-0.216174,-0.216174
-0.214455,-0.214455
-0.212487,-0.212487
-0.21027,-0.21027
-0.207806,-0.207806
-0.205099,-0.205099
-0.202149,-0.202149
-0.198961,-0.198961
-0.195536,-0.195536
-0.19188,-0.19188
-0.187995,-0.187995
-0.183885,-0.183885
-0.179555,-0.179555
-0.17501,-0.17501
-0.170254,-0.170254
-0.165293,-0.165293
-0.160131,-0.160131
-0.154775,-0.154775
-0.149231,-0.149231
-0.143504,-0.143504
-0.137602,-0.137602
-0.131531,-0.131531
-0.125298,-0.125298
-0.11891,-0.11891
