0
-0.00434199
-0.00889337
-0.0136508
-0.0186104
-0.0237681
-0.0291194
-0.0346594
-0.0403828
-0.0462839
-0.0523565
-0.058594
-0.0649893
-0.0715348
-0.0782225
-0.0850437
-0.0919894
-0.0990497
-0.106214
-0.113473
-0.120813
-0.128224
-0.135691
-0.143202
-0.150743
-0.158299
-0.165853
-0.17339
-0.180893
-0.188343
-0.195722
-0.20301
-0.210186
-0.217229
-0.224116
-0.230824
-0.237329
-0.243605
-0.249626
-0.255363
-0.260789
-0.265873
-0.270585
-0.274891
-0.27876
-0.282155
-0.285042
-0.287381
-0.289136
-0.290265
-0.290728
-0.29048
-0.289477
-0.287673
-0.285021
-0.281471
-0.276972
-0.271471
-0.264914
-0.257244
-0.248404
-0.238333
-0.22697
-0.214251
-0.20011
-0.18448
-0.16729
-0.148469
-0.127942
-0.105634
-0.0814651
-0.0553556
-0.0272221
0.00302074
0.0354608
0.0701882
0.107296
0.146879
0.189035
0.233864
0.28147
0.331958
0.385437
0.442017
0.501812
0.564939
0.631519
0.701672
0.775524
0.853204
0.934843
1.02058
1.11054
1.20487
1.30372
1.40722
1.51554
1.62882
1.74721
1.87089
2
